labels 10 1 2 0 3
1 0.00240104 0.98576 0.0034601 0.00484278 0.00353579
0 0.00247028 0.00457536 0.00478838 0.981895 0.00627102
0 0.00327356 0.0128741 0.00874497 0.965122 0.0099857
1 0.00135168 0.993597 0.00246557 0.00109312 0.00149238
0 0.0023777 0.00314275 0.00473228 0.984273 0.00547473
0 0.0122757 0.00546421 0.00187098 0.97832 0.00206901
1 0.000518564 0.994789 0.00179191 0.00131199 0.00158879
2 0.00358576 0.0155163 0.923958 0.0240678 0.0328724
3 0.0122911 0.0179306 0.117487 0.35358 0.498711
1 0.00135168 0.993597 0.00246557 0.00109312 0.00149238
0 0.00241936 0.0022748 0.00568288 0.983552 0.00607079
0 0.00333414 0.00538114 0.0130411 0.970535 0.00770888
1 0.00135168 0.993597 0.00246557 0.00109312 0.00149238
0 0.0023777 0.00314275 0.00473228 0.984273 0.00547473
0 0.00297359 0.00591594 0.00642459 0.979734 0.00495158
0 0.00366328 0.0257737 0.00831975 0.954176 0.00806755
0 0.00725535 0.0106554 0.002253 0.976429 0.00340721
0 0.00353283 0.00704142 0.00277382 0.984234 0.00241803
2 0.00264595 0.0050149 0.979682 0.00980204 0.00285543
2 0.00121369 0.000698777 0.990348 0.00611355 0.00162551
1 0.00135168 0.993597 0.00246557 0.00109312 0.00149238
0 0.0023777 0.00314275 0.00473228 0.984273 0.00547473
0 0.00297359 0.00591594 0.00642459 0.979734 0.00495158
0 0.00366328 0.0257737 0.00831975 0.954176 0.00806755
1 0.00100123 0.990662 0.00426375 0.00240261 0.00167002
2 0.00459753 0.00836638 0.947015 0.0313154 0.00870539
0 0.00328436 0.00358203 0.0115891 0.976043 0.00550169
1 0.00240104 0.98576 0.0034601 0.00484278 0.00353579
0 0.00269579 0.00313075 0.00343417 0.985592 0.00514683
0 0.00301792 0.0135135 0.0105518 0.961006 0.0119109
2 0.00394201 0.0105355 0.925142 0.0242369 0.0361433
3 0.0110714 0.0180294 0.0705066 0.32693 0.573462
0 0.00746664 0.0206074 0.00331352 0.966298 0.00231401
1 0.00223682 0.993002 0.00192958 0.00127343 0.00155843
1 0.00180419 0.976944 0.00260593 0.00486982 0.0137763
3 0.00124581 0.00186815 0.00225646 0.00561725 0.989012
3 0.000980278 0.00193284 0.00102808 0.0013293 0.99473
3 0.000590307 0.00163795 0.000697358 0.000645922 0.996428
3 0.00101697 0.001793 0.00122055 0.000789413 0.99518
3 0.00255789 0.00255178 0.00379726 0.00810231 0.982991
3 0.00396062 0.0281681 0.00525764 0.0237951 0.938819
3 0.0010452 0.00244071 0.00103643 0.00199973 0.993478
3 0.000669796 0.00159627 0.000493628 0.000769239 0.996471
3 0.000770025 0.00180393 0.000667178 0.000921439 0.995837
3 0.000976571 0.00174091 0.0011193 0.000752221 0.995411
3 0.00224041 0.00210927 0.00289685 0.0063355 0.986418
1 0.00119576 0.994904 0.00157017 0.000476094 0.00185371
3 0.00184267 0.0057067 0.00476836 0.0178039 0.969878
3 0.00116404 0.00223578 0.00123123 0.00204629 0.993323
3 0.00070175 0.00163239 0.000588072 0.000798124 0.99628
3 0.000590307 0.00163795 0.000697358 0.000645922 0.996428
3 0.00101697 0.001793 0.00122055 0.000789413 0.99518
3 0.00255789 0.00255178 0.00379726 0.00810231 0.982991
0 0.00548655 0.00720114 0.00361093 0.980514 0.00318755
2 0.00316209 0.0068783 0.976544 0.0101212 0.00329479
2 0.00119856 0.00110212 0.986103 0.00984816 0.0017482
2 0.00291436 0.00516295 0.97823 0.009964 0.00372845
