labels 10 2 -3 0 1 -4
10 0.94399 0.00983807 0.00780963 0.0199855 0.00927717 0.00909962
2 0.0118844 0.926956 0.00838354 0.0293388 0.0100337 0.0134036
2 0.0098512 0.948859 0.00753011 0.016 0.00609375 0.0116658
2 0.00799321 0.963554 0.00464996 0.00755592 0.00588751 0.0103599
2 0.00826315 0.964177 0.00368421 0.00830742 0.00821668 0.00735179
2 0.0104614 0.936613 0.00830351 0.0252396 0.0103856 0.0089967
10 0.941621 0.00746604 0.0102396 0.0202299 0.00861523 0.0118286
10 0.951251 0.00781358 0.0109194 0.0191466 0.0086854 0.00218384
10 0.953503 0.0106119 0.00814443 0.019694 0.00680369 0.00124256
2 0.00979793 0.943422 0.0117876 0.0256019 0.0060889 0.00330166
2 0.00883554 0.948406 0.0109667 0.0156416 0.00605519 0.0100951
2 0.00807261 0.962373 0.00425625 0.00666541 0.00843778 0.0101953
2 0.00829133 0.964109 0.00368341 0.00832185 0.00822138 0.00737298
2 0.0105046 0.936438 0.00832639 0.0253113 0.0103967 0.00902301
10 0.937722 0.0100984 0.00846672 0.0197266 0.00977722 0.0142094
-3 0.0391704 0.0405692 0.773662 0.0862759 0.0373197 0.0230026
10 0.948542 0.011508 0.00534041 0.0169759 0.00819537 0.0094383
2 0.0098888 0.942764 0.00835567 0.0280362 0.00753696 0.00341797
2 0.00883554 0.948406 0.0109667 0.0156416 0.00605519 0.0100951
2 0.00807261 0.962373 0.00425625 0.00666541 0.00843778 0.0101953
2 0.00829133 0.964109 0.00368341 0.00832185 0.00822138 0.00737298
2 0.0105046 0.936438 0.00832639 0.0253113 0.0103967 0.00902301
2 0.0118819 0.929922 0.00836816 0.0264655 0.0100557 0.0133069
2 0.00898134 0.957855 0.00477497 0.0153197 0.00512185 0.00794738
2 0.00948643 0.958774 0.00506087 0.0100609 0.00520908 0.0114091
2 0.00799321 0.963554 0.00464996 0.00755592 0.00588751 0.0103599
2 0.00826315 0.964177 0.00368421 0.00830742 0.00821668 0.00735179
2 0.0104614 0.936613 0.00830351 0.0252396 0.0103856 0.0089967
10 0.961427 0.0106128 0.00394878 0.014388 0.00646004 0.0031631
2 0.0100477 0.944482 0.00769868 0.0279412 0.00733391 0.00249651
2 0.0102432 0.95452 0.00450999 0.015399 0.00473089 0.0105965
2 0.00822027 0.9612 0.00513702 0.00913686 0.00592249 0.0103838
2 0.00807261 0.962373 0.00425625 0.00666541 0.00843778 0.0101953
2 0.00829133 0.964109 0.00368341 0.00832185 0.00822138 0.00737298
2 0.0105046 0.936438 0.00832639 0.0253113 0.0103967 0.00902301
10 0.941621 0.00746604 0.0102396 0.0202299 0.00861523 0.0118286
10 0.951626 0.0083354 0.0100767 0.01916 0.00863909 0.00216313
10 0.953095 0.00991683 0.00920224 0.0196749 0.00685239 0.00125854
2 0.00982664 0.946535 0.0116457 0.0226154 0.0060722 0.00330459
2 0.0079677 0.957144 0.00640407 0.0132144 0.00545724 0.00981258
2 0.0082734 0.960539 0.00463681 0.00792272 0.00842133 0.0102065
2 0.00809881 0.962305 0.00425397 0.00667591 0.00844323 0.0102229
2 0.00832731 0.964001 0.00369479 0.00835215 0.00822984 0.00739532
2 0.0105046 0.936438 0.00832639 0.0253113 0.0103967 0.00902301
0 0.0471885 0.0423093 0.0301138 0.793523 0.0372517 0.0496134
10 0.961427 0.0106128 0.00394878 0.014388 0.00646004 0.0031631
2 0.0100477 0.944482 0.00769868 0.0279412 0.00733391 0.00249651
2 0.0102432 0.95452 0.00450999 0.015399 0.00473089 0.0105965
2 0.00822027 0.9612 0.00513702 0.00913686 0.00592249 0.0103838
2 0.00807261 0.962373 0.00425625 0.00666541 0.00843778 0.0101953
2 0.00829133 0.964109 0.00368341 0.00832185 0.00822138 0.00737298
2 0.0105046 0.936438 0.00832639 0.0253113 0.0103967 0.00902301
10 0.937722 0.0100984 0.00846672 0.0197266 0.00977722 0.0142094
-3 0.0382825 0.0409549 0.759979 0.0885885 0.0397008 0.0324941
10 0.933983 0.00868398 0.0116098 0.0211804 0.00976227 0.0147806
10 0.951322 0.0112162 0.00972044 0.0180733 0.00810335 0.00156512
2 0.00982664 0.946535 0.0116457 0.0226154 0.0060722 0.00330459
2 0.0079677 0.957144 0.00640407 0.0132144 0.00545724 0.00981258
2 0.0082734 0.960539 0.00463681 0.00792272 0.00842133 0.0102065
2 0.00809881 0.962305 0.00425397 0.00667591 0.00844323 0.0102229
2 0.00832731 0.964001 0.00369479 0.00835215 0.00822984 0.00739532
2 0.0105046 0.936438 0.00832639 0.0253113 0.0103967 0.00902301
2 0.0127476 0.918677 0.00881228 0.029847 0.0112115 0.0187048
2 0.00906207 0.944832 0.00762946 0.0236404 0.00691571 0.00792011
2 0.0107271 0.931759 0.00927182 0.0286309 0.0105334 0.00907761
10 0.961856 0.0106756 0.00347663 0.0144511 0.00641193 0.00312852
2 0.0100772 0.940545 0.00729905 0.0309156 0.00775693 0.00340627
2 0.0100334 0.942319 0.00767196 0.026859 0.00572504 0.00739167
2 0.0107271 0.931759 0.00927182 0.0286309 0.0105334 0.00907761
10 0.950325 0.00852484 0.00767033 0.0164693 0.00888515 0.0081252
0 0.0352065 0.0313215 0.023827 0.879978 0.0259657 0.0037013
10 0.948326 0.0120064 0.00417803 0.0203996 0.00636095 0.00872866
2 0.00916698 0.943605 0.00957685 0.0250566 0.00934232 0.00325178
2 0.00906858 0.946015 0.00907394 0.0205671 0.00796696 0.00730849
2 0.0107502 0.931695 0.00925561 0.0286633 0.0105361 0.00909971
10 0.959846 0.00947531 0.00591504 0.0136622 0.0077568 0.00334431
0 0.0475134 0.104181 0.0182482 0.794227 0.0308747 0.00495531
2 0.0120145 0.922724 0.00904108 0.0302367 0.0106418 0.0153414
2 0.00910453 0.94728 0.00661921 0.0194576 0.00984765 0.00769063
2 0.0107502 0.931695 0.00925561 0.0286633 0.0105361 0.00909971
0 0.0471885 0.0423093 0.0301138 0.793523 0.0372517 0.0496134
10 0.959154 0.0113715 0.00371458 0.0148238 0.00665695 0.00427895
2 0.00903827 0.942947 0.00731762 0.0279412 0.00953237 0.00322355
2 0.0099515 0.946596 0.0065584 0.0219627 0.0077543 0.00717738
2 0.0107502 0.931695 0.00925561 0.0286633 0.0105361 0.00909971
10 0.955667 0.00808076 0.00798523 0.0163267 0.0072894 0.00465084
10 0.955505 0.0112035 0.00409762 0.0195112 0.00771736 0.00196493
2 0.0100505 0.942941 0.00894521 0.0279486 0.00700705 0.00310783
2 0.00906858 0.946015 0.00907394 0.0205671 0.00796696 0.00730849
2 0.0107502 0.931695 0.00925561 0.0286633 0.0105361 0.00909971
0 0.0471352 0.0370397 0.0319365 0.795683 0.0382606 0.0499447
10 0.93913 0.0101416 0.00847309 0.0204645 0.00991254 0.0118784
-3 0.031695 0.0310459 0.800579 0.0815457 0.0413195 0.0138153
1 0.0175922 0.0168859 0.0144988 0.0317226 0.892582 0.0267187
0 0.0464976 0.0371805 0.0319735 0.794897 0.0382147 0.0512364
10 0.938973 0.010459 0.00841338 0.0207377 0.00976548 0.0116519
0 0.0269661 0.0317127 0.0229764 0.885532 0.0296403 0.00317214
-3 0.0445554 0.0425936 0.737748 0.0779544 0.0528791 0.0442697
1 0.0182409 0.0151593 0.0117719 0.0332921 0.889208 0.0323277
10 0.946111 0.00952982 0.0076413 0.0197513 0.00912416 0.00784277
0 0.0302082 0.0298318 0.0218164 0.8866 0.0278493 0.00369469
-3 0.044704 0.0409477 0.743724 0.0745905 0.0507913 0.0452426
1 0.0182349 0.015129 0.0117767 0.0333208 0.889223 0.0323154
10 0.946143 0.00928406 0.00776356 0.0195539 0.00928949 0.00796574
-3 0.0343674 0.0362916 0.790049 0.0823584 0.0413425 0.0155915
1 0.0185734 0.0208246 0.0163886 0.0340066 0.882082 0.028125
0 0.0446454 0.0374899 0.027669 0.806111 0.0446592 0.0394255
10 0.946111 0.00952982 0.0076413 0.0197513 0.00912416 0.00784277
0 0.0302082 0.0298318 0.0218164 0.8866 0.0278493 0.00369469
-3 0.043247 0.0445822 0.753045 0.0640301 0.0502766 0.0448194
1 0.0161313 0.0127699 0.0113476 0.0316294 0.9029 0.0252214
0 0.0443195 0.0374378 0.0273895 0.80682 0.0445961 0.0394375
10 0.955058 0.00834569 0.00712811 0.0169025 0.00861042 0.00395541
0 0.0293134 0.0278376 0.0129828 0.899542 0.0265646 0.00375997
0 0.041242 0.032412 0.033527 0.819765 0.0409337 0.0321198
1 0.0180421 0.021614 0.012896 0.0333084 0.89056 0.02358
10 0.940776 0.00780705 0.0111644 0.0201426 0.0107607 0.00934882
1 0.0142375 0.0155106 0.0167122 0.0293169 0.921817 0.00240579
1 0.0146787 0.0170567 0.0150715 0.0300396 0.908384 0.0147692
0 0.0464976 0.0371805 0.0319735 0.794897 0.0382147 0.0512364
10 0.946111 0.00952982 0.0076413 0.0197513 0.00912416 0.00784277
0 0.0302082 0.0298318 0.0218164 0.8866 0.0278493 0.00369469
-3 0.0394924 0.0398102 0.736357 0.0934165 0.0474207 0.0435031
1 0.0137509 0.00704123 0.0117464 0.0290522 0.92245 0.0159591
1 0.0152323 0.0139097 0.0116453 0.030971 0.910452 0.0177892
10 0.946111 0.00952982 0.0076413 0.0197513 0.00912416 0.00784277
0 0.0307652 0.0264226 0.0212512 0.891449 0.0266512 0.00346112
-3 0.0458927 0.0432072 0.711413 0.0978258 0.0488599 0.0528016
1 0.0157767 0.0097596 0.0131372 0.0310661 0.908974 0.0212865
1 0.0136625 0.0115084 0.0113111 0.0300808 0.919358 0.0140795
0 0.0446728 0.0375403 0.0280658 0.805746 0.0446578 0.0393168
10 0.955058 0.00834569 0.00712811 0.0169025 0.00861042 0.00395541
0 0.0293134 0.0278376 0.0129828 0.899542 0.0265646 0.00375997
0 0.0385165 0.028755 0.0259499 0.836617 0.0383659 0.0317955
1 0.0135727 0.00945146 0.0130277 0.0295362 0.92266 0.0117516
1 0.0152554 0.0140863 0.0118077 0.0308409 0.910224 0.017786
10 0.955058 0.00834569 0.00712811 0.0169025 0.00861042 0.00395541
0 0.0298198 0.0245961 0.0125956 0.904118 0.0254195 0.00345138
0 0.0447312 0.0296242 0.0266712 0.822856 0.0387351 0.0373819
1 0.01549 0.0133299 0.0145396 0.0309755 0.910221 0.0154436
1 0.0136743 0.0116801 0.0114738 0.0299377 0.919158 0.014076
0 0.0446728 0.0375403 0.0280658 0.805746 0.0446578 0.0393168
10 0.940163 0.00984189 0.0082327 0.0203645 0.009749 0.0116489
0 0.0300147 0.0224034 0.030446 0.881705 0.0321725 0.00325844
1 0.0143273 0.0137127 0.0171573 0.0303379 0.911945 0.0125198
1 0.0120413 0.00659131 0.0126241 0.0286283 0.93112 0.00899452
1 0.0151462 0.0138271 0.0117042 0.030789 0.91132 0.0172139
10 0.946546 0.00709739 0.0102343 0.0194416 0.0103029 0.00637751
1 0.0145261 0.0161395 0.01525 0.028893 0.922477 0.00271418
1 0.0126658 0.0105175 0.0185898 0.0292283 0.919212 0.00978677
1 0.0136072 0.0114466 0.0113907 0.0299415 0.919992 0.0136215
0 0.0446728 0.0375403 0.0280658 0.805746 0.0446578 0.0393168
10 0.955058 0.00834569 0.00712811 0.0169025 0.00861042 0.00395541
0 0.0324858 0.032328 0.0220176 0.882171 0.0271983 0.00379917
0 0.045421 0.0422721 0.0218027 0.807428 0.0362742 0.0468017
0 0.0449609 0.0330261 0.0345168 0.804118 0.0444241 0.0389539
1 0.0134068 0.00847669 0.0124265 0.0291209 0.92539 0.0111787
1 0.0120556 0.00660881 0.0126094 0.028595 0.931129 0.00900249
1 0.0151793 0.0138624 0.0117192 0.0308084 0.911203 0.0172275
10 0.94399 0.00983807 0.00780963 0.0199855 0.00927717 0.00909962
1 0.0189382 0.0202374 0.0145357 0.0343829 0.881952 0.0299539
1 0.0145881 0.0127165 0.0137272 0.0315298 0.909083 0.0183556
1 0.0169023 0.0184965 0.0115427 0.0332348 0.89349 0.0263339
10 0.94399 0.00983807 0.00780963 0.0199855 0.00927717 0.00909962
2 0.0136725 0.9083 0.00933225 0.0292806 0.0124381 0.0269764
10 0.94399 0.00983807 0.00780963 0.0199855 0.00927717 0.00909962
10 0.938669 0.00975393 0.00992504 0.0178495 0.0110168 0.0127858
1 0.014652 0.0192042 0.016081 0.029129 0.917649 0.00328461
1 0.0163473 0.0227068 0.0145363 0.0321631 0.891711 0.0225352
10 0.94399 0.00983807 0.00780963 0.0199855 0.00927717 0.00909962
10 0.956125 0.00751456 0.00846438 0.014007 0.00980231 0.0040867
1 0.0156048 0.0187187 0.012109 0.0287499 0.921139 0.00367903
1 0.0156079 0.0145924 0.0133863 0.0309034 0.910492 0.0150178
1 0.0169023 0.0184965 0.0115427 0.0332348 0.89349 0.0263339
10 0.94399 0.00983807 0.00780963 0.0199855 0.00927717 0.00909962
10 0.956507 0.0141036 0.00306075 0.0127973 0.00691398 0.00661769
2 0.0106693 0.938321 0.00839905 0.0281941 0.0102393 0.00417712
10 0.94399 0.00983807 0.00780963 0.0199855 0.00927717 0.00909962
10 0.93413 0.0110763 0.00755006 0.0164144 0.00841901 0.0224103
10 0.951034 0.0121359 0.00728052 0.0149408 0.00895338 0.00565507
10 0.947241 0.0150634 0.00777907 0.0200088 0.00816523 0.00174259
2 0.00985789 0.941112 0.0123416 0.0221877 0.0105824 0.00391835
10 0.94399 0.00983807 0.00780963 0.0199855 0.00927717 0.00909962
10 0.94399 0.00983807 0.00780963 0.0199855 0.00927717 0.00909962
10 0.94399 0.00983807 0.00780963 0.0199855 0.00927717 0.00909962
10 0.94399 0.00983807 0.00780963 0.0199855 0.00927717 0.00909962
-4 0.033225 0.0647677 0.0493807 0.336171 0.0541546 0.462301
-4 0.0338701 0.048594 0.0461574 0.342811 0.0589387 0.469628
10 0.951409 0.00580281 0.00579738 0.0164788 0.00995167 0.0105602
1 0.0150675 0.0191489 0.012084 0.028522 0.920904 0.00427342
10 0.94399 0.00983807 0.00780963 0.0199855 0.00927717 0.00909962
10 0.94399 0.00983807 0.00780963 0.0199855 0.00927717 0.00909962
10 0.94399 0.00983807 0.00780963 0.0199855 0.00927717 0.00909962
10 0.94399 0.00983807 0.00780963 0.0199855 0.00927717 0.00909962
10 0.94399 0.00983807 0.00780963 0.0199855 0.00927717 0.00909962
10 0.94399 0.00983807 0.00780963 0.0199855 0.00927717 0.00909962
-4 0.0140436 0.056535 0.0152406 0.0290361 0.0169016 0.868243
-4 0.014939 0.0482633 0.0148177 0.0364318 0.0177263 0.867822
10 0.938723 0.0159588 0.00272463 0.00496892 0.00918998 0.0284343
1 0.0211617 0.0393552 0.0104352 0.0201229 0.88347 0.0254548
-4 0.0373182 0.119817 0.0309096 0.163133 0.0490783 0.599744
10 0.936482 0.0166549 0.00330993 0.00702076 0.00942789 0.0271046
1 0.0191264 0.0374119 0.0100264 0.0225803 0.893414 0.0174409
-4 0.0181322 0.0678418 0.0201067 0.0533384 0.0229237 0.817657
-4 0.0188718 0.0547003 0.0194747 0.0641696 0.0241374 0.818646
10 0.94302 0.0139829 0.00316341 0.00659379 0.00947379 0.0237662
1 0.0191264 0.0374119 0.0100264 0.0225803 0.893414 0.0174409
