labels 10 1 -2 0 -1 -3 3 4 -4
-2 0.02809 0.00828628 0.872544 0.0451288 0.0157876 0.00964324 0.00514042 0.00987308 0.0055066
10 0.895299 0.00542212 0.00384569 0.0378574 0.045223 0.00564559 0.00277438 0.00108164 0.00285091
1 0.00835972 0.961931 0.00147018 0.0151606 0.000345202 0.00584325 0.00130444 0.00496186 0.000623802
-2 0.0267095 0.00763444 0.889678 0.0274267 0.0204694 0.00533217 0.00600164 0.00950697 0.00724138
1 0.0149142 0.752627 0.00786308 0.0252824 0.160398 0.0161549 0.00836125 0.00284576 0.0115533
10 0.96219 0.00447957 0.00291528 0.00524817 0.0149689 0.0028772 0.00239129 0.00309009 0.00183916
-2 0.0254682 0.00899689 0.907443 0.0121598 0.01522 0.00657441 0.00712902 0.00896658 0.00804223
0 0.112935 0.039948 0.0233872 0.523574 0.192518 0.0539984 0.0143813 0.0116353 0.0276224
10 0.95529 0.00375233 0.00339935 0.00485676 0.0235578 0.00229707 0.00270421 0.00155626 0.00258574
1 0.00853233 0.957664 0.00192421 0.0156214 0.000333119 0.00696933 0.00168565 0.00657477 0.000694999
-2 0.0247029 0.0108051 0.900296 0.0220879 0.0127078 0.0106686 0.00505701 0.00879281 0.00488238
10 0.95949 0.00353332 0.00266899 0.0220618 0.00601355 0.00263296 0.00114269 0.000776163 0.00168014
1 0.00800215 0.968557 0.00108074 0.0130409 0.000305234 0.00467953 0.00107895 0.00276523 0.000490518
1 0.0099673 0.897987 0.00896039 0.0182709 0.0350782 0.00626839 0.0115029 0.00519061 0.00677429
-2 0.0252502 0.0111234 0.901182 0.0144913 0.0126606 0.0100881 0.00712623 0.00990631 0.00817198
10 0.95633 0.00367731 0.00288691 0.0213549 0.00545004 0.00643197 0.00110725 0.000916377 0.00184492
10 0.966924 0.00493644 0.00217346 0.0184694 0.000207762 0.00285171 0.00221899 0.00181294 0.000405317
1 0.00772333 0.963126 0.00228332 0.013264 0.00038467 0.00531049 0.00311834 0.00428892 0.000500409
1 0.0104673 0.858178 0.0109977 0.0222773 0.0614468 0.00690946 0.0135356 0.00892295 0.00726515
-2 0.0254682 0.00899689 0.907443 0.0121598 0.01522 0.00657441 0.00712902 0.00896658 0.00804223
0 0.112935 0.039948 0.0233872 0.523574 0.192518 0.0539984 0.0143813 0.0116353 0.0276224
10 0.980408 0.00312468 0.00286961 0.00438678 0.00230194 0.00123418 0.00237507 0.00144012 0.00185913
1 0.00788598 0.963592 0.00167771 0.013433 0.000374191 0.00503959 0.00172827 0.00574081 0.000528246
1 0.0104673 0.858178 0.0109977 0.0222773 0.0614468 0.00690946 0.0135356 0.00892295 0.00726515
10 0.982515 0.00369781 0.00299669 0.00259584 0.00273254 0.00131859 0.00131392 0.00112452 0.00170465
1 0.00937856 0.961649 0.00140517 0.0155705 0.000281837 0.00610507 0.000895865 0.00408835 0.000625598
1 0.00986265 0.926792 0.0065218 0.0161634 0.0187382 0.00459581 0.00918114 0.00270491 0.00543983
1 0.00910516 0.897785 0.00685792 0.0204031 0.0436184 0.00569233 0.00569595 0.00462483 0.00621732
-2 0.0247029 0.0108051 0.900296 0.0220879 0.0127078 0.0106686 0.00505701 0.00879281 0.00488238
10 0.95949 0.00353332 0.00266899 0.0220618 0.00601355 0.00263296 0.00114269 0.000776163 0.00168014
1 0.0078858 0.967952 0.00122368 0.0138597 0.000263673 0.00413762 0.00105045 0.00313602 0.000491318
1 0.00857548 0.906201 0.00811764 0.0184 0.031628 0.00456957 0.0125867 0.00440733 0.00551386
1 0.00920563 0.85058 0.00844095 0.0258016 0.0781676 0.00614274 0.00697916 0.00816613 0.00651586
10 0.965117 0.0036654 0.00371757 0.00268065 0.0122806 0.0064857 0.00159217 0.00166527 0.00279612
10 0.968041 0.00519695 0.00250318 0.0120837 0.000202728 0.00723835 0.00185561 0.00218068 0.00069738
-2 0.0252502 0.0111234 0.901182 0.0144913 0.0126606 0.0100881 0.00712623 0.00990631 0.00817198
10 0.954204 0.00460055 0.00303942 0.0218364 0.00567092 0.00680935 0.00116016 0.000833282 0.00184611
10 0.97939 0.00455167 0.00205031 0.00791434 0.000178256 0.00275935 0.00119151 0.00159034 0.000373856
1 0.0076679 0.964039 0.0022861 0.0140065 0.00034727 0.00547499 0.0024935 0.00315558 0.000528843
1 0.00857548 0.906201 0.00811764 0.0184 0.031628 0.00456957 0.0125867 0.00440733 0.00551386
1 0.00920563 0.85058 0.00844095 0.0258016 0.0781676 0.00614274 0.00697916 0.00816613 0.00651586
-2 0.0254682 0.00899689 0.907443 0.0121598 0.01522 0.00657441 0.00712902 0.00896658 0.00804223
0 0.0985442 0.0601535 0.0291543 0.442346 0.249691 0.0560698 0.018597 0.0127675 0.032677
10 0.983776 0.00302139 0.00280226 0.00222228 0.00133638 0.00246795 0.00110115 0.00139376 0.00187906
10 0.966601 0.00495742 0.00224197 0.01819 0.000195406 0.00312734 0.00238314 0.00188572 0.000417602
1 0.00759659 0.961841 0.00277517 0.0141179 0.000378663 0.00479545 0.00312193 0.00485101 0.000522208
1 0.00899394 0.869059 0.00989226 0.0231445 0.0556114 0.00513572 0.0146772 0.00754401 0.00594151
1 0.00663423 0.852636 0.00820333 0.0259071 0.0807278 0.00592644 0.00541179 0.00812372 0.00643011
10 0.938711 0.00444976 0.00431777 0.00639194 0.0319155 0.00390296 0.00237945 0.00199594 0.00593538
0 0.0503703 0.0322296 0.00518064 0.842798 0.00150199 0.0453168 0.00566253 0.0098876 0.007052
-2 0.0153557 0.0120914 0.862263 0.0263519 0.0331221 0.0106098 0.0237745 0.00810688 0.00832467
-1 0.00662929 0.00460609 0.00514649 0.0399668 0.921907 0.0116097 0.0028212 0.00173364 0.00557961
10 0.947912 0.00402965 0.00367042 0.00384062 0.0319233 0.00268442 0.0017159 0.00151822 0.00270569
1 0.00892386 0.959686 0.00191181 0.0139535 0.000294204 0.00819761 0.00137526 0.00488905 0.000769213
0 0.127579 0.0515469 0.0476876 0.419695 0.21123 0.039683 0.0500124 0.0260794 0.0264866
-1 0.0163606 0.00991138 0.0248544 0.150829 0.75791 0.0094472 0.0144229 0.00557406 0.0106903
-1 0.0106489 0.00464404 0.0117315 0.0447266 0.903148 0.00760446 0.00607754 0.00511055 0.00630818
10 0.938711 0.00444976 0.00431777 0.00639194 0.0319155 0.00390296 0.00237945 0.00199594 0.00593538
0 0.0513086 0.03075 0.00805995 0.835755 0.00179223 0.0449642 0.00804162 0.0110745 0.00825349
-2 0.0186509 0.0101864 0.86586 0.0295792 0.0360142 0.0103296 0.0122912 0.00882895 0.00825952
-1 0.0107346 0.00335178 0.00404879 0.0691749 0.894683 0.0076729 0.00343632 0.00117552 0.00572241
-1 0.0105205 0.00488653 0.0115181 0.0669869 0.885687 0.00384185 0.0063901 0.00399878 0.00617018
-1 0.019778 0.00481701 0.0105691 0.0428826 0.897389 0.0074113 0.00597384 0.0050224 0.00615671
-2 0.0259422 0.0112485 0.898777 0.0150007 0.018924 0.00639158 0.00676918 0.00894115 0.00800527
1 0.0270224 0.760007 0.00757019 0.0232698 0.139481 0.0200156 0.0058456 0.00324363 0.013545
10 0.970967 0.00350357 0.00270705 0.00569996 0.00584942 0.00306178 0.00158134 0.00188022 0.0047498
-3 0.0100346 0.0148933 0.00578369 0.0509852 0.000966721 0.894915 0.00815669 0.00838998 0.00587508
-2 0.00779091 0.00344686 0.92165 0.0139 0.034766 0.00374152 0.00965996 0.000847128 0.00419739
-1 0.00140644 0.00188307 0.00206932 0.019285 0.964262 0.00337828 0.00298108 0.00127759 0.00345734
-1 0.00654783 0.00328491 0.00818932 0.0394607 0.925769 0.00447378 0.00241996 0.0044691 0.00538561
10 0.979146 0.00316039 0.00304371 0.00150977 0.00483552 0.0031445 0.00135041 0.00129649 0.0025131
10 0.960223 0.00540527 0.00242509 0.0196914 0.000206623 0.00707425 0.00174801 0.00219831 0.00102795
-3 0.0110268 0.0121708 0.00560463 0.0589515 0.000762627 0.888572 0.00888804 0.00941927 0.00460424
-2 0.00843105 0.00405481 0.930603 0.0116321 0.027262 0.0046368 0.00814278 0.000660283 0.004577
-1 0.00107142 0.00140848 0.00145481 0.0229145 0.961105 0.00420318 0.00330399 0.00100606 0.00353264
-1 0.0075812 0.00407125 0.0121311 0.057958 0.897744 0.00357826 0.00603757 0.0051461 0.005753
-1 0.00759197 0.00412297 0.00971351 0.04423 0.91302 0.00681578 0.00361809 0.00491382 0.00597388
10 0.981694 0.00362542 0.00309036 0.00247673 0.00199889 0.00294444 0.00118692 0.00123608 0.0017467
10 0.983853 0.00453739 0.00189574 0.00359863 0.000136395 0.00287675 0.00132923 0.00135063 0.000422313
1 0.00782157 0.962185 0.0020298 0.0150027 0.00021249 0.00659003 0.0021993 0.00302833 0.000931007
-3 0.0209612 0.0118598 0.0108194 0.0529182 0.0312338 0.839786 0.0122988 0.00962323 0.0104998
-2 0.0112037 0.00478998 0.934012 0.0133659 0.0228799 0.00495057 0.0034051 0.000596966 0.00479617
-1 0.00207304 0.00143241 0.00144797 0.0228568 0.960291 0.00410313 0.00329912 0.00100742 0.00348863
-1 0.00672427 0.00430181 0.0114821 0.034674 0.875064 0.0495078 0.00684676 0.00584206 0.00555719
-1 0.00788548 0.00485549 0.0178244 0.0407589 0.906908 0.00720521 0.0036945 0.0049374 0.00593105
-2 0.0252502 0.0111234 0.901182 0.0144913 0.0126606 0.0100881 0.00712623 0.00990631 0.00817198
10 0.954204 0.00460055 0.00303942 0.0218364 0.00567092 0.00680935 0.00116016 0.000833282 0.00184611
10 0.984158 0.00452849 0.00186108 0.00363554 0.000169038 0.0026937 0.00123875 0.00130036 0.00041465
1 0.00786386 0.962307 0.00246225 0.0133862 0.000254127 0.00695337 0.00227098 0.00352312 0.000978778
-3 0.0366167 0.0202406 0.0157478 0.0616242 0.0303886 0.793246 0.0195078 0.0114676 0.0111604
-2 0.00861527 0.00473531 0.905405 0.0222687 0.0457207 0.00408861 0.00396868 0.000814054 0.00438406
-1 0.00143784 0.125785 0.00351171 0.0102761 0.845495 0.00282224 0.00455006 0.00162703 0.00449518
-1 0.00693375 0.00378725 0.00849564 0.0622232 0.899888 0.00595387 0.00206469 0.0047341 0.00591992
-2 0.0259422 0.0112485 0.898777 0.0150007 0.018924 0.00639158 0.00676918 0.00894115 0.00800527
1 0.0122211 0.886057 0.00751569 0.024463 0.0307885 0.0109591 0.00698098 0.00362111 0.0173938
10 0.983996 0.00369533 0.00214523 0.00142301 0.00196751 0.0028885 0.000946296 0.00106811 0.00187016
10 0.951687 0.00560156 0.00264651 0.0279553 0.00018408 0.00768447 0.00155971 0.00160217 0.00107967
-3 0.0109082 0.0125066 0.00487192 0.0614608 0.000688371 0.887107 0.00979573 0.00904906 0.00361218
-2 0.0125583 0.00622857 0.927071 0.00561772 0.0293738 0.00671081 0.00566259 0.000705524 0.00607196
-1 0.0208954 0.00390539 0.00367186 0.0249065 0.923206 0.0146349 0.0021032 0.00120442 0.00547236
-1 0.0198056 0.00462868 0.0101124 0.0503152 0.871562 0.0286153 0.00528337 0.0031433 0.00653445
-1 0.045809 0.00624338 0.0148207 0.0832923 0.820882 0.00518545 0.0122009 0.00476679 0.00679951
-1 0.00499024 0.00253162 0.00409591 0.0332101 0.93248 0.00256894 0.0111901 0.00424851 0.00468478
-1 0.00588432 0.00319289 0.00777314 0.0741303 0.888911 0.00278543 0.00617654 0.00548752 0.00565838
-1 0.00587345 0.00316902 0.00744149 0.0742484 0.889177 0.00277324 0.00618212 0.00547832 0.00565664
-1 0.00572727 0.00428227 0.00977277 0.0645338 0.893845 0.00394535 0.00641222 0.00543999 0.00604095
-1 0.00745284 0.0039462 0.00837123 0.0443394 0.915361 0.00623347 0.0035612 0.0048517 0.00588258
-2 0.0243197 0.00863415 0.911505 0.0173426 0.0139562 0.00678653 0.00492491 0.00793387 0.00459742
0 0.0648847 0.0578944 0.0254811 0.463773 0.313287 0.0229583 0.0143277 0.00858633 0.0288076
1 0.0421502 0.771049 0.00860523 0.0180921 0.126918 0.0114478 0.00559751 0.00551111 0.0106293
10 0.966148 0.00362842 0.00288202 0.00630019 0.00876548 0.00350988 0.00191801 0.00201362 0.00483446
-3 0.0100404 0.0148878 0.00577379 0.0509844 0.000965629 0.894898 0.00815274 0.00842008 0.00587667
-2 0.00988566 0.00352899 0.919378 0.0140737 0.034834 0.00356513 0.00967724 0.000846312 0.00421107
-1 0.00128799 0.00106877 0.00128797 0.0201884 0.965808 0.00274731 0.00313749 0.00121746 0.00325694
-1 0.0051063 0.00402747 0.00941479 0.0322503 0.891302 0.0350578 0.0121703 0.00535994 0.00531113
-1 0.00765593 0.00450376 0.0124638 0.0350636 0.915819 0.00667938 0.0036147 0.00848667 0.00571342
10 0.832102 0.0117177 0.0126476 0.0528548 0.0641074 0.00531969 0.00655056 0.00542558 0.00927479
1 0.00878728 0.956571 0.000853151 0.0169783 0.000134597 0.00691029 0.00112447 0.00794219 0.000699127
10 0.983088 0.0038782 0.00221431 0.00148873 0.00205265 0.00323805 0.0010442 0.00110122 0.00189437
10 0.951687 0.00560156 0.00264651 0.0279553 0.00018408 0.00768447 0.00155971 0.00160217 0.00107967
-3 0.0110264 0.0121697 0.00560028 0.0589478 0.000838732 0.888497 0.00889662 0.00941859 0.00460443
-2 0.00841569 0.00400981 0.925723 0.0116948 0.0322197 0.00459956 0.00811224 0.000655724 0.00456926
-1 0.00477367 0.00156391 0.00147507 0.0230913 0.957127 0.00405325 0.00334307 0.0010246 0.00354762
-1 0.00774743 0.00318005 0.00925194 0.0660938 0.894816 0.00250604 0.00585824 0.00520658 0.00533997
-1 0.00499089 0.00332668 0.00803045 0.0415071 0.889364 0.0349055 0.0066195 0.00578783 0.00546821
-1 0.00588325 0.00469911 0.0150572 0.0587633 0.893711 0.00433431 0.00630933 0.00539716 0.00584483
-1 0.00309894 0.00240888 0.0034953 0.0189466 0.956385 0.00531287 0.00248742 0.00361058 0.00425455
10 0.969917 0.00241191 0.00906804 0.00854582 0.00238756 0.00286691 0.00124519 0.00165852 0.00189924
10 0.922912 0.00600592 0.00153324 0.0571733 0.000260274 0.00641858 0.00266502 0.00258615 0.000445686
1 0.00836618 0.961992 0.00146077 0.0151724 0.000349398 0.00580488 0.00130091 0.00493059 0.000623211
10 0.950449 0.00408761 0.00982048 0.00977031 0.01486 0.00216399 0.00253973 0.00230689 0.00400218
1 0.00794056 0.960345 0.000689741 0.0154329 0.000114517 0.0062213 0.00086364 0.00777396 0.000618333
10 0.972494 0.00435854 0.00276352 0.00513294 0.0041669 0.00560017 0.00189414 0.00153734 0.00205233
10 0.95409 0.00548392 0.00289426 0.0240147 0.0002458 0.00711593 0.00242501 0.00310713 0.00062319
10 0.964267 0.00306304 0.00894862 0.0116235 0.00463166 0.00176012 0.00180332 0.00165253 0.00225003
0 0.0503135 0.0335182 0.00222552 0.872007 0.000919031 0.0195633 0.00625947 0.0113465 0.00384707
1 0.0232051 0.761394 0.00848272 0.023046 0.153357 0.00887604 0.00791526 0.00504341 0.00868059
10 0.947481 0.00549638 0.00344767 0.00663771 0.0244067 0.00367877 0.00329197 0.00353959 0.00202058
10 0.97073 0.00282865 0.00875578 0.00798715 0.00240314 0.00294835 0.00121312 0.00142325 0.00171007
10 0.962805 0.00486127 0.00142426 0.0239771 7.6797e-05 0.00311742 0.00125088 0.00222357 0.00026407
1 0.00801348 0.968582 0.00107526 0.0130548 0.000309 0.00464945 0.00107622 0.00274929 0.000490295
1 0.0099673 0.897987 0.00896039 0.0182709 0.0350782 0.00626839 0.0115029 0.00519061 0.00677429
10 0.970234 0.00291308 0.00877916 0.00833799 0.00415293 0.00131069 0.00131177 0.00128244 0.0016783
1 0.00761146 0.966965 0.000600035 0.0149126 0.000110141 0.00296649 0.000678297 0.00567352 0.000482259
1 0.0118988 0.928562 0.00356634 0.0143285 0.0224515 0.00679627 0.0036759 0.00325462 0.00546631
10 0.957744 0.00463498 0.00343949 0.00850424 0.0152371 0.00349926 0.00259523 0.00246505 0.00188033
10 0.970234 0.00291308 0.00877916 0.00833799 0.00415293 0.00131069 0.00131177 0.00128244 0.0016783
1 0.00777291 0.964793 0.000623768 0.0169136 0.000135478 0.0042295 0.000559299 0.00455732 0.000415361
1 0.0112622 0.932928 0.00381137 0.0179048 0.0176159 0.00247968 0.00386111 0.0032979 0.00683919
1 0.0102177 0.90241 0.00651739 0.01994 0.035128 0.00801784 0.00735631 0.00518483 0.00522825
10 0.93884 0.00484002 0.00429702 0.0106673 0.0284377 0.00369059 0.00311483 0.0040497 0.00206261
10 0.970234 0.00291308 0.00877916 0.00833799 0.00415293 0.00131069 0.00131177 0.00128244 0.0016783
1 0.00775959 0.963744 0.000488153 0.0191269 0.000111081 0.00396199 0.000551958 0.00387077 0.000385792
1 0.0143651 0.928988 0.00339822 0.0187593 0.0182035 0.00278416 0.00245621 0.00329328 0.00775262
1 0.0105914 0.931774 0.00596488 0.0174246 0.0117986 0.00541993 0.00633409 0.0041024 0.00659059
10 0.958309 0.00447891 0.00349374 0.0116212 0.00876866 0.00597044 0.00329669 0.00244264 0.0016187
10 0.951953 0.00558859 0.00307135 0.0241918 0.000287176 0.00713565 0.0024204 0.00472684 0.000625636
10 0.964267 0.00306304 0.00894862 0.0116235 0.00463166 0.00176012 0.00180332 0.00165253 0.00225003
0 0.0510519 0.026984 0.00197465 0.885883 0.000727773 0.0181695 0.00478172 0.00722812 0.00319937
1 0.0412481 0.769311 0.0102343 0.0437256 0.103555 0.00715873 0.00637846 0.00601422 0.0123751
1 0.0107274 0.930084 0.00506517 0.0180038 0.0165577 0.00293289 0.00549777 0.00411214 0.00701944
1 0.0116659 0.908897 0.00767137 0.0196023 0.0240463 0.00556375 0.00900305 0.00683595 0.00671424
10 0.950159 0.00433984 0.00387831 0.0125281 0.0142461 0.00581069 0.00362298 0.00372464 0.00169027
10 0.951815 0.00558612 0.00306364 0.0243025 0.00035167 0.00714964 0.00241364 0.00469146 0.000626393
10 0.959252 0.00350165 0.00917153 0.00847614 0.00630767 0.00461749 0.00227547 0.00244621 0.00395203
10 0.958135 0.00521354 0.00143603 0.0241473 5.44789e-05 0.00747095 0.00109839 0.00211965 0.000324369
10 0.984161 0.004529 0.00186601 0.00366132 0.000175979 0.00269794 0.00120063 0.00129331 0.00041449
1 0.00786386 0.962307 0.00246225 0.0133862 0.000254127 0.00695337 0.00227098 0.00352312 0.000978778
-3 0.0366167 0.0202406 0.0157478 0.0616242 0.0303886 0.793246 0.0195078 0.0114676 0.0111604
-2 0.00861527 0.00473531 0.905405 0.0222687 0.0457207 0.00408861 0.00396868 0.000814054 0.00438406
-1 0.00143784 0.125785 0.00351171 0.0102761 0.845495 0.00282224 0.00455006 0.00162703 0.00449518
-1 0.00693375 0.00378725 0.00849564 0.0622232 0.899888 0.00595387 0.00206469 0.0047341 0.00591992
10 0.950449 0.00408761 0.00982048 0.00977031 0.01486 0.00216399 0.00253973 0.00230689 0.00400218
1 0.00784939 0.9603 0.000544639 0.0173018 8.82395e-05 0.00585119 0.000868069 0.00663938 0.000557551
10 0.98398 0.00372575 0.0021488 0.00142892 0.00196734 0.00289583 0.000920158 0.00106291 0.00186985
10 0.951687 0.00560156 0.00264651 0.0279553 0.00018408 0.00768447 0.00155971 0.00160217 0.00107967
-3 0.0109082 0.0125066 0.00487192 0.0614608 0.000688371 0.887107 0.00979573 0.00904906 0.00361218
-2 0.0125583 0.00622857 0.927071 0.00561772 0.0293738 0.00671081 0.00566259 0.000705524 0.00607196
-1 0.0208954 0.00390539 0.00367186 0.0249065 0.923206 0.0146349 0.0021032 0.00120442 0.00547236
-1 0.0198056 0.00462868 0.0101124 0.0503152 0.871562 0.0286153 0.00528337 0.0031433 0.00653445
-1 0.045809 0.00624338 0.0148207 0.0832923 0.820882 0.00518545 0.0122009 0.00476679 0.00679951
-1 0.00499024 0.00253162 0.00409591 0.0332101 0.93248 0.00256894 0.0111901 0.00424851 0.00468478
-1 0.00588432 0.00319289 0.00777314 0.0741303 0.888911 0.00278543 0.00617654 0.00548752 0.00565838
-1 0.00587345 0.00316902 0.00744149 0.0742484 0.889177 0.00277324 0.00618212 0.00547832 0.00565664
-1 0.00572727 0.00428227 0.00977277 0.0645338 0.893845 0.00394535 0.00641222 0.00543999 0.00604095
-1 0.00745284 0.0039462 0.00837123 0.0443394 0.915361 0.00623347 0.0035612 0.0048517 0.00588258
-4 0.0996567 0.0558207 0.0390685 0.307141 0.0877906 0.0463396 0.030229 0.025786 0.308168
-2 0.0123433 0.00279924 0.929967 0.00487597 0.036616 0.00488873 0.00323495 0.000317532 0.0049568
10 0.969173 0.00343041 0.00302266 0.0102366 0.00376234 0.0048614 0.00205135 0.00146796 0.00199463
-4 0.111696 0.0741763 0.0510737 0.12717 0.137249 0.0410371 0.034126 0.0297969 0.393675
-4 0.0147746 0.0111515 0.0234822 0.0572018 0.0526777 0.0126663 0.00971677 0.00401394 0.814315
-4 0.045946 0.0309212 0.0350152 0.164397 0.0953037 0.0258312 0.0282889 0.00796186 0.566335
-2 0.02444 0.0024055 0.92614 0.00640735 0.0277962 0.00390517 0.00393153 0.000435883 0.00453808
10 0.966471 0.00339566 0.00319755 0.0102775 0.00565176 0.00477944 0.00207368 0.0021406 0.00201236
-4 0.0078449 0.00665516 0.0155521 0.00935354 0.0500503 0.0174754 0.00498623 0.00874244 0.87934
-4 0.00763255 0.00502189 0.0174305 0.00904972 0.047211 0.01737 0.0043924 0.00218466 0.889707
-2 0.0164066 0.00259232 0.938109 0.00241927 0.0247137 0.00524291 0.00288559 0.000231317 0.00739957
10 0.946013 0.00272177 0.00350086 0.00108787 0.0323405 0.00568541 0.000996561 0.000501753 0.00715261
-4 0.0213636 0.0156161 0.0210292 0.0142642 0.0544908 0.0201924 0.00829348 0.0118555 0.832895
-4 0.00321889 0.00258796 0.0164694 0.00474546 0.0468908 0.00982589 0.00208227 0.00133244 0.912847
-4 0.0111545 0.00565788 0.0200586 0.0119938 0.0491376 0.0166834 0.00647209 0.00236484 0.876477
-2 0.0128363 0.0020711 0.933576 0.00292103 0.0347733 0.00410082 0.00336778 0.000268178 0.00608527
10 0.920686 0.00268825 0.00360932 0.00121404 0.057654 0.00550544 0.00098369 0.000680641 0.00697822
10 0.944041 0.00413472 0.00423284 0.00411229 0.0320168 0.00375175 0.00233623 0.00191749 0.0034566
-2 0.0134042 0.00715024 0.911368 0.00389231 0.0367323 0.00820349 0.00400537 0.00676026 0.00848366
-1 0.00893731 0.00526686 0.00298514 0.00968052 0.948073 0.0160369 0.000985527 0.000551781 0.007483
10 0.944041 0.00413472 0.00423284 0.00411229 0.0320168 0.00375175 0.00233623 0.00191749 0.0034566
-2 0.0249702 0.00597144 0.896394 0.0131517 0.0351079 0.00592847 0.0035162 0.00707452 0.00788599
-1 0.006037 0.00491679 0.0016533 0.013785 0.963152 0.00389593 0.000713115 0.000387631 0.00545968
-1 0.00164297 0.0318713 0.00255919 0.00268668 0.948964 0.00233316 0.000842064 0.0013387 0.00776239
10 0.944041 0.00413472 0.00423284 0.00411229 0.0320168 0.00375175 0.00233623 0.00191749 0.0034566
-3 0.0156338 0.0057439 0.0155905 0.0150722 0.180949 0.72021 0.0075915 0.0033681 0.0358417
-2 0.0110927 0.00688517 0.920748 0.00264557 0.0328887 0.00882375 0.00371151 0.000599627 0.0126054
-1 0.00160034 0.000787531 0.00094017 0.00129171 0.984517 0.00496492 0.00057172 0.0003936 0.00493345
10 0.944041 0.00413472 0.00423284 0.00411229 0.0320168 0.00375175 0.00233623 0.00191749 0.0034566
1 0.0128166 0.765095 0.00830345 0.0142602 0.169143 0.00662061 0.0049562 0.00405148 0.0147539
1 0.0122015 0.911288 0.00522575 0.0128849 0.0320831 0.0073012 0.0040373 0.00360992 0.0113682
10 0.944041 0.00413472 0.00423284 0.00411229 0.0320168 0.00375175 0.00233623 0.00191749 0.0034566
10 0.925098 0.00439248 0.00348173 0.00395785 0.0530534 0.00289701 0.00160623 0.00137819 0.00413501
1 0.0109913 0.95747 0.00166339 0.0143284 0.000312068 0.00919989 0.0012858 0.00370402 0.00104461
10 0.944041 0.00413472 0.00423284 0.00411229 0.0320168 0.00375175 0.00233623 0.00191749 0.0034566
10 0.981878 0.00298604 0.00263443 0.00206772 0.00391789 0.00130519 0.00123087 0.00113488 0.0028451
1 0.00946656 0.964317 0.0013962 0.0123576 0.000408769 0.00673094 0.00130059 0.00323559 0.000787088
1 0.0112226 0.885464 0.00898427 0.0171939 0.0426496 0.00736983 0.0111235 0.00517633 0.0108156
10 0.944041 0.00413472 0.00423284 0.00411229 0.0320168 0.00375175 0.00233623 0.00191749 0.0034566
10 0.981261 0.00371527 0.00276707 0.00213428 0.00405914 0.00137454 0.00116468 0.000952724 0.0025709
1 0.0118408 0.959719 0.00139084 0.0141827 0.000337483 0.00719057 0.000852071 0.00358191 0.000905058
1 0.0114447 0.916519 0.00656039 0.0157237 0.0238327 0.00551228 0.00874706 0.00274914 0.00891135
1 0.0103831 0.883616 0.00693541 0.01918 0.0529664 0.00674535 0.00548031 0.00462794 0.0100653
10 0.944041 0.00413472 0.00423284 0.00411229 0.0320168 0.00375175 0.00233623 0.00191749 0.0034566
10 0.631248 0.0109904 0.00985411 0.023491 0.302983 0.00694776 0.00389287 0.00341192 0.00718184
1 0.00979765 0.960157 0.000989228 0.0149488 0.000187503 0.00737989 0.000991422 0.00471794 0.00083026
10 0.944041 0.00413472 0.00423284 0.00411229 0.0320168 0.00375175 0.00233623 0.00191749 0.0034566
10 0.93813 0.00552922 0.00656943 0.0195472 0.0135181 0.00662126 0.00246004 0.00244526 0.00517993
10 0.982853 0.0045204 0.00156957 0.00475198 0.000126268 0.0028565 0.00111664 0.0018504 0.000355062
1 0.00941365 0.965784 0.00122801 0.0122256 0.000382922 0.0062555 0.00115204 0.00279941 0.000759168
1 0.0112226 0.885464 0.00898427 0.0171939 0.0426496 0.00736983 0.0111235 0.00517633 0.0108156
10 0.944041 0.00413472 0.00423284 0.00411229 0.0320168 0.00375175 0.00233623 0.00191749 0.0034566
10 0.981261 0.00371527 0.00276707 0.00213428 0.00405914 0.00137454 0.00116468 0.000952724 0.0025709
1 0.0140225 0.961892 0.00117646 0.0113994 0.000312275 0.00647363 0.000820387 0.00306122 0.000841791
1 0.0280498 0.764737 0.0110483 0.0389839 0.102161 0.0119804 0.0142867 0.00707686 0.0216762
-3 0.0195524 0.0131996 0.0109627 0.0549527 0.0666052 0.801093 0.0109701 0.00781487 0.0148498
-2 0.00943009 0.00504724 0.926819 0.00797744 0.0342099 0.00533377 0.0047362 0.000700203 0.00574626
-1 0.00228194 0.0019969 0.0019984 0.010251 0.97039 0.00631855 0.00147355 0.00113501 0.00415491
10 0.944041 0.00413472 0.00423284 0.00411229 0.0320168 0.00375175 0.00233623 0.00191749 0.0034566
-1 0.00627742 0.00340286 0.00931048 0.00960576 0.942334 0.0111015 0.00444602 0.00397471 0.00954698
-1 0.00275178 0.00182357 0.00683006 0.00649765 0.969218 0.00309474 0.00209298 0.00109337 0.00659814
-1 0.0024006 0.00131548 0.00416968 0.00393108 0.974863 0.00469035 0.00162154 0.00135842 0.0056502
10 0.944041 0.00413472 0.00423284 0.00411229 0.0320168 0.00375175 0.00233623 0.00191749 0.0034566
-1 0.00729647 0.00716228 0.00997659 0.00886737 0.93496 0.0138184 0.00407401 0.003853 0.00999153
-1 0.00367967 0.00212342 0.00667818 0.00486217 0.964422 0.00814198 0.00133515 0.00108206 0.00767546
10 0.944041 0.00413472 0.00423284 0.00411229 0.0320168 0.00375175 0.00233623 0.00191749 0.0034566
-1 0.00633996 0.00343342 0.00934892 0.0096238 0.941875 0.0113328 0.00445796 0.00398139 0.00960676
-1 0.00271549 0.00180647 0.00674336 0.00545979 0.970112 0.00350479 0.00207005 0.00107677 0.00651139
-1 0.00224005 0.00138636 0.00482994 0.00399943 0.973685 0.00491391 0.00164785 0.0013704 0.00592716
10 0.944041 0.00413472 0.00423284 0.00411229 0.0320168 0.00375175 0.00233623 0.00191749 0.0034566
-1 0.00660929 0.00681948 0.00947211 0.0074418 0.941003 0.0116344 0.00391612 0.003761 0.00934289
-1 0.00366903 0.00212059 0.00667346 0.00486091 0.964493 0.00813801 0.00133444 0.00108152 0.0076287
10 0.944041 0.00413472 0.00423284 0.00411229 0.0320168 0.00375175 0.00233623 0.00191749 0.0034566
-1 0.00636005 0.00335813 0.00935902 0.00963138 0.941982 0.0113077 0.0044563 0.00394387 0.00960127
-1 0.00871428 0.00395624 0.00853136 0.00712857 0.931177 0.00495113 0.0244673 0.00155245 0.00952139
-1 0.0027184 0.00146681 0.00352172 0.00363171 0.971983 0.00495832 0.0017232 0.00399044 0.00600644
10 0.944041 0.00413472 0.00423284 0.00411229 0.0320168 0.00375175 0.00233623 0.00191749 0.0034566
-1 0.00627366 0.00345569 0.00919128 0.00956952 0.942587 0.011022 0.00444066 0.00395371 0.00950631
-1 0.00539398 0.0024404 0.00880471 0.00593099 0.890096 0.06837 0.00927777 0.00131347 0.00837225
-1 0.00304972 0.00175462 0.00842871 0.0039395 0.967758 0.0051677 0.00173358 0.00227147 0.00589634
10 0.944041 0.00413472 0.00423284 0.00411229 0.0320168 0.00375175 0.00233623 0.00191749 0.0034566
-2 0.0134042 0.00715024 0.911368 0.00389231 0.0367323 0.00820349 0.00400537 0.00676026 0.00848366
-1 0.00760657 0.00229513 0.00218291 0.00969672 0.956949 0.0128069 0.000810406 0.000491006 0.00716172
-1 0.00286212 0.00155226 0.00563069 0.00572052 0.974039 0.00200102 0.000981524 0.00103879 0.00617457
-1 0.0024006 0.00131548 0.00416968 0.00393108 0.974863 0.00469035 0.00162154 0.00135842 0.0056502
10 0.944041 0.00413472 0.00423284 0.00411229 0.0320168 0.00375175 0.00233623 0.00191749 0.0034566
-2 0.0134042 0.00715024 0.911368 0.00389231 0.0367323 0.00820349 0.00400537 0.00676026 0.00848366
-1 0.0291303 0.0108033 0.00911246 0.0542879 0.850192 0.0175564 0.00404457 0.00258217 0.0222911
-1 0.00574463 0.00211855 0.00697927 0.0066677 0.962217 0.00707294 0.00120299 0.00120446 0.00679264
-1 0.0796544 0.00134406 0.0047899 0.0036962 0.896179 0.00455621 0.00158179 0.00130392 0.00689493
10 0.944041 0.00413472 0.00423284 0.00411229 0.0320168 0.00375175 0.00233623 0.00191749 0.0034566
-2 0.0131624 0.00551434 0.913266 0.00683914 0.0365838 0.00643368 0.00343225 0.0070873 0.0076808
-1 0.00696554 0.0046998 0.00217412 0.0131449 0.957711 0.00754928 0.00106835 0.000460172 0.00622716
-1 0.00199651 0.001093 0.00387174 0.00347321 0.979301 0.00276892 0.000742679 0.00129442 0.00545884
10 0.944041 0.00413472 0.00423284 0.00411229 0.0320168 0.00375175 0.00233623 0.00191749 0.0034566
-2 0.0167227 0.00728187 0.910283 0.00386889 0.0345802 0.00807055 0.00388195 0.00673723 0.00857371
-1 0.0555758 0.0107711 0.00760004 0.0544226 0.832344 0.0175655 0.00315053 0.00220005 0.0163708
-1 0.00262904 0.0012673 0.00412363 0.00492675 0.960397 0.0198207 0.00096006 0.000829404 0.00504591
-1 0.00217141 0.0368167 0.00690694 0.00311331 0.935387 0.00399812 0.00179422 0.0014622 0.00835003
10 0.944041 0.00413472 0.00423284 0.00411229 0.0320168 0.00375175 0.00233623 0.00191749 0.0034566
-2 0.01341 0.007084 0.905097 0.00390562 0.0431942 0.00814216 0.00399568 0.00673512 0.00843676
-1 0.0136108 0.00544762 0.00293156 0.00938667 0.944548 0.0149063 0.000967796 0.00055223 0.00764924
-1 0.00293507 0.000990301 0.00431165 0.00454105 0.977297 0.00191046 0.000567318 0.00100907 0.00643784
-1 0.00311714 0.00112796 0.00524965 0.00562561 0.936554 0.0374243 0.002794 0.00116154 0.00694569
-1 0.00247906 0.00156265 0.00807847 0.00543191 0.970051 0.00260122 0.0030078 0.00147292 0.00531538
-1 0.00140356 0.000625481 0.00124708 0.00155814 0.984269 0.00278734 0.00144599 0.00162257 0.0050408
10 0.944041 0.00413472 0.00423284 0.00411229 0.0320168 0.00375175 0.00233623 0.00191749 0.0034566
10 0.944041 0.00413472 0.00423284 0.00411229 0.0320168 0.00375175 0.00233623 0.00191749 0.0034566
10 0.944041 0.00413472 0.00423284 0.00411229 0.0320168 0.00375175 0.00233623 0.00191749 0.0034566
10 0.944041 0.00413472 0.00423284 0.00411229 0.0320168 0.00375175 0.00233623 0.00191749 0.0034566
10 0.944041 0.00413472 0.00423284 0.00411229 0.0320168 0.00375175 0.00233623 0.00191749 0.0034566
10 0.944041 0.00413472 0.00423284 0.00411229 0.0320168 0.00375175 0.00233623 0.00191749 0.0034566
10 0.944041 0.00413472 0.00423284 0.00411229 0.0320168 0.00375175 0.00233623 0.00191749 0.0034566
10 0.944041 0.00413472 0.00423284 0.00411229 0.0320168 0.00375175 0.00233623 0.00191749 0.0034566
10 0.944041 0.00413472 0.00423284 0.00411229 0.0320168 0.00375175 0.00233623 0.00191749 0.0034566
10 0.944041 0.00413472 0.00423284 0.00411229 0.0320168 0.00375175 0.00233623 0.00191749 0.0034566
-4 0.0213636 0.0156161 0.0210292 0.0142642 0.0544908 0.0201924 0.00829348 0.0118555 0.832895
-4 0.00321889 0.00258796 0.0164694 0.00474546 0.0468908 0.00982589 0.00208227 0.00133244 0.912847
-4 0.0111545 0.00565788 0.0200586 0.0119938 0.0491376 0.0166834 0.00647209 0.00236484 0.876477
-2 0.0128363 0.0020711 0.933576 0.00292103 0.0347733 0.00410082 0.00336778 0.000268178 0.00608527
10 0.920686 0.00268825 0.00360932 0.00121404 0.057654 0.00550544 0.00098369 0.000680641 0.00697822
10 0.944041 0.00413472 0.00423284 0.00411229 0.0320168 0.00375175 0.00233623 0.00191749 0.0034566
10 0.944041 0.00413472 0.00423284 0.00411229 0.0320168 0.00375175 0.00233623 0.00191749 0.0034566
10 0.944041 0.00413472 0.00423284 0.00411229 0.0320168 0.00375175 0.00233623 0.00191749 0.0034566
10 0.944041 0.00413472 0.00423284 0.00411229 0.0320168 0.00375175 0.00233623 0.00191749 0.0034566
-4 0.0196014 0.0167353 0.0205681 0.0285626 0.0545566 0.0281111 0.0109851 0.0141759 0.806704
-2 0.00901202 0.00254954 0.936301 0.00242318 0.0340059 0.00519396 0.00288412 0.000241196 0.00738879
10 0.946013 0.00272177 0.00350086 0.00108787 0.0323405 0.00568541 0.000996561 0.000501753 0.00715261
-4 0.0213636 0.0156161 0.0210292 0.0142642 0.0544908 0.0201924 0.00829348 0.0118555 0.832895
-4 0.00321889 0.00258796 0.0164694 0.00474546 0.0468908 0.00982589 0.00208227 0.00133244 0.912847
-4 0.0111545 0.00565788 0.0200586 0.0119938 0.0491376 0.0166834 0.00647209 0.00236484 0.876477
-2 0.0128363 0.0020711 0.933576 0.00292103 0.0347733 0.00410082 0.00336778 0.000268178 0.00608527
10 0.920686 0.00268825 0.00360932 0.00121404 0.057654 0.00550544 0.00098369 0.000680641 0.00697822
-4 0.0410317 0.0338032 0.0268111 0.0342848 0.0662205 0.0242708 0.0153661 0.0171495 0.741062
-4 0.00470622 0.00373716 0.0167555 0.0102779 0.0455676 0.00981 0.00345222 0.00182002 0.903873
-4 0.0211514 0.0109258 0.021671 0.0329932 0.0520145 0.017911 0.0117527 0.00344398 0.828136
-2 0.0197581 0.00219821 0.926601 0.0036278 0.0343147 0.00402982 0.00346194 0.000298672 0.00570991
10 0.963091 0.00288967 0.00285798 0.00143419 0.0186523 0.00494703 0.00125116 0.00103291 0.00384397
-4 0.0268161 0.0244311 0.0228304 0.043884 0.0580791 0.0309361 0.0147019 0.0167967 0.761525
-2 0.0100421 0.00261455 0.93529 0.00267245 0.0339552 0.00515694 0.002916 0.000253255 0.0070998
10 0.962933 0.00281803 0.00303633 0.00111437 0.0177927 0.00531529 0.00110496 0.000595515 0.0052902
-4 0.010011 0.00896232 0.016248 0.0138149 0.0504947 0.0177029 0.00648406 0.0103525 0.86593
-4 0.00940309 0.0067625 0.0176774 0.0136534 0.0469334 0.0176261 0.0057889 0.00257386 0.879581
-2 0.0204866 0.00265335 0.935176 0.00265554 0.0235194 0.00520226 0.00290837 0.00023804 0.00716056
10 0.962933 0.00281803 0.00303633 0.00111437 0.0177927 0.00531529 0.00110496 0.000595515 0.0052902
-2 0.0258402 0.00900655 0.909096 0.0107219 0.0152358 0.0119159 0.00488196 0.00864493 0.00465698
10 0.922827 0.00469391 0.00389814 0.0215029 0.0336088 0.0075389 0.00183977 0.00108463 0.00300582
1 0.0135027 0.769338 0.0107874 0.0187111 0.155373 0.00808208 0.00849904 0.00517405 0.0105319
-2 0.0258402 0.00900655 0.909096 0.0107219 0.0152358 0.0119159 0.00488196 0.00864493 0.00465698
10 0.922827 0.00469391 0.00389814 0.0215029 0.0336088 0.0075389 0.00183977 0.00108463 0.00300582
-1 0.073316 0.0145496 0.0205797 0.117703 0.717304 0.0222807 0.0132404 0.00912826 0.0118988
-1 0.0227877 0.00943871 0.017603 0.0872684 0.831115 0.0100667 0.00936628 0.00353205 0.00882174
-1 0.0148139 0.00618484 0.0117465 0.0526232 0.885828 0.0109452 0.00653275 0.00423643 0.00708938
10 0.72015 0.00954437 0.010755 0.0380822 0.201089 0.00660929 0.00429777 0.00383491 0.00563694
1 0.00830697 0.960825 0.0010197 0.0163139 0.000172477 0.00630391 0.00106982 0.00541236 0.000575553
-2 0.0258402 0.00900655 0.909096 0.0107219 0.0152358 0.0119159 0.00488196 0.00864493 0.00465698
10 0.922827 0.00469391 0.00389814 0.0215029 0.0336088 0.0075389 0.00183977 0.00108463 0.00300582
1 0.0135027 0.769338 0.0107874 0.0187111 0.155373 0.00808208 0.00849904 0.00517405 0.0105319
-1 0.073316 0.0145496 0.0205797 0.117703 0.717304 0.0222807 0.0132404 0.00912826 0.0118988
-1 0.0227877 0.00943871 0.017603 0.0872684 0.831115 0.0100667 0.00936628 0.00353205 0.00882174
-1 0.0148139 0.00618484 0.0117465 0.0526232 0.885828 0.0109452 0.00653275 0.00423643 0.00708938
-2 0.02809 0.00828628 0.872544 0.0451288 0.0157876 0.00964324 0.00514042 0.00987308 0.0055066
10 0.895299 0.00542212 0.00384569 0.0378574 0.045223 0.00564559 0.00277438 0.00108164 0.00285091
1 0.00835972 0.961931 0.00147018 0.0151606 0.000345202 0.00584325 0.00130444 0.00496186 0.000623802
