labels 10 1 -2 0 -3 -1 3 4 -4
-4 0.0738861 0.0363867 0.0222309 0.0275569 0.0318699 0.0449776 0.0139487 0.0118372 0.737306
-2 0.0339521 0.0101391 0.897394 0.0144397 0.00851696 0.0182064 0.00466269 0.00527501 0.00741445
10 0.974211 0.00456111 0.00138587 0.00727557 0.00406544 0.00246998 0.00173453 0.002119 0.00217721
-4 0.0807874 0.0395107 0.0207965 0.0287013 0.0202396 0.0557306 0.0133849 0.0120196 0.728829
-4 0.0437496 0.020169 0.0217591 0.0498264 0.0192946 0.0573968 0.0099751 0.0125202 0.765309
-4 0.0647589 0.0306466 0.0285481 0.0447424 0.0271065 0.0521992 0.0132395 0.0133917 0.725367
-2 0.0254642 0.00988096 0.904324 0.0136297 0.00838893 0.0179984 0.00512601 0.00711928 0.00806819
10 0.972739 0.00480839 0.00147621 0.00749771 0.00405098 0.00264254 0.00194556 0.00257996 0.00225968
10 0.967549 0.00257277 0.00291962 0.00154226 0.00290478 0.0155057 0.00229209 0.00158723 0.00312662
-3 0.0260597 0.0150195 0.0183072 0.0145917 0.838596 0.0435998 0.010429 0.00905259 0.0243442
-2 0.00770391 0.00632813 0.921331 0.0120899 0.00660264 0.0322943 0.00251179 0.00415228 0.00698576
-1 0.00110223 0.00181205 0.000808902 0.00484686 0.00367245 0.98122 0.00204024 0.00207854 0.00241901
-1 0.00183178 0.00121795 0.00348486 0.00448883 0.00133585 0.981266 0.00145324 0.00167655 0.00324526
-1 0.00163154 0.0012433 0.0037498 0.00288526 0.00180719 0.981965 0.00133495 0.00181843 0.00356469
10 0.967549 0.00257277 0.00291962 0.00154226 0.00290478 0.0155057 0.00229209 0.00158723 0.00312662
-3 0.0279627 0.0123591 0.0166378 0.0149109 0.86423 0.0254434 0.0111816 0.00878007 0.0184942
-2 0.0184361 0.00792637 0.905836 0.0284015 0.00533191 0.0206085 0.00279912 0.00482003 0.00583996
-1 0.0083282 0.00656688 0.00239414 0.0563122 0.00898679 0.909208 0.00181622 0.00291054 0.00347673
-1 0.00297366 0.0359179 0.00408984 0.0158376 0.00293826 0.929738 0.00226605 0.00201176 0.00422657
-1 0.00602714 0.00371435 0.00538609 0.0344688 0.00547025 0.93295 0.00445654 0.00343358 0.00409316
-1 0.00477444 0.00278917 0.00626423 0.0132287 0.00568306 0.957775 0.00233394 0.00303603 0.00411589
10 0.967549 0.00257277 0.00291962 0.00154226 0.00290478 0.0155057 0.00229209 0.00158723 0.00312662
1 0.0197744 0.929823 0.00883635 0.010297 0.0054601 0.0114966 0.00413117 0.00389047 0.00629129
1 0.0119851 0.945002 0.00425696 0.0139957 0.00518634 0.0114315 0.0019191 0.00251459 0.00370899
1 0.0137935 0.94614 0.00498071 0.0108446 0.00598901 0.00847056 0.00191086 0.00317003 0.00470118
10 0.967549 0.00257277 0.00291962 0.00154226 0.00290478 0.0155057 0.00229209 0.00158723 0.00312662
10 0.982537 0.00395404 0.00145744 0.00119838 0.00215639 0.00231749 0.0015207 0.00129895 0.00355914
1 0.0129378 0.94966 0.00405721 0.0118917 0.00706528 0.0055881 0.00176268 0.00280762 0.00422949
10 0.967549 0.00257277 0.00291962 0.00154226 0.00290478 0.0155057 0.00229209 0.00158723 0.00312662
10 0.98736 0.0030475 0.00131072 0.00142744 0.00109034 0.00148714 0.00145746 0.00126372 0.00155597
1 0.0130055 0.95023 0.00435434 0.0128383 0.0057934 0.00564797 0.00199084 0.00282815 0.00331147
1 0.0123627 0.937232 0.00496582 0.0166096 0.00736125 0.00912283 0.00370598 0.00360504 0.00503517
10 0.967549 0.00257277 0.00291962 0.00154226 0.00290478 0.0155057 0.00229209 0.00158723 0.00312662
10 0.893912 0.0106692 0.0110573 0.008268 0.00601099 0.0590919 0.00280483 0.00245134 0.00573399
1 0.0124829 0.944012 0.00416312 0.0134044 0.00602478 0.0103082 0.00210433 0.00318084 0.00431897
10 0.967549 0.00257277 0.00291962 0.00154226 0.00290478 0.0155057 0.00229209 0.00158723 0.00312662
10 0.909461 0.0090659 0.0114226 0.0191245 0.00354464 0.0380262 0.00305442 0.00266706 0.00363323
1 0.0123599 0.945208 0.00443823 0.0141538 0.00489726 0.00998979 0.0023674 0.00321121 0.00337447
1 0.0131012 0.944176 0.00368765 0.0110491 0.00604373 0.0123286 0.00170009 0.00345647 0.00445689
10 0.967549 0.00257277 0.00291962 0.00154226 0.00290478 0.0155057 0.00229209 0.00158723 0.00312662
10 0.98722 0.00333829 0.00130761 0.00133405 0.0011455 0.000947714 0.00136109 0.00116597 0.00218021
1 0.0171833 0.952212 0.00425987 0.0105419 0.00516079 0.00296201 0.00130967 0.00253993 0.00383038
1 0.0132655 0.90559 0.0050633 0.0405861 0.00877839 0.0127014 0.00413789 0.0030563 0.00682063
-3 0.0389656 0.0268761 0.0142591 0.0422437 0.807277 0.041472 0.00592147 0.00817183 0.0148134
-2 0.0286151 0.011025 0.890608 0.0148961 0.0073355 0.0307321 0.00445906 0.00576519 0.00656421
-1 0.0275132 0.0180028 0.0033617 0.025391 0.0114457 0.900578 0.00291932 0.00573194 0.00505675
10 0.967549 0.00257277 0.00291962 0.00154226 0.00290478 0.0155057 0.00229209 0.00158723 0.00312662
10 0.98722 0.00333829 0.00130761 0.00133405 0.0011455 0.000947714 0.00136109 0.00116597 0.00218021
1 0.01676 0.951341 0.0042189 0.014122 0.0046839 0.00112304 0.00132002 0.00261215 0.00381889
1 0.0149347 0.940956 0.00489003 0.0162337 0.00678958 0.00673946 0.00269814 0.00237112 0.00438716
1 0.0147001 0.905718 0.00562456 0.0358699 0.00699565 0.0185654 0.00352848 0.00311393 0.00588427
-3 0.0444119 0.0350054 0.0154183 0.045517 0.773048 0.0515854 0.00735337 0.0126339 0.0150266
-2 0.0332153 0.0125958 0.881419 0.0148327 0.00773473 0.0311953 0.00512034 0.00675929 0.00712721
-1 0.012461 0.0204972 0.00339335 0.0255112 0.010521 0.914174 0.00228023 0.00591664 0.00524517
10 0.967549 0.00257277 0.00291962 0.00154226 0.00290478 0.0155057 0.00229209 0.00158723 0.00312662
-1 0.0289904 0.0253891 0.015771 0.0111255 0.0118344 0.868472 0.00864018 0.00599315 0.0237847
-1 0.00561338 0.00264854 0.00658893 0.0112372 0.00720772 0.957359 0.002332 0.00204618 0.00496679
-1 0.1757 0.00173069 0.00473344 0.00300401 0.00246109 0.804608 0.0014083 0.00194944 0.00440497
10 0.967549 0.00257277 0.00291962 0.00154226 0.00290478 0.0155057 0.00229209 0.00158723 0.00312662
-1 0.0313409 0.0180843 0.0118178 0.00755646 0.0105012 0.900279 0.00523641 0.0042688 0.0109147
-1 0.00342586 0.00158466 0.00463271 0.00530315 0.00258055 0.974982 0.00126774 0.00134351 0.00487935
-1 0.00199541 0.00139693 0.0036907 0.00608944 0.00172843 0.976651 0.00239444 0.00155641 0.0044976
-1 0.00423737 0.00279776 0.0053404 0.00698738 0.0249042 0.94537 0.00307222 0.00268959 0.00460116
-1 0.00383047 0.00256813 0.00946074 0.00510418 0.00269339 0.966814 0.00176612 0.0024531 0.00531001
10 0.967549 0.00257277 0.00291962 0.00154226 0.00290478 0.0155057 0.00229209 0.00158723 0.00312662
-1 0.0254947 0.015806 0.011228 0.00680625 0.012091 0.908908 0.00514892 0.00413823 0.0103792
-1 0.00238606 0.00139546 0.00375968 0.00440796 0.00261597 0.978231 0.00109978 0.00115581 0.00494873
10 0.967549 0.00257277 0.00291962 0.00154226 0.00290478 0.0155057 0.00229209 0.00158723 0.00312662
-1 0.0247717 0.0171213 0.0138969 0.0226291 0.00956106 0.893379 0.00563128 0.00446472 0.00854532
-1 0.0031214 0.00197788 0.00406868 0.00732089 0.0258243 0.950224 0.00179917 0.00154933 0.00411447
-1 0.00209084 0.0373418 0.00817937 0.00319898 0.00230942 0.939367 0.00146674 0.00185286 0.00419312
10 0.967549 0.00257277 0.00291962 0.00154226 0.00290478 0.0155057 0.00229209 0.00158723 0.00312662
-1 0.0796777 0.0172508 0.00998927 0.0087787 0.0114596 0.854433 0.00486572 0.00406333 0.00948208
-1 0.00698036 0.00373207 0.00640957 0.0119784 0.0376503 0.922864 0.00182744 0.00218558 0.00637274
-1 0.020765 0.00392821 0.00966695 0.00916408 0.00325978 0.9434 0.00159242 0.00179307 0.00643021
-1 0.00421975 0.00191718 0.00315473 0.0189926 0.00243815 0.96101 0.00143491 0.00152829 0.00530387
-1 0.004617 0.00273219 0.00468196 0.0118238 0.00252015 0.962761 0.00288191 0.0020463 0.00593579
-1 0.00498403 0.00309974 0.00534823 0.0127473 0.00259594 0.959294 0.00358976 0.00294403 0.00539721
-1 0.00417813 0.00317092 0.0056169 0.00832731 0.00235596 0.96465 0.00334207 0.00300456 0.00535411
-1 0.00285402 0.00289527 0.00436707 0.00636542 0.00266393 0.971469 0.00130536 0.00251574 0.00556452
10 0.967549 0.00257277 0.00291962 0.00154226 0.00290478 0.0155057 0.00229209 0.00158723 0.00312662
-1 0.0138063 0.00911693 0.00941367 0.0125027 0.0104789 0.927024 0.00523535 0.00397324 0.00844924
-1 0.00912287 0.0053335 0.00792219 0.0118482 0.00483808 0.92398 0.0262605 0.00285507 0.00783919
-1 0.00404974 0.00241241 0.0040033 0.00508214 0.00301276 0.964667 0.00161514 0.0102161 0.00494125
10 0.967549 0.00257277 0.00291962 0.00154226 0.00290478 0.0155057 0.00229209 0.00158723 0.00312662
-1 0.0761872 0.0243237 0.0129174 0.00889319 0.0122804 0.843008 0.00541775 0.00443087 0.0125419
-1 0.00180494 0.00116138 0.00351362 0.00405786 0.00181478 0.980994 0.00121672 0.00125169 0.00418539
-1 0.00331472 0.00204489 0.00476526 0.00751012 0.0255039 0.947093 0.00271397 0.0020054 0.00504865
-1 0.00418198 0.00250163 0.010605 0.00770227 0.00237933 0.962677 0.00294819 0.00231199 0.00469295
-1 0.00223586 0.00150679 0.00272707 0.00598824 0.00193642 0.978213 0.001405 0.00183392 0.00415353
10 0.967549 0.00257277 0.00291962 0.00154226 0.00290478 0.0155057 0.00229209 0.00158723 0.00312662
-2 0.0140835 0.00667618 0.921483 0.00662854 0.00631524 0.0302837 0.00438472 0.0036723 0.00647317
-1 0.00398883 0.00612646 0.00154938 0.00734698 0.0108926 0.961539 0.00168201 0.00292168 0.0039527
-1 0.00305489 0.00169848 0.00453585 0.00656388 0.00177072 0.975034 0.00141256 0.00141996 0.00450936
-1 0.00311654 0.00128425 0.00298125 0.00377693 0.00219979 0.980051 0.00131272 0.0015676 0.00371042
10 0.967549 0.00257277 0.00291962 0.00154226 0.00290478 0.0155057 0.00229209 0.00158723 0.00312662
-2 0.0140835 0.00667618 0.921483 0.00662854 0.00631524 0.0302837 0.00438472 0.0036723 0.00647317
-1 0.0115805 0.021661 0.00347163 0.0134823 0.011338 0.920517 0.00287523 0.00419498 0.010879
-1 0.00907772 0.00344049 0.00669187 0.0128691 0.00631142 0.952601 0.0016899 0.00217116 0.00514719
-1 0.1757 0.00173069 0.00473344 0.00300401 0.00246109 0.804608 0.0014083 0.00194944 0.00440497
10 0.967549 0.00257277 0.00291962 0.00154226 0.00290478 0.0155057 0.00229209 0.00158723 0.00312662
-2 0.0140835 0.00667618 0.921483 0.00662854 0.00631524 0.0302837 0.00438472 0.0036723 0.00647317
-1 0.00498859 0.00618744 0.00161346 0.00743792 0.0109306 0.960259 0.00168624 0.00292671 0.00397026
-1 0.00291722 0.0016019 0.00391567 0.00640517 0.00170215 0.976394 0.00138517 0.0013744 0.0043048
-1 0.00207365 0.00135157 0.00355504 0.00403563 0.00230511 0.979719 0.00133837 0.00161348 0.00400787
10 0.967549 0.00257277 0.00291962 0.00154226 0.00290478 0.0155057 0.00229209 0.00158723 0.00312662
-2 0.0265829 0.00735403 0.904745 0.00732239 0.00661609 0.0317923 0.00457013 0.00383127 0.0071863
-1 0.0058236 0.00708134 0.00165625 0.0127426 0.0106364 0.952963 0.00178517 0.0029312 0.00438057
-1 0.00609322 0.00349785 0.00559036 0.00920704 0.00288859 0.952506 0.0119651 0.00204822 0.00620343
-1 0.00404974 0.00241241 0.0040033 0.00508214 0.00301276 0.964667 0.00161514 0.0102161 0.00494125
10 0.967549 0.00257277 0.00291962 0.00154226 0.00290478 0.0155057 0.00229209 0.00158723 0.00312662
-2 0.0297327 0.00705218 0.913405 0.00668928 0.00607414 0.022663 0.00369673 0.00378017 0.00690654
-1 0.00451056 0.00529159 0.00138191 0.00458984 0.00948889 0.96666 0.00162495 0.00280741 0.00364501
-1 0.00357378 0.00230323 0.0043771 0.00621038 0.0191362 0.953991 0.00373668 0.00175969 0.00491188
-1 0.0036973 0.0021315 0.00899095 0.00473857 0.00279701 0.967679 0.00149855 0.00389084 0.0045764
10 0.967549 0.00257277 0.00291962 0.00154226 0.00290478 0.0155057 0.00229209 0.00158723 0.00312662
10 0.967549 0.00257277 0.00291962 0.00154226 0.00290478 0.0155057 0.00229209 0.00158723 0.00312662
10 0.967549 0.00257277 0.00291962 0.00154226 0.00290478 0.0155057 0.00229209 0.00158723 0.00312662
10 0.967549 0.00257277 0.00291962 0.00154226 0.00290478 0.0155057 0.00229209 0.00158723 0.00312662
10 0.967549 0.00257277 0.00291962 0.00154226 0.00290478 0.0155057 0.00229209 0.00158723 0.00312662
10 0.967549 0.00257277 0.00291962 0.00154226 0.00290478 0.0155057 0.00229209 0.00158723 0.00312662
10 0.967549 0.00257277 0.00291962 0.00154226 0.00290478 0.0155057 0.00229209 0.00158723 0.00312662
10 0.967549 0.00257277 0.00291962 0.00154226 0.00290478 0.0155057 0.00229209 0.00158723 0.00312662
10 0.967549 0.00257277 0.00291962 0.00154226 0.00290478 0.0155057 0.00229209 0.00158723 0.00312662
10 0.967549 0.00257277 0.00291962 0.00154226 0.00290478 0.0155057 0.00229209 0.00158723 0.00312662
-4 0.0278815 0.0186911 0.0198755 0.0225293 0.0176752 0.047968 0.0116182 0.0106632 0.823098
-4 0.0224862 0.0125753 0.020975 0.03202 0.0171035 0.0463872 0.00876417 0.0109894 0.828699
-4 0.0280185 0.0180317 0.0275255 0.0301328 0.0214561 0.0501376 0.0112219 0.0117297 0.801746
-2 0.0114778 0.00634453 0.922773 0.0109003 0.00714526 0.0226308 0.00465649 0.00601714 0.00805432
10 0.950924 0.0046354 0.00394132 0.0112096 0.00514785 0.0155939 0.00218876 0.0027866 0.00357298
10 0.967549 0.00257277 0.00291962 0.00154226 0.00290478 0.0155057 0.00229209 0.00158723 0.00312662
10 0.967549 0.00257277 0.00291962 0.00154226 0.00290478 0.0155057 0.00229209 0.00158723 0.00312662
10 0.967549 0.00257277 0.00291962 0.00154226 0.00290478 0.0155057 0.00229209 0.00158723 0.00312662
-4 0.0198937 0.0129035 0.0163314 0.0197681 0.0164698 0.0458932 0.00957827 0.00897345 0.850189
-4 0.0195242 0.0133659 0.0200198 0.0226921 0.0212085 0.0423856 0.00758742 0.0100663 0.84315
-2 0.0104544 0.00567803 0.932468 0.010745 0.00674478 0.0175942 0.0041678 0.00410794 0.00803973
10 0.95215 0.00440148 0.00392483 0.0109615 0.00520699 0.0155745 0.00196579 0.00229459 0.00352073
-4 0.0278815 0.0186911 0.0198755 0.0225293 0.0176752 0.047968 0.0116182 0.0106632 0.823098
-4 0.0224862 0.0125753 0.020975 0.03202 0.0171035 0.0463872 0.00876417 0.0109894 0.828699
-4 0.0280185 0.0180317 0.0275255 0.0301328 0.0214561 0.0501376 0.0112219 0.0117297 0.801746
-2 0.0114778 0.00634453 0.922773 0.0109003 0.00714526 0.0226308 0.00465649 0.00601714 0.00805432
10 0.950924 0.0046354 0.00394132 0.0112096 0.00514785 0.0155939 0.00218876 0.0027866 0.00357298
-4 0.0560059 0.029826 0.0241219 0.0297252 0.0317296 0.052082 0.0144749 0.0121917 0.749843
-2 0.0186215 0.00822301 0.911305 0.0149684 0.00830365 0.0210232 0.00472621 0.00532618 0.00750265
10 0.965268 0.00439649 0.00248513 0.0117531 0.00475177 0.0042634 0.0019723 0.00240906 0.00270042
-4 0.0583264 0.0310282 0.0226918 0.0307696 0.0202729 0.0609051 0.0139771 0.0124655 0.749563
-4 0.0351431 0.0183056 0.0235202 0.0530844 0.0192766 0.0562509 0.0102417 0.0128018 0.771376
-4 0.0514959 0.026673 0.0313538 0.0464344 0.0265997 0.0607549 0.0135759 0.0136595 0.729453
-2 0.0153155 0.0083226 0.913693 0.014074 0.00828166 0.0197359 0.00518844 0.00719047 0.00819879
10 0.963675 0.00465464 0.00257214 0.0118786 0.00471274 0.00458545 0.00220179 0.00293543 0.00278383
-4 0.0338714 0.0168457 0.0165294 0.0270876 0.0175184 0.0494092 0.0101513 0.00987928 0.818708
-4 0.025847 0.0157009 0.019953 0.03073 0.0239199 0.0450887 0.00796404 0.0110531 0.819743
-2 0.0157758 0.00740513 0.922396 0.0133642 0.00765459 0.0149215 0.00452059 0.00485708 0.00910464
10 0.964295 0.00444752 0.00254657 0.0118056 0.00480695 0.00430527 0.0019766 0.00243663 0.00337995
-4 0.0451877 0.0240394 0.0200994 0.0279402 0.0189323 0.0553713 0.0123703 0.0117167 0.784343
-4 0.0290215 0.0149716 0.0216476 0.0498533 0.018616 0.0539621 0.0092713 0.0123086 0.790348
-4 0.0402115 0.0208624 0.0273493 0.0413959 0.0243031 0.0545776 0.0118466 0.012752 0.766701
-2 0.0152385 0.00829112 0.914934 0.0135093 0.008122 0.0184875 0.00510182 0.00716259 0.00915308
10 0.962727 0.00470434 0.00263297 0.0119275 0.00476514 0.00462519 0.00220501 0.00296704 0.00344604
-2 0.0279847 0.00787548 0.916495 0.0155206 0.00733852 0.0109135 0.00483616 0.00482961 0.00420622
10 0.92062 0.00508245 0.00219249 0.0220602 0.00613159 0.0373847 0.00249299 0.00219244 0.00184336
1 0.0117256 0.929479 0.00385169 0.0150343 0.00660737 0.0235525 0.00201695 0.00408919 0.00364313
-2 0.0295441 0.00810866 0.909551 0.0103766 0.00544978 0.0191719 0.00524743 0.00503424 0.00751599
1 0.0118563 0.823365 0.00555451 0.0171773 0.0208669 0.106654 0.00587486 0.0046752 0.00397534
10 0.95224 0.0065127 0.002756 0.00958438 0.00349856 0.0188209 0.0013269 0.00273823 0.00252209
-2 0.0277613 0.00726446 0.916184 0.00875863 0.00535276 0.0165849 0.00545027 0.00493683 0.00770692
0 0.0658979 0.0360721 0.0138654 0.704535 0.0379658 0.108323 0.0094239 0.012054 0.0118635
10 0.959935 0.00445144 0.00365295 0.00274542 0.00277988 0.0192904 0.00296834 0.00171568 0.00246049
1 0.0100175 0.925842 0.00557681 0.015649 0.00730819 0.0237136 0.00286149 0.00481839 0.00421273
-2 0.0275969 0.00681002 0.916657 0.0131812 0.00520635 0.0166204 0.00498712 0.00451911 0.0044222
-1 0.0599757 0.0646485 0.010268 0.13798 0.0204389 0.676532 0.00687799 0.00882329 0.0144562
1 0.0244823 0.858991 0.00819176 0.0107324 0.0124655 0.0668358 0.00773731 0.00512117 0.00544275
10 0.943347 0.00581024 0.00311667 0.0101175 0.0038159 0.0264774 0.00164258 0.00309379 0.00257924
10 0.98142 0.00255708 0.00365622 0.0023904 0.00128356 0.00405236 0.00163632 0.00140854 0.00159514
1 0.00857968 0.936825 0.0052199 0.0151261 0.00617205 0.0189606 0.00276209 0.00312578 0.00322859
1 0.00772379 0.919706 0.00597958 0.0204661 0.00792609 0.0236651 0.00541485 0.00415334 0.00496524
-2 0.0279847 0.00787548 0.916495 0.0155206 0.00733852 0.0109135 0.00483616 0.00482961 0.00420622
10 0.953272 0.00464574 0.00178019 0.0281559 0.0025079 0.00547892 0.0012139 0.00171984 0.00122529
1 0.00999431 0.941015 0.00345371 0.0145982 0.00561562 0.0180546 0.00186424 0.00265581 0.00274888
1 0.00772379 0.919706 0.00597958 0.0204661 0.00792609 0.0236651 0.00541485 0.00415334 0.00496524
-2 0.0281957 0.00852148 0.916044 0.0103183 0.00769023 0.011628 0.00523123 0.00531649 0.00705479
10 0.958985 0.00449872 0.00174249 0.0219227 0.00553486 0.00324628 0.00114483 0.00168796 0.00123741
10 0.957129 0.00722568 0.00385758 0.0219686 0.00290292 0.00167974 0.0017234 0.00169827 0.00181505
1 0.00802955 0.936773 0.00576674 0.016676 0.0068121 0.0118175 0.00620608 0.00440932 0.00350951
1 0.00855776 0.914724 0.00640317 0.0193744 0.0080225 0.0260957 0.00585661 0.00584353 0.00512279
-2 0.0277613 0.00726446 0.916184 0.00875863 0.00535276 0.0165849 0.00545027 0.00493683 0.00770692
0 0.0658979 0.0360721 0.0138654 0.704535 0.0379658 0.108323 0.0094239 0.012054 0.0118635
10 0.973259 0.00456375 0.00439921 0.00406372 0.00173189 0.00576772 0.00276037 0.00160627 0.00184827
1 0.00859406 0.933444 0.00556364 0.015755 0.00570984 0.0197801 0.00317695 0.0046769 0.00329937
1 0.00855776 0.914724 0.00640317 0.0193744 0.0080225 0.0260957 0.00585661 0.00584353 0.00512279
10 0.98142 0.00255708 0.00365622 0.0023904 0.00128356 0.00405236 0.00163632 0.00140854 0.00159514
1 0.0111936 0.952149 0.00523372 0.0142783 0.00495957 0.00389092 0.0017378 0.00281328 0.00374378
1 0.00716541 0.925686 0.00558095 0.0221929 0.00705641 0.0202322 0.005376 0.00281074 0.00389973
1 0.0092927 0.926657 0.00580621 0.0135167 0.00656701 0.0273043 0.00263794 0.0036217 0.00459608
-2 0.0279847 0.00787548 0.916495 0.0155206 0.00733852 0.0109135 0.00483616 0.00482961 0.00420622
10 0.953272 0.00464574 0.00178019 0.0281559 0.0025079 0.00547892 0.0012139 0.00171984 0.00122529
1 0.0113032 0.953005 0.00362689 0.0157775 0.00440439 0.00441677 0.00187721 0.00271177 0.00287772
1 0.00683163 0.927043 0.00587526 0.0208604 0.00624683 0.0192189 0.0060749 0.00400788 0.00384149
1 0.0100174 0.924877 0.00616696 0.0122951 0.00661763 0.0272787 0.00289064 0.0051218 0.00473441
10 0.980381 0.00249552 0.00262866 0.00145077 0.00448724 0.0030476 0.00167807 0.00152104 0.00230968
10 0.964939 0.00448877 0.00261323 0.011393 0.00549956 0.00537632 0.00133237 0.00159301 0.00276437
-2 0.0281957 0.00852148 0.916044 0.0103183 0.00769023 0.011628 0.00523123 0.00531649 0.00705479
10 0.958985 0.00449872 0.00174249 0.0219227 0.00553486 0.00324628 0.00114483 0.00168796 0.00123741
10 0.969948 0.00646523 0.00290068 0.0132437 0.00242128 0.00113377 0.000893676 0.00138681 0.00160653
1 0.00959497 0.943358 0.00588294 0.0193015 0.00593002 0.00387953 0.00525807 0.00312931 0.00366591
1 0.00683163 0.927043 0.00587526 0.0208604 0.00624683 0.0192189 0.0060749 0.00400788 0.00384149
1 0.0100174 0.924877 0.00616696 0.0122951 0.00661763 0.0272787 0.00289064 0.0051218 0.00473441
-2 0.0277613 0.00726446 0.916184 0.00875863 0.00535276 0.0165849 0.00545027 0.00493683 0.00770692
-1 0.154313 0.0901534 0.0286046 0.193733 0.0992716 0.363443 0.0177417 0.0219156 0.0308242
10 0.982903 0.00403887 0.00301246 0.00203463 0.00223173 0.00162232 0.00122835 0.00131606 0.00161293
10 0.958261 0.00549824 0.00410026 0.0219694 0.00278242 0.00178705 0.00210958 0.00175601 0.00173644
1 0.00959809 0.940789 0.00612702 0.0196323 0.00543035 0.0042035 0.00598454 0.00450061 0.00373421
1 0.00790442 0.919776 0.00635712 0.0210479 0.00656972 0.0220977 0.00662063 0.00558323 0.00404344
1 0.0085591 0.92403 0.00630613 0.0132215 0.00698551 0.0270904 0.00301251 0.00568978 0.00510506
10 0.965562 0.00309761 0.00322039 0.00247391 0.00308634 0.015615 0.00185725 0.00160653 0.00348044
-3 0.0185554 0.0148406 0.00907182 0.0353165 0.874781 0.0235207 0.00502799 0.00730585 0.0115797
-2 0.0137435 0.00786095 0.896267 0.0257227 0.0076731 0.03037 0.00879755 0.00439844 0.00516687
-1 0.00564224 0.00547309 0.00237747 0.025088 0.0135088 0.937883 0.00252798 0.00431764 0.00318205
10 0.969611 0.00266979 0.0029583 0.00160003 0.00222994 0.0153737 0.00177159 0.00152073 0.00226478
1 0.0101598 0.928214 0.0052424 0.0155064 0.00820885 0.0227727 0.0025098 0.00317556 0.00421063
0 0.0560566 0.0614222 0.0282494 0.475237 0.0489321 0.268964 0.0280917 0.0159515 0.017095
-1 0.00631055 0.00344926 0.00682172 0.0238761 0.00552352 0.942263 0.00446306 0.00319013 0.00410231
-1 0.00328027 0.00192068 0.00461054 0.0113934 0.00396337 0.966288 0.00218673 0.00280974 0.0035475
10 0.965562 0.00309761 0.00322039 0.00247391 0.00308634 0.015615 0.00185725 0.00160653 0.00348044
-3 0.0185554 0.0148406 0.00907182 0.0353165 0.874781 0.0235207 0.00502799 0.00730585 0.0115797
-2 0.0188359 0.00823847 0.897624 0.0216339 0.00824944 0.0294931 0.00514938 0.00462184 0.00615418
-1 0.00443374 0.00539604 0.00221091 0.0355033 0.00976194 0.932704 0.00358213 0.0030992 0.0033091
-1 0.00564698 0.00284117 0.0058264 0.0240152 0.0033932 0.9483 0.00288832 0.00314078 0.00394746
-1 0.005666 0.00221294 0.00463732 0.0123837 0.00425669 0.961677 0.00230756 0.00298129 0.00387726
-2 0.0295441 0.00810866 0.909551 0.0103766 0.00544978 0.0191719 0.00524743 0.00503424 0.00751599
1 0.0174945 0.882989 0.00573845 0.0147812 0.0183548 0.0480407 0.00390845 0.00416222 0.00453098
10 0.94856 0.00606798 0.00247072 0.0201954 0.00387268 0.013049 0.000900458 0.00175175 0.00313159
-3 0.0231203 0.0203216 0.0123569 0.045872 0.839096 0.0336733 0.00584015 0.00681022 0.0129091
-2 0.0152114 0.00901907 0.891035 0.0231621 0.00774904 0.0336016 0.00779405 0.00641009 0.00601795
-1 0.00512502 0.00680423 0.00235497 0.0231058 0.00728552 0.941936 0.00467256 0.00531406 0.00340138
-1 0.00462779 0.00321438 0.00532582 0.0166493 0.00381924 0.956661 0.00138653 0.00334493 0.00497135
10 0.987702 0.00213682 0.0012925 0.000921819 0.00218615 0.00125486 0.00139411 0.00124894 0.00186255
10 0.947526 0.00628556 0.00302155 0.0241191 0.0058248 0.00697692 0.00123066 0.00175173 0.0032637
-3 0.0206892 0.0182684 0.0114767 0.0427798 0.859207 0.0189373 0.00876594 0.00759196 0.0122838
-2 0.0215599 0.00990003 0.868954 0.032127 0.00886917 0.0375116 0.00948797 0.00509317 0.00649738
-1 0.00335236 0.005652 0.00224423 0.0266302 0.00874571 0.941455 0.00432376 0.0044732 0.0031231
-1 0.00505314 0.00301825 0.00610187 0.0183083 0.00323722 0.953396 0.00292248 0.00360185 0.00436082
-1 0.00449209 0.0029216 0.00533922 0.0164889 0.0046268 0.955949 0.00180831 0.00337967 0.00499443
10 0.984694 0.00230955 0.00325313 0.00177963 0.00213166 0.00140358 0.00151976 0.00136772 0.00154057
10 0.977259 0.00423053 0.00162393 0.00809453 0.00249691 0.00229997 0.000949896 0.00129174 0.0017537
1 0.0101915 0.922978 0.0058827 0.0258859 0.00872676 0.0123131 0.00490343 0.00336374 0.00575453
-3 0.0263025 0.0195899 0.0142089 0.043833 0.834163 0.0299345 0.00948402 0.00970795 0.0127758
-2 0.0378175 0.00906881 0.880167 0.019957 0.00702042 0.0325405 0.00367887 0.00448193 0.00526754
-1 0.00394031 0.00496651 0.00178035 0.0175188 0.00753208 0.953498 0.0039675 0.00408967 0.00270677
-1 0.00887811 0.00532492 0.00725117 0.0155308 0.0587105 0.890144 0.00386091 0.00534868 0.00495111
-1 0.00479395 0.00337286 0.0116723 0.0153037 0.00462027 0.950174 0.00181704 0.00337589 0.00487051
-2 0.0281957 0.00852148 0.916044 0.0103183 0.00769023 0.011628 0.00523123 0.00531649 0.00705479
10 0.958985 0.00449872 0.00174249 0.0219227 0.00553486 0.00324628 0.00114483 0.00168796 0.00123741
10 0.974288 0.00614359 0.00164354 0.00869161 0.00271171 0.00256499 0.000826711 0.00127621 0.00185347
1 0.0101915 0.922978 0.0058827 0.0258859 0.00872676 0.0123131 0.00490343 0.00336374 0.00575453
-3 0.0364336 0.0252164 0.0181793 0.164076 0.69288 0.0247663 0.0142958 0.0106004 0.0135526
-2 0.011629 0.00851144 0.897489 0.0199829 0.00716717 0.0400574 0.00448656 0.00614851 0.00452794
-1 0.00508948 0.414656 0.00449546 0.0124246 0.0065602 0.540017 0.00594532 0.00717313 0.00363893
-1 0.00499829 0.00423375 0.00467832 0.0205934 0.00422589 0.952364 0.001279 0.00323368 0.00439363
-2 0.0295441 0.00810866 0.909551 0.0103766 0.00544978 0.0191719 0.00524743 0.00503424 0.00751599
1 0.0110153 0.924289 0.00526156 0.0140258 0.0105 0.0204353 0.00427161 0.00449292 0.0057087
10 0.97817 0.00579889 0.00122481 0.00529945 0.00319399 0.00252045 0.000652606 0.0013008 0.001839
10 0.94387 0.00758715 0.00376109 0.025417 0.00683293 0.00619034 0.00120965 0.00158342 0.00354835
-3 0.0197871 0.0182401 0.0107974 0.042827 0.86005 0.0197219 0.00881407 0.00758509 0.0121774
-2 0.049065 0.0102315 0.860146 0.0249778 0.00815652 0.0306644 0.00459529 0.00500593 0.00715781
-1 0.0220851 0.0070768 0.00255694 0.0221193 0.014872 0.921813 0.00227807 0.00317839 0.00402075
-1 0.0154705 0.00804536 0.0105136 0.0548476 0.0445059 0.849996 0.0045264 0.00454173 0.00755268
-1 0.024272 0.00669672 0.0132916 0.0361998 0.00545696 0.898242 0.0053882 0.00454574 0.00590706
-1 0.0122701 0.00643449 0.00804623 0.0663392 0.00486494 0.884548 0.00554449 0.00578535 0.00616741
-1 0.0102198 0.00782629 0.00816758 0.034483 0.00489271 0.918268 0.00415476 0.0053052 0.00668254
-1 0.0115266 0.00819257 0.00928512 0.0383466 0.00531186 0.909976 0.00444181 0.00571885 0.00720011
-1 0.00861893 0.00601046 0.00764059 0.0313016 0.00480572 0.926677 0.00391078 0.00495016 0.00608488
-1 0.00707744 0.0049137 0.00632918 0.0234189 0.00566588 0.940044 0.00231148 0.00421518 0.00602445
-2 0.0275969 0.00681002 0.916657 0.0131812 0.00520635 0.0166204 0.00498712 0.00451911 0.0044222
-1 0.0599757 0.0646485 0.010268 0.13798 0.0204389 0.676532 0.00687799 0.00882329 0.0144562
1 0.0202718 0.91557 0.00760825 0.00739789 0.0102573 0.0239826 0.00459611 0.00436071 0.00595568
10 0.945085 0.00499711 0.0025526 0.0209217 0.0040168 0.0163522 0.00103027 0.00184735 0.00319696
-3 0.0193885 0.0183234 0.0110167 0.0438934 0.853328 0.0307074 0.0054379 0.00634376 0.0115605
-2 0.0218763 0.00910696 0.885456 0.0227635 0.00728477 0.033921 0.00784818 0.0063359 0.00540777
-1 0.00338902 0.00488981 0.00154601 0.0162204 0.0055268 0.957179 0.00408114 0.00464622 0.00252133
-1 0.00571497 0.00386537 0.00553602 0.0148585 0.0247773 0.931587 0.00520723 0.00404623 0.0044075
-1 0.0050314 0.0033646 0.00973125 0.0141204 0.0044453 0.949905 0.00180533 0.00689667 0.00470021
10 0.677269 0.0168248 0.0427822 0.0213773 0.0068265 0.21451 0.00579714 0.0046946 0.00991817
1 0.011648 0.935916 0.00612285 0.0185552 0.00751763 0.00586714 0.00348717 0.00491163 0.00597476
10 0.978534 0.00490292 0.00125197 0.00515057 0.00379222 0.00250082 0.0007039 0.0013374 0.00182605
10 0.94387 0.00758715 0.00376109 0.025417 0.00683293 0.00619034 0.00120965 0.00158342 0.00354835
-3 0.0210665 0.0185023 0.0108125 0.0432143 0.855729 0.0220285 0.00883044 0.00758374 0.0122323
-2 0.01719 0.0086563 0.884895 0.0286748 0.00799939 0.0329902 0.00910631 0.00472713 0.00576101
-1 0.0102412 0.00853184 0.00281384 0.034581 0.00880601 0.922264 0.00454288 0.00480643 0.0034128
-1 0.00485336 0.00286291 0.00595968 0.0163843 0.00225373 0.957675 0.00272928 0.0033821 0.00389949
-1 0.0079519 0.00515913 0.0073979 0.0215098 0.033541 0.909944 0.00384068 0.00511174 0.00554426
-1 0.00671213 0.00455918 0.0124065 0.0230507 0.00407476 0.936587 0.00337288 0.00415407 0.00508269
-1 0.00664436 0.00359452 0.00466956 0.0282389 0.0044933 0.941891 0.00194375 0.00357403 0.00495108
10 0.967702 0.00270673 0.0110259 0.0088164 0.00288115 0.00231788 0.00149467 0.00159902 0.0014558
10 0.922984 0.00626756 0.00245762 0.0449115 0.00487396 0.0120147 0.00246783 0.00201798 0.00200508
1 0.0125446 0.935973 0.00386738 0.0142455 0.00599341 0.0173522 0.0020844 0.00408041 0.0038589
10 0.9584 0.00385194 0.0115468 0.00774365 0.00250573 0.00864087 0.00220971 0.00220217 0.00289899
1 0.00931317 0.939796 0.00483625 0.0231456 0.00566329 0.00453005 0.00327076 0.00414957 0.00529583
10 0.958874 0.00764015 0.00274574 0.0133536 0.00592569 0.00584729 0.00134493 0.00187012 0.00239824
10 0.959029 0.00610918 0.00422373 0.0125454 0.0059281 0.00528984 0.0017989 0.0023508 0.00272463
10 0.959394 0.00286789 0.0113464 0.00997843 0.00219405 0.00866509 0.00196499 0.00168914 0.00189978
0 0.0597352 0.0492055 0.0137823 0.721572 0.0157775 0.102972 0.00976672 0.0121689 0.0150205
1 0.0220937 0.887718 0.00783241 0.0100172 0.0104784 0.0436104 0.00766889 0.00504863 0.00553271
10 0.943347 0.00581024 0.00311667 0.0101175 0.0038159 0.0264774 0.00164258 0.00309379 0.00257924
10 0.967702 0.00270673 0.0110259 0.0088164 0.00288115 0.00231788 0.00149467 0.00159902 0.0014558
10 0.955091 0.00533884 0.00197905 0.0299624 0.00210025 0.00156551 0.00116238 0.00149812 0.00130282
1 0.0112992 0.944627 0.00349413 0.0141748 0.0051683 0.0136802 0.00192742 0.00269517 0.00293383
1 0.00772379 0.919706 0.00597958 0.0204661 0.00792609 0.0236651 0.00541485 0.00415334 0.00496524
10 0.960262 0.00300003 0.011381 0.0109067 0.00184609 0.00768624 0.00164566 0.00167503 0.00159755
1 0.00833333 0.948704 0.00454276 0.0187927 0.00281086 0.00612551 0.0023728 0.00324488 0.00507323
1 0.0139404 0.931177 0.00383801 0.0177277 0.00781906 0.0162136 0.00261679 0.00317517 0.00349189
10 0.958663 0.00620236 0.00352663 0.00914292 0.00401986 0.0119081 0.00147283 0.00241497 0.00264896
10 0.959394 0.00286789 0.0113464 0.00997843 0.00219405 0.00866509 0.00196499 0.00168914 0.00189978
0 0.0449651 0.0345609 0.0117414 0.85278 0.00872044 0.0217892 0.00764419 0.00909668 0.00870238
1 0.014271 0.9279 0.00728292 0.00879546 0.00368253 0.0204875 0.00605715 0.00437417 0.00714955
1 0.0112336 0.915681 0.00585065 0.0193317 0.00936109 0.0247816 0.00430229 0.00562845 0.0038297
10 0.953106 0.007106 0.0035838 0.00894468 0.00399448 0.0159097 0.00165017 0.00297792 0.00272733
10 0.967702 0.00270673 0.0110259 0.0088164 0.00288115 0.00231788 0.00149467 0.00159902 0.0014558
10 0.955091 0.00533884 0.00197905 0.0299624 0.00210025 0.00156551 0.00116238 0.00149812 0.00130282
1 0.0128635 0.951338 0.0038041 0.0163067 0.004123 0.00367347 0.00197419 0.00279266 0.00312488
1 0.00683163 0.927043 0.00587526 0.0208604 0.00624683 0.0192189 0.0060749 0.00400788 0.00384149
1 0.0100174 0.924877 0.00616696 0.0122951 0.00661763 0.0272787 0.00289064 0.0051218 0.00473441
10 0.960262 0.00300003 0.011381 0.0109067 0.00184609 0.00768624 0.00164566 0.00167503 0.00159755
1 0.00857803 0.950531 0.00451647 0.0197973 0.00351864 0.00445411 0.00203774 0.00287231 0.00369399
1 0.0113138 0.94658 0.00372917 0.0162457 0.00303984 0.00916537 0.0022005 0.00292278 0.00480249
1 0.0131119 0.92297 0.00638826 0.0178976 0.00971634 0.0173272 0.00409922 0.0047233 0.00376643
10 0.953106 0.007106 0.0035838 0.00894468 0.00399448 0.0159097 0.00165017 0.00297792 0.00272733
10 0.960262 0.00300003 0.011381 0.0109067 0.00184609 0.00768624 0.00164566 0.00167503 0.00159755
1 0.00857803 0.950531 0.00451647 0.0197973 0.00351864 0.00445411 0.00203774 0.00287231 0.00369399
1 0.012346 0.949362 0.00359898 0.0137777 0.00312484 0.00813458 0.00148297 0.00260353 0.00556912
1 0.0127076 0.934097 0.00647179 0.0191795 0.0068324 0.00677212 0.00436909 0.00392504 0.00564508
10 0.953317 0.00729077 0.00438427 0.0140345 0.00679919 0.00674053 0.0022479 0.00289191 0.00229388
10 0.958191 0.0063223 0.00420581 0.0119292 0.00567379 0.00605507 0.00200244 0.00285599 0.00276485
10 0.959394 0.00286789 0.0113464 0.00997843 0.00219405 0.00866509 0.00196499 0.00168914 0.00189978
0 0.0449651 0.0345609 0.0117414 0.85278 0.00872044 0.0217892 0.00764419 0.00909668 0.00870238
1 0.0155778 0.934159 0.00710082 0.011157 0.0042875 0.0151634 0.00328762 0.00343349 0.00583344
1 0.00826225 0.941785 0.00550715 0.0173526 0.0035885 0.0114563 0.00319221 0.00339225 0.00546423
1 0.0130256 0.9318 0.00673201 0.0184104 0.00620493 0.00764706 0.00485416 0.00582313 0.00550255
10 0.952088 0.00771679 0.00436663 0.0132869 0.00641917 0.00796218 0.00244238 0.00337415 0.00234394
10 0.942017 0.00872192 0.00463773 0.0144789 0.00620936 0.015407 0.0021024 0.00330942 0.00311597
10 0.964468 0.003755 0.0112289 0.00686079 0.00408837 0.00243915 0.00207784 0.00224272 0.00283889
10 0.960587 0.00561771 0.00191934 0.0220551 0.00466745 0.0012533 0.00109091 0.0014756 0.00133357
10 0.972993 0.00707743 0.00170669 0.00899115 0.00273474 0.00248004 0.000781028 0.0012735 0.00196257
1 0.0101915 0.922978 0.0058827 0.0258859 0.00872676 0.0123131 0.00490343 0.00336374 0.00575453
-3 0.0364336 0.0252164 0.0181793 0.164076 0.69288 0.0247663 0.0142958 0.0106004 0.0135526
-2 0.011629 0.00851144 0.897489 0.0199829 0.00716717 0.0400574 0.00448656 0.00614851 0.00452794
-1 0.00508948 0.414656 0.00449546 0.0124246 0.0065602 0.540017 0.00594532 0.00717313 0.00363893
-1 0.00499829 0.00423375 0.00467832 0.0205934 0.00422589 0.952364 0.001279 0.00323368 0.00439363
10 0.9584 0.00385194 0.0115468 0.00774365 0.00250573 0.00864087 0.00220971 0.00220217 0.00289899
1 0.00931317 0.939796 0.00483625 0.0231456 0.00566329 0.00453005 0.00327076 0.00414957 0.00529583
10 0.976614 0.00692598 0.00129252 0.00564922 0.00322125 0.00243174 0.000629618 0.00129313 0.00194241
10 0.94387 0.00758715 0.00376109 0.025417 0.00683293 0.00619034 0.00120965 0.00158342 0.00354835
-3 0.0197871 0.0182401 0.0107974 0.042827 0.86005 0.0197219 0.00881407 0.00758509 0.0121774
-2 0.049065 0.0102315 0.860146 0.0249778 0.00815652 0.0306644 0.00459529 0.00500593 0.00715781
-1 0.0220851 0.0070768 0.00255694 0.0221193 0.014872 0.921813 0.00227807 0.00317839 0.00402075
-1 0.0154705 0.00804536 0.0105136 0.0548476 0.0445059 0.849996 0.0045264 0.00454173 0.00755268
-1 0.024272 0.00669672 0.0132916 0.0361998 0.00545696 0.898242 0.0053882 0.00454574 0.00590706
-1 0.0122701 0.00643449 0.00804623 0.0663392 0.00486494 0.884548 0.00554449 0.00578535 0.00616741
-1 0.0102198 0.00782629 0.00816758 0.034483 0.00489271 0.918268 0.00415476 0.0053052 0.00668254
-1 0.0115266 0.00819257 0.00928512 0.0383466 0.00531186 0.909976 0.00444181 0.00571885 0.00720011
-1 0.00861893 0.00601046 0.00764059 0.0313016 0.00480572 0.926677 0.00391078 0.00495016 0.00608488
-1 0.00707744 0.0049137 0.00632918 0.0234189 0.00566588 0.940044 0.00231148 0.00421518 0.00602445
10 0.956844 0.00379415 0.0115738 0.00750496 0.00300947 0.00856793 0.00272284 0.00228369 0.00369881
0 0.0592644 0.0352066 0.0115891 0.838297 0.0154865 0.0150768 0.00746342 0.00917513 0.00844096
10 0.984012 0.00457755 0.00156989 0.00129151 0.0013347 0.00296582 0.0010596 0.00120201 0.00198712
1 0.0110851 0.921972 0.00541836 0.0216857 0.00730075 0.0209469 0.00266746 0.0034359 0.00548781
-3 0.0187788 0.0184442 0.0132123 0.0503812 0.828798 0.0363425 0.0130413 0.00956557 0.011436
-2 0.0191643 0.00811232 0.898224 0.0177858 0.0073101 0.0334956 0.00477682 0.00616597 0.00496516
-1 0.00452501 0.00640617 0.00206324 0.0448112 0.00653094 0.922595 0.0046082 0.00529951 0.0031609
-1 0.00658994 0.00452314 0.00629788 0.0195424 0.00334689 0.936014 0.0146039 0.00411512 0.00496657
-1 0.00538225 0.00346302 0.00477697 0.0140972 0.00455467 0.944156 0.00195493 0.0167315 0.00488378
