labels 10 1 -2 0 -1 -3 3 4 -4
-2 0.0478383 0.0108176 0.844314 0.0336535 0.0252496 0.0121946 0.00713404 0.0116358 0.007163
10 0.786654 0.0147363 0.0109034 0.102729 0.0533246 0.00583981 0.00916626 0.00476541 0.0118812
1 0.0120668 0.93695 0.00263452 0.022764 0.00150557 0.011109 0.00225817 0.00964666 0.00106503
-2 0.0478262 0.0135401 0.843392 0.020476 0.0329052 0.0112345 0.00713348 0.0119702 0.011522
1 0.0225867 0.689812 0.0130198 0.0415308 0.175622 0.00916133 0.0206504 0.00618928 0.0214275
10 0.901355 0.0102853 0.00668679 0.0121319 0.0470288 0.00567394 0.0058708 0.00675439 0.00421273
-2 0.0490846 0.0187857 0.824949 0.0220888 0.0380962 0.0112775 0.00974432 0.0131869 0.012787
1 0.0286362 0.728307 0.0171894 0.0510486 0.110015 0.0120469 0.0163907 0.00793865 0.0284271
10 0.941227 0.00884218 0.00577774 0.0141287 0.0107003 0.00834741 0.00345613 0.00316068 0.00435966
10 0.925574 0.0100024 0.0052734 0.0309491 0.00171474 0.0160877 0.00416747 0.00507798 0.00115321
-2 0.0481393 0.0164174 0.832233 0.0195642 0.0357652 0.011483 0.0101125 0.0133202 0.0129657
0 0.0802343 0.0456439 0.0413293 0.593781 0.126728 0.0292091 0.0240402 0.0160784 0.0429562
10 0.870828 0.0102257 0.00802694 0.011115 0.0828915 0.00278107 0.00478834 0.00374554 0.00559787
1 0.012918 0.929868 0.00288862 0.0250419 0.001665 0.0135496 0.00241877 0.0104943 0.0011561
-2 0.0474076 0.0144805 0.834662 0.0315458 0.0287355 0.0113203 0.0099354 0.0130488 0.00886456
-1 0.15565 0.0736739 0.0473989 0.297031 0.299266 0.028941 0.0265121 0.0197316 0.0517957
1 0.0155619 0.714567 0.0164388 0.0234641 0.180097 0.0100045 0.0169977 0.00844349 0.0144251
10 0.884443 0.00978411 0.00709581 0.0139055 0.0584393 0.00652536 0.00801759 0.00730969 0.00447997
10 0.96987 0.00449105 0.00512458 0.00634007 0.00424523 0.00159266 0.00216895 0.00240207 0.0037654
1 0.0129906 0.938541 0.00206327 0.0238679 0.00140718 0.0116132 0.00174492 0.00689325 0.000879
1 0.0130162 0.771175 0.0163022 0.0347555 0.105651 0.0127951 0.023642 0.0106124 0.0120507
-2 0.0478881 0.014939 0.830688 0.0360757 0.0271026 0.0123512 0.00990749 0.012939 0.00810935
10 0.887997 0.00695873 0.00623043 0.073912 0.0115079 0.00241936 0.00282061 0.00202619 0.00612813
1 0.0124611 0.944254 0.00186842 0.0217757 0.0013259 0.00951642 0.00163772 0.00634969 0.000811535
1 0.0130162 0.771175 0.0163022 0.0347555 0.105651 0.0127951 0.023642 0.0106124 0.0120507
-2 0.0470782 0.016732 0.836813 0.0217452 0.030742 0.0125044 0.0100039 0.0131712 0.0112102
10 0.889187 0.00638501 0.00617205 0.0734082 0.0111409 0.00301415 0.00267655 0.00195626 0.00606026
10 0.930524 0.00839497 0.00295399 0.0415968 0.000924721 0.00947294 0.00232534 0.00304597 0.000761309
1 0.0113905 0.936128 0.00339599 0.024056 0.00133071 0.0126856 0.00337712 0.00679251 0.000843567
1 0.0132501 0.729078 0.0174459 0.035212 0.135078 0.0141592 0.0263117 0.0167006 0.0127647
-2 0.0481393 0.0164174 0.832233 0.0195642 0.0357652 0.011483 0.0101125 0.0133202 0.0129657
0 0.0802343 0.0456439 0.0413293 0.593781 0.126728 0.0292091 0.0240402 0.0160784 0.0429562
10 0.962781 0.00542271 0.00524989 0.00957444 0.00622715 0.0017027 0.00291897 0.00236661 0.00375661
1 0.0128592 0.936301 0.00236323 0.0230453 0.00171402 0.0110876 0.00245076 0.00927562 0.000903544
1 0.0132501 0.729078 0.0174459 0.035212 0.135078 0.0141592 0.0263117 0.0167006 0.0127647
-2 0.0474076 0.0144805 0.834662 0.0315458 0.0287355 0.0113203 0.0099354 0.0130488 0.00886456
0 0.0846175 0.0472412 0.0391722 0.584141 0.141248 0.0246124 0.0222108 0.0152167 0.0415403
1 0.0258039 0.713053 0.0153685 0.0237139 0.184789 0.00613389 0.0109516 0.00695685 0.0132298
1 0.0133842 0.754305 0.0103694 0.0294767 0.137533 0.013417 0.020382 0.0108904 0.0102427
10 0.888556 0.00873397 0.00864346 0.0119003 0.058446 0.00611467 0.00626354 0.00724488 0.00409698
10 0.961057 0.00616165 0.0053474 0.00730494 0.00871036 0.00160847 0.00304763 0.00277479 0.00398815
1 0.0147335 0.930015 0.00237352 0.0317099 0.000630671 0.0122113 0.00113086 0.00627849 0.000917042
1 0.0110487 0.870362 0.0117138 0.0263276 0.0447063 0.00797816 0.0139969 0.00506858 0.00879817
1 0.0124412 0.773654 0.0141262 0.0242647 0.133138 0.0100867 0.0128429 0.0093516 0.010094
-2 0.0478881 0.014939 0.830688 0.0360757 0.0271026 0.0123512 0.00990749 0.012939 0.00810935
10 0.887997 0.00695873 0.00623043 0.073912 0.0115079 0.00241936 0.00282061 0.00202619 0.00612813
1 0.0133364 0.93596 0.00214649 0.0305363 0.000784809 0.00949967 0.00140133 0.00555262 0.00078279
1 0.0116483 0.777442 0.0148369 0.0355104 0.105757 0.0100779 0.0256234 0.00914619 0.00995865
1 0.0113618 0.729223 0.0148837 0.0234485 0.170967 0.0110576 0.0141921 0.0146287 0.0102375
10 0.941592 0.00599497 0.00691925 0.00666435 0.0227503 0.00391631 0.00315863 0.00342619 0.00557836
10 0.927251 0.0095573 0.00434408 0.032677 0.00169289 0.0149564 0.00311863 0.00519754 0.00120512
10 0.96684 0.00533804 0.00521297 0.00656816 0.00476083 0.00224076 0.00257815 0.00258195 0.00387879
10 0.950198 0.00768554 0.00296597 0.0245492 0.000451879 0.00878795 0.00167929 0.00305285 0.000629141
1 0.0127001 0.932528 0.00350328 0.0301656 0.000511986 0.0133522 0.0020339 0.00442331 0.000782018
1 0.0116483 0.777442 0.0148369 0.0355104 0.105757 0.0100779 0.0256234 0.00914619 0.00995865
1 0.0113618 0.729223 0.0148837 0.0234485 0.170967 0.0110576 0.0141921 0.0146287 0.0102375
-2 0.0470782 0.016732 0.836813 0.0217452 0.030742 0.0125044 0.0100039 0.0131712 0.0112102
10 0.872802 0.00905646 0.00645657 0.0805247 0.0148527 0.00318507 0.00383097 0.00247847 0.00681338
10 0.950016 0.00805106 0.00294972 0.0248062 0.000548807 0.00849398 0.00149994 0.00300946 0.000625061
1 0.0127001 0.932528 0.00350328 0.0301656 0.000511986 0.0133522 0.0020339 0.00442331 0.000782018
1 0.0116483 0.777442 0.0148369 0.0355104 0.105757 0.0100779 0.0256234 0.00914619 0.00995865
1 0.0113618 0.729223 0.0148837 0.0234485 0.170967 0.0110576 0.0141921 0.0146287 0.0102375
-2 0.0481393 0.0164174 0.832233 0.0195642 0.0357652 0.011483 0.0101125 0.0133202 0.0129657
-1 0.167001 0.108089 0.0519041 0.248968 0.273499 0.03548 0.0338905 0.0238376 0.0573303
10 0.971299 0.00489878 0.0050766 0.00579783 0.00289689 0.00240403 0.00166608 0.00223616 0.00372488
10 0.930725 0.00804966 0.00297791 0.041238 0.000750433 0.00980019 0.00260012 0.00309088 0.000767873
1 0.0125044 0.930632 0.00402331 0.0300821 0.000627993 0.0125864 0.00287915 0.00586314 0.000801542
1 0.0123405 0.734232 0.0160131 0.036733 0.135592 0.0112431 0.0285875 0.0145479 0.0107111
1 0.00838724 0.730709 0.0147226 0.0230982 0.176937 0.0108078 0.0109359 0.0144643 0.00993831
10 0.887515 0.00902076 0.00872902 0.00912803 0.0614403 0.00379753 0.00475332 0.00444005 0.011176
0 0.0585114 0.0467495 0.0202798 0.703599 0.0206205 0.0968938 0.0137082 0.022899 0.0167388
-2 0.0242333 0.0200515 0.741232 0.0716823 0.0607907 0.0213983 0.030678 0.0144979 0.0154365
-1 0.0078086 0.00722897 0.00768003 0.0516856 0.898785 0.00558075 0.00632723 0.00368663 0.0112174
10 0.898639 0.00809353 0.00759844 0.00837714 0.0610305 0.0029402 0.00372075 0.00378623 0.00581446
1 0.0137163 0.925606 0.00301867 0.0286456 0.00142704 0.0176396 0.00159048 0.00716143 0.00119534
0 0.123239 0.0615932 0.0603295 0.324166 0.270827 0.0491326 0.0509916 0.0270311 0.0326894
-1 0.00881936 0.00817715 0.0245839 0.0337441 0.887793 0.00706763 0.0154146 0.00583015 0.00856975
-1 0.00719264 0.00637884 0.0105164 0.0267028 0.913565 0.00858587 0.00963771 0.00781713 0.00960367
-2 0.0478881 0.014939 0.830688 0.0360757 0.0271026 0.0123512 0.00990749 0.012939 0.00810935
10 0.860552 0.0106521 0.00881156 0.0677192 0.0311797 0.00354739 0.00493209 0.00344502 0.00916071
1 0.0127136 0.933266 0.00274033 0.0264039 0.00140623 0.0143439 0.00147655 0.00656133 0.001088
0 0.12416 0.0632979 0.060828 0.314588 0.270143 0.0484599 0.0506857 0.027141 0.0406965
-1 0.0426893 0.025316 0.0508292 0.141954 0.59742 0.0640367 0.0345221 0.0190462 0.024187
-2 0.0190743 0.0207048 0.69394 0.0474311 0.135443 0.0188199 0.0254898 0.0236686 0.0154284
-1 0.00269456 0.00534408 0.00583287 0.0380211 0.925469 0.0049661 0.00410236 0.00408266 0.00948714
10 0.887515 0.00902076 0.00872902 0.00912803 0.0614403 0.00379753 0.00475332 0.00444005 0.011176
0 0.0738226 0.0569717 0.0215659 0.653436 0.0262642 0.0999833 0.018827 0.030505 0.0186245
-2 0.0337012 0.0158711 0.776938 0.049403 0.0604211 0.0209574 0.0152027 0.0132372 0.0142679
-1 0.0298216 0.00823574 0.0101466 0.0900424 0.833967 0.00581264 0.0067032 0.00302383 0.0122466
-1 0.00502091 0.00570384 0.0107543 0.0261099 0.926973 0.00521587 0.00817228 0.00508033 0.00697003
-1 0.013785 0.00650649 0.0102608 0.0268283 0.907075 0.00856532 0.00959568 0.00781652 0.00956702
-2 0.0478881 0.014939 0.830688 0.0360757 0.0271026 0.0123512 0.00990749 0.012939 0.00810935
10 0.887708 0.00911954 0.00751078 0.0514851 0.0268517 0.00270423 0.00405133 0.00284431 0.00772471
1 0.0119967 0.941678 0.00228469 0.0228741 0.00130406 0.00992003 0.00159067 0.0069519 0.00140007
-3 0.0495943 0.0309493 0.0389489 0.113789 0.0914762 0.586342 0.0334639 0.0217232 0.0337128
-2 0.0124537 0.00710492 0.910132 0.0201049 0.0294167 0.0064034 0.00423006 0.00191944 0.00823522
-1 0.0151293 0.0069976 0.00806745 0.0705559 0.872079 0.00469305 0.00868836 0.00330637 0.0104826
-1 0.00657662 0.00504609 0.0104341 0.0262728 0.925141 0.00555193 0.0079293 0.00666979 0.00637878
-1 0.0603996 0.00498836 0.00895754 0.0163109 0.881145 0.00768622 0.00534925 0.0069258 0.00823759
-2 0.0490846 0.0187857 0.824949 0.0220888 0.0380962 0.0112775 0.00974432 0.0131869 0.012787
1 0.0273186 0.710915 0.0123374 0.0398761 0.15649 0.00871917 0.0149874 0.00621404 0.023142
10 0.950215 0.00709038 0.0059726 0.0104654 0.00802426 0.00547945 0.00221461 0.00314318 0.00739482
-3 0.0188653 0.0236973 0.00481629 0.0866996 0.00289338 0.842543 0.00494095 0.0112212 0.00432255
-2 0.0130986 0.00614576 0.864129 0.0292919 0.0548204 0.00694835 0.0136409 0.00276284 0.00916264
-1 0.00252266 0.00470036 0.00425815 0.036592 0.93058 0.00344211 0.00747084 0.00351488 0.00691939
-1 0.00380768 0.00508354 0.00904788 0.0202585 0.935887 0.00726744 0.00382494 0.00691261 0.00791076
10 0.943438 0.0057178 0.00678234 0.00566493 0.0226459 0.00379567 0.00310163 0.00335699 0.00549629
10 0.927228 0.00958208 0.00437046 0.032736 0.0017306 0.0145453 0.00310906 0.00515196 0.00154603
-3 0.0138376 0.0184573 0.0047058 0.0993265 0.0017099 0.839538 0.00556026 0.0125513 0.00431313
-2 0.0144634 0.00694062 0.865011 0.0359737 0.0476472 0.00724715 0.0103742 0.00236206 0.0099805
-1 0.00312215 0.0040958 0.00750658 0.0707814 0.890228 0.00452803 0.00838178 0.00312071 0.00823527
-1 0.00384608 0.00483003 0.0100383 0.0200733 0.935892 0.00495744 0.00776475 0.00648912 0.0061091
-1 0.00470937 0.00512793 0.0100677 0.0261645 0.923104 0.0083072 0.00585322 0.00748776 0.00917786
10 0.96684 0.00533804 0.00521297 0.00656816 0.00476083 0.00224076 0.00257815 0.00258195 0.00387879
10 0.944792 0.00859683 0.00379534 0.0211973 0.0011542 0.0126155 0.00257418 0.00440155 0.000873095
1 0.0113369 0.934812 0.00345213 0.0260696 0.00105907 0.0139756 0.00230605 0.00557424 0.00141459
-3 0.0496216 0.0309522 0.0390026 0.113878 0.0916161 0.586042 0.0334621 0.0217033 0.0337213
-2 0.0124281 0.00708772 0.911301 0.0196223 0.0288895 0.00634073 0.00422316 0.00191924 0.00818807
-1 0.00642095 0.00419288 0.00747102 0.0697659 0.887684 0.00453407 0.00837955 0.00312416 0.00842775
-1 0.0090023 0.00700954 0.0133307 0.0160993 0.892319 0.0352464 0.0101618 0.00827997 0.00855074
-1 0.00515675 0.00652936 0.0193565 0.0260906 0.911331 0.00862832 0.00609682 0.00770705 0.00910378
-2 0.0470782 0.016732 0.836813 0.0217452 0.030742 0.0125044 0.0100039 0.0131712 0.0112102
10 0.872802 0.00905646 0.00645657 0.0805247 0.0148527 0.00318507 0.00383097 0.00247847 0.00681338
10 0.94595 0.00886281 0.00375292 0.020539 0.00122519 0.0122026 0.00229396 0.00431956 0.00085411
1 0.011865 0.92935 0.0040837 0.0277516 0.000958618 0.0172749 0.00209388 0.00516792 0.00145483
-3 0.0680744 0.0427245 0.0402958 0.128187 0.0720318 0.556225 0.0391749 0.021013 0.0322734
-2 0.0117959 0.00691123 0.880271 0.0204075 0.0593973 0.00603763 0.00542924 0.00222511 0.00752458
-1 0.00242235 0.136306 0.00507431 0.0211858 0.809051 0.00336903 0.0104054 0.00400427 0.00818262
-1 0.00483965 0.00614993 0.00996116 0.0429873 0.905976 0.00853227 0.00455258 0.00752637 0.00947449
-2 0.0490846 0.0187857 0.824949 0.0220888 0.0380962 0.0112775 0.00974432 0.0131869 0.012787
1 0.0202189 0.826154 0.013189 0.0328342 0.0488673 0.00855962 0.0162262 0.00671218 0.0272384
10 0.955559 0.00777396 0.00543412 0.00731578 0.00699035 0.00756576 0.0021982 0.00297603 0.00418712
10 0.92949 0.00962177 0.0049716 0.0323975 0.00160025 0.0149916 0.00234884 0.00311168 0.00146688
-3 0.0177251 0.0224967 0.00496499 0.101341 0.00250086 0.821322 0.00765783 0.0172969 0.00469395
-2 0.0145353 0.00850232 0.861335 0.0251889 0.0584042 0.00679015 0.00998992 0.00270145 0.0125525
-1 0.07982 0.0137904 0.0160444 0.104242 0.744762 0.00975373 0.00751832 0.00505185 0.0190176
-1 0.0301833 0.00893296 0.022103 0.0344479 0.832322 0.047149 0.00782826 0.00545253 0.0115809
-1 0.0543706 0.00868782 0.0261589 0.0518879 0.819722 0.00791359 0.015319 0.00667875 0.00926159
-1 0.00712416 0.00462265 0.00771151 0.0390955 0.905852 0.00632483 0.0144084 0.00740396 0.0074566
-1 0.00423746 0.00389641 0.0118726 0.0363403 0.917148 0.0055172 0.00771047 0.00685884 0.00641918
-1 0.00415048 0.00389887 0.0116035 0.0363952 0.917604 0.00550791 0.00772036 0.00684832 0.00627079
-1 0.00324637 0.00505171 0.0102457 0.0255231 0.929717 0.00494243 0.00800355 0.00676059 0.00650945
-1 0.00465338 0.00571516 0.0096726 0.0262929 0.923518 0.00778272 0.0057782 0.00744584 0.00914166
-2 0.0474076 0.0144805 0.834662 0.0315458 0.0287355 0.0113203 0.0099354 0.0130488 0.00886456
-1 0.141026 0.106004 0.0399114 0.226273 0.372433 0.0240526 0.0252642 0.0181621 0.0468735
1 0.0219193 0.728248 0.0144247 0.0207998 0.169829 0.00976724 0.0115246 0.00829354 0.0151934
10 0.948482 0.00621333 0.00603683 0.0110416 0.00926426 0.00572598 0.00258884 0.0032215 0.00742533
-3 0.0187542 0.0236086 0.00487275 0.0920812 0.00301746 0.837083 0.00497564 0.0112358 0.00437102
-2 0.0136253 0.00615695 0.830601 0.0299469 0.0862885 0.00678633 0.0146399 0.0027318 0.00922337
-1 0.00411744 0.00329472 0.00580675 0.0549195 0.909469 0.00399234 0.00749353 0.00373415 0.00717213
-1 0.00773374 0.0065017 0.0126728 0.0152133 0.898764 0.0307953 0.01239 0.0078549 0.00807409
-1 0.00571357 0.00653135 0.0175029 0.0243396 0.910836 0.00840442 0.00614487 0.0114133 0.00911427
10 0.597621 0.0358517 0.0313821 0.0761006 0.203273 0.0125638 0.0121398 0.0116281 0.0194396
1 0.0142456 0.919284 0.00181028 0.0328914 0.00119474 0.0180731 0.00159954 0.00972708 0.00117381
10 0.95529 0.00749456 0.0054685 0.00768211 0.00676317 0.00765122 0.00243218 0.00300793 0.00420985
10 0.92949 0.00962177 0.0049716 0.0323975 0.00160025 0.0149916 0.00234884 0.00311168 0.00146688
-3 0.0138372 0.0184562 0.00470089 0.0993247 0.00173389 0.839503 0.00558008 0.0125507 0.00431329
-2 0.0145056 0.00693326 0.865208 0.0358585 0.0476157 0.00723137 0.0103607 0.00235982 0.00992659
-1 0.00695074 0.0044489 0.00768129 0.0716956 0.884536 0.00454318 0.00849496 0.00317565 0.00847327
-1 0.00623585 0.00350127 0.0100096 0.0272892 0.928642 0.0050567 0.00719825 0.00640159 0.00566537
-1 0.0089226 0.00545459 0.0145565 0.025816 0.882227 0.0372144 0.00951899 0.00816571 0.00812435
-1 0.00374546 0.00598647 0.0211402 0.026128 0.915099 0.0056684 0.0084861 0.00706808 0.00667867
-1 0.00443651 0.00533367 0.00584079 0.0271337 0.927589 0.00767102 0.00570156 0.00737595 0.00891778
10 0.917409 0.00462048 0.0174399 0.033283 0.00731796 0.00658324 0.00352813 0.00389995 0.00591815
10 0.789371 0.0123255 0.00303039 0.163624 0.0044919 0.0132231 0.00479207 0.00728629 0.00185623
1 0.0128698 0.936015 0.00264906 0.0228318 0.00148891 0.0111853 0.00226213 0.00962612 0.00107189
10 0.919387 0.00540864 0.0171905 0.0221237 0.0144618 0.00552232 0.00358346 0.00410331 0.0082194
1 0.0122012 0.920338 0.00140473 0.035877 0.00128045 0.0171118 0.00192245 0.00896159 0.000903075
10 0.916569 0.00903468 0.0064822 0.0115747 0.0350965 0.00537492 0.0053709 0.00639215 0.0041048
10 0.888916 0.00886068 0.0205956 0.0244698 0.0325576 0.00535531 0.00512087 0.00513605 0.00898757
1 0.0125084 0.921635 0.0013485 0.0359907 0.000867993 0.0170102 0.00122082 0.00842565 0.000992848
10 0.944184 0.00815461 0.00570891 0.0140674 0.00889698 0.00828756 0.00326777 0.00309808 0.00433464
10 0.925574 0.0100024 0.0052734 0.0309491 0.00171474 0.0160877 0.00416747 0.00507798 0.00115321
10 0.8836 0.00792058 0.0219861 0.0424515 0.0185029 0.00506211 0.00662777 0.00584935 0.00799931
0 0.0482302 0.0471209 0.00844457 0.794965 0.0156138 0.0441025 0.0101969 0.0199034 0.0114232
1 0.0182738 0.711922 0.0164755 0.0236229 0.179801 0.0100518 0.0169596 0.00843706 0.0144567
10 0.884443 0.00978411 0.00709581 0.0139055 0.0584393 0.00652536 0.00801759 0.00730969 0.00447997
10 0.907372 0.00608865 0.0191557 0.035633 0.0102025 0.00588921 0.00473613 0.00460815 0.00631447
10 0.886907 0.00912254 0.00210092 0.0864704 0.000514198 0.00772497 0.00175034 0.00454407 0.000865684
1 0.0130746 0.943362 0.00190396 0.0219309 0.00134222 0.00958153 0.00164469 0.00633918 0.000820616
1 0.0130162 0.771175 0.0163022 0.0347555 0.105651 0.0127951 0.023642 0.0106124 0.0120507
10 0.899985 0.00683549 0.0198075 0.0364509 0.0166897 0.00396347 0.00519159 0.00478738 0.00628862
1 0.0112983 0.940703 0.00104583 0.0295479 0.000674206 0.00707851 0.000887648 0.00799622 0.000768199
1 0.0160096 0.871086 0.00800713 0.0221317 0.0460221 0.0106524 0.0100495 0.0060542 0.00998725
10 0.920321 0.00819142 0.00781237 0.0114667 0.033381 0.0056934 0.00529005 0.00401099 0.00383336
10 0.8836 0.00792058 0.0219861 0.0424515 0.0185029 0.00506211 0.00662777 0.00584935 0.00799931
0 0.0345918 0.0367816 0.00544326 0.85017 0.00510615 0.0371207 0.00780806 0.0152392 0.00773957
1 0.0303528 0.711569 0.0156722 0.0243348 0.179931 0.00637649 0.0111231 0.00709831 0.0135425
1 0.0133842 0.754305 0.0103694 0.0294767 0.137533 0.013417 0.020382 0.0108904 0.0102427
10 0.888556 0.00873397 0.00864346 0.0119003 0.058446 0.00611467 0.00626354 0.00724488 0.00409698
10 0.907372 0.00608865 0.0191557 0.035633 0.0102025 0.00588921 0.00473613 0.00460815 0.00631447
10 0.886907 0.00912254 0.00210092 0.0864704 0.000514198 0.00772497 0.00175034 0.00454407 0.000865684
1 0.0143061 0.93479 0.00216358 0.0306322 0.000792424 0.00957033 0.00140967 0.00554466 0.000791067
1 0.0116483 0.777442 0.0148369 0.0355104 0.105757 0.0100779 0.0256234 0.00914619 0.00995865
1 0.0113618 0.729223 0.0148837 0.0234485 0.170967 0.0110576 0.0141921 0.0146287 0.0102375
10 0.899985 0.00683549 0.0198075 0.0364509 0.0166897 0.00396347 0.00519159 0.00478738 0.00628862
1 0.0116819 0.935153 0.00110577 0.0350577 0.000358003 0.00741072 0.000877681 0.00767302 0.000681926
1 0.0177656 0.889459 0.00718081 0.0205628 0.0394081 0.00560009 0.00627803 0.00480904 0.0089364
1 0.0157101 0.755723 0.0153171 0.0290987 0.133591 0.0128154 0.0187454 0.00933701 0.00966276
10 0.888556 0.00873397 0.00864346 0.0119003 0.058446 0.00611467 0.00626354 0.00724488 0.00409698
10 0.899985 0.00683549 0.0198075 0.0364509 0.0166897 0.00396347 0.00519159 0.00478738 0.00628862
1 0.0113274 0.936855 0.000977936 0.0341547 0.000402232 0.00627958 0.00100661 0.00830791 0.000688199
1 0.0189654 0.895826 0.00684997 0.0205215 0.032874 0.00594314 0.00437137 0.00492298 0.00972564
1 0.0193597 0.865413 0.0139891 0.0269937 0.0376333 0.01192 0.00940207 0.00501688 0.010272
10 0.923997 0.00753642 0.00769803 0.0149964 0.0227686 0.00958299 0.00628871 0.00357958 0.00355212
10 0.925618 0.0097755 0.00514581 0.0291555 0.00165637 0.0147173 0.00410319 0.00869587 0.00113283
10 0.876176 0.00966495 0.0221452 0.0288376 0.0332596 0.00644731 0.00642357 0.00608007 0.0109657
0 0.0570059 0.0489391 0.00951597 0.750879 0.0200365 0.0621723 0.0136228 0.0255734 0.0122547
10 0.972084 0.00455502 0.00504023 0.00577043 0.00268741 0.00237311 0.00157247 0.00221147 0.00370589
10 0.930725 0.00804966 0.00297791 0.041238 0.000750433 0.00980019 0.00260012 0.00309088 0.000767873
1 0.0125044 0.930632 0.00402331 0.0300821 0.000627993 0.0125864 0.00287915 0.00586314 0.000801542
1 0.0123405 0.734232 0.0160131 0.036733 0.135592 0.0112431 0.0285875 0.0145479 0.0107111
1 0.00838724 0.730709 0.0147226 0.0230982 0.176937 0.0108078 0.0109359 0.0144643 0.00993831
10 0.8836 0.00792058 0.0219861 0.0424515 0.0185029 0.00506211 0.00662777 0.00584935 0.00799931
0 0.0359768 0.038326 0.00561238 0.839675 0.00692813 0.0355124 0.0103968 0.019341 0.00823115
1 0.0407234 0.735464 0.0189984 0.0459213 0.115731 0.00913246 0.00964895 0.00875742 0.0156227
1 0.0190368 0.870723 0.00776156 0.0239113 0.0505194 0.00659383 0.00717083 0.00525223 0.00903146
1 0.0321567 0.742515 0.0178594 0.0362323 0.118343 0.0147249 0.017327 0.00946821 0.011374
10 0.905886 0.0076209 0.00813761 0.0148574 0.0377563 0.00901216 0.00705277 0.00603326 0.00364377
10 0.924842 0.00978396 0.00516683 0.0294169 0.00209756 0.0147325 0.00410182 0.00871973 0.0011385
10 0.909457 0.00704993 0.0186827 0.0237025 0.0143188 0.00857466 0.0045885 0.00477834 0.00884778
10 0.885039 0.00930315 0.00217298 0.0813128 0.000668863 0.0133158 0.00210534 0.00516697 0.00091512
10 0.946522 0.00838266 0.00374499 0.0206368 0.00122431 0.012179 0.00217236 0.00428872 0.00084935
1 0.011865 0.92935 0.0040837 0.0277516 0.000958618 0.0172749 0.00209388 0.00516792 0.00145483
-3 0.0680744 0.0427245 0.0402958 0.128187 0.0720318 0.556225 0.0391749 0.021013 0.0322734
-2 0.0117959 0.00691123 0.880271 0.0204075 0.0593973 0.00603763 0.00542924 0.00222511 0.00752458
-1 0.00242235 0.136306 0.00507431 0.0211858 0.809051 0.00336903 0.0104054 0.00400427 0.00818262
-1 0.00483965 0.00614993 0.00996116 0.0429873 0.905976 0.00853227 0.00455258 0.00752637 0.00947449
10 0.888916 0.00886068 0.0205956 0.0244698 0.0325576 0.00535531 0.00512087 0.00513605 0.00898757
1 0.0120003 0.925858 0.0011808 0.0345798 0.00101383 0.0139205 0.00136227 0.00911486 0.000969774
10 0.95751 0.00719667 0.00539184 0.00723917 0.00596807 0.00751204 0.00208883 0.00292934 0.00416452
10 0.92949 0.00962177 0.0049716 0.0323975 0.00160025 0.0149916 0.00234884 0.00311168 0.00146688
-3 0.0177251 0.0224967 0.00496499 0.101341 0.00250086 0.821322 0.00765783 0.0172969 0.00469395
-2 0.0145353 0.00850232 0.861335 0.0251889 0.0584042 0.00679015 0.00998992 0.00270145 0.0125525
-1 0.07982 0.0137904 0.0160444 0.104242 0.744762 0.00975373 0.00751832 0.00505185 0.0190176
-1 0.0301833 0.00893296 0.022103 0.0344479 0.832322 0.047149 0.00782826 0.00545253 0.0115809
-1 0.0543706 0.00868782 0.0261589 0.0518879 0.819722 0.00791359 0.015319 0.00667875 0.00926159
-1 0.00712416 0.00462265 0.00771151 0.0390955 0.905852 0.00632483 0.0144084 0.00740396 0.0074566
-1 0.00423746 0.00389641 0.0118726 0.0363403 0.917148 0.0055172 0.00771047 0.00685884 0.00641918
-1 0.00415048 0.00389887 0.0116035 0.0363952 0.917604 0.00550791 0.00772036 0.00684832 0.00627079
-1 0.00324637 0.00505171 0.0102457 0.0255231 0.929717 0.00494243 0.00800355 0.00676059 0.00650945
-1 0.00465338 0.00571516 0.0096726 0.0262929 0.923518 0.00778272 0.0057782 0.00744584 0.00914166
10 0.876176 0.00966495 0.0221452 0.0288376 0.0332596 0.00644731 0.00642357 0.00608007 0.0109657
0 0.0391915 0.0355498 0.00559572 0.826985 0.00658319 0.0486653 0.010233 0.0191333 0.00806339
10 0.931183 0.00720231 0.00678678 0.0057902 0.0349444 0.00230799 0.00282465 0.00344277 0.00551746
1 0.0133793 0.930007 0.00291835 0.0273944 0.00136038 0.0148949 0.00153071 0.00697912 0.0015355
-3 0.0474971 0.0325177 0.0383433 0.117665 0.125352 0.547504 0.0395816 0.0202203 0.0313189
-2 0.0115892 0.00591931 0.891591 0.0166953 0.0530172 0.00605804 0.00548731 0.0021849 0.00745823
-1 0.00414828 0.00338206 0.0060481 0.0590364 0.904423 0.0040667 0.00766932 0.00376762 0.0074581
-1 0.00449179 0.00527661 0.0102883 0.0189762 0.92142 0.00488467 0.0211768 0.00666099 0.00682411
-1 0.00485757 0.00551909 0.00967478 0.0226337 0.918024 0.00800648 0.00616414 0.0156675 0.00945312
10 0.8836 0.00792058 0.0219861 0.0424515 0.0185029 0.00506211 0.00662777 0.00584935 0.00799931
0 0.0554065 0.0524975 0.00975182 0.764195 0.0211188 0.0440879 0.0140554 0.0261656 0.0127219
1 0.0260196 0.725116 0.0145326 0.0212029 0.168109 0.00986238 0.0115465 0.00832289 0.0152877
10 0.948482 0.00621333 0.00603683 0.0110416 0.00926426 0.00572598 0.00258884 0.0032215 0.00742533
-3 0.0187542 0.0236086 0.00487275 0.0920812 0.00301746 0.837083 0.00497564 0.0112358 0.00437102
-2 0.0136253 0.00615695 0.830601 0.0299469 0.0862885 0.00678633 0.0146399 0.0027318 0.00922337
-1 0.00411744 0.00329472 0.00580675 0.0549195 0.909469 0.00399234 0.00749353 0.00373415 0.00717213
-1 0.00773374 0.0065017 0.0126728 0.0152133 0.898764 0.0307953 0.01239 0.0078549 0.00807409
-1 0.00571357 0.00653135 0.0175029 0.0243396 0.910836 0.00840442 0.00614487 0.0114133 0.00911427
10 0.578236 0.021954 0.0306722 0.0774369 0.235436 0.0166334 0.0123869 0.0114582 0.0157866
10 0.925012 0.00872613 0.0030168 0.0413706 0.00150232 0.0106568 0.0025936 0.00596136 0.00116028
-3 0.0301391 0.0276271 0.00937751 0.0846677 0.00518803 0.811245 0.00665259 0.0187877 0.00631548
10 0.872351 0.00536313 0.0127184 0.0244214 0.0631435 0.00303823 0.00612453 0.00172773 0.011112
0 0.112532 0.0817436 0.0301516 0.544216 0.0418594 0.0964156 0.0318287 0.0408904 0.0203624
3 0.0579508 0.0558574 0.0675592 0.121696 0.258057 0.0423569 0.309438 0.0436235 0.043461
4 0.0713739 0.0804027 0.0721325 0.113204 0.140043 0.0615484 0.0542351 0.364802 0.0422586
10 0.943438 0.0057178 0.00678234 0.00566493 0.0226459 0.00379567 0.00310163 0.00335699 0.00549629
10 0.94298 0.0086848 0.00343092 0.0227479 0.00123617 0.0130888 0.00251987 0.00422816 0.0010835
-3 0.0190055 0.0214757 0.00915139 0.0859549 0.00346782 0.832517 0.00726312 0.0155266 0.00563763
10 0.872351 0.00536313 0.0127184 0.0244214 0.0631435 0.00303823 0.00612453 0.00172773 0.011112
0 0.112532 0.0817436 0.0301516 0.544216 0.0418594 0.0964156 0.0318287 0.0408904 0.0203624
3 0.0579508 0.0558574 0.0675592 0.121696 0.258057 0.0423569 0.309438 0.0436235 0.043461
4 0.0713739 0.0804027 0.0721325 0.113204 0.140043 0.0615484 0.0542351 0.364802 0.0422586
-2 0.0486241 0.0166762 0.827082 0.0197271 0.0398534 0.0115579 0.0101714 0.0133422 0.0129658
-1 0.141488 0.0582555 0.0367285 0.118244 0.484726 0.0815446 0.0246093 0.0171726 0.0372321
10 0.825678 0.006144 0.0112333 0.0104551 0.126309 0.00191367 0.00247669 0.00171175 0.0140784
0 0.102423 0.0688226 0.0315823 0.606121 0.0346569 0.0852532 0.0202508 0.0307526 0.0201375
-1 0.132383 0.0595208 0.0723373 0.170819 0.28582 0.039007 0.174602 0.0241048 0.0414064
4 0.183174 0.0856291 0.0700802 0.190268 0.0991477 0.0750193 0.0498685 0.20894 0.0378738
10 0.898559 0.0116397 0.00855846 0.0137403 0.00815437 0.0128274 0.0115988 0.031244 0.00367786
10 0.911722 0.0105208 0.00475508 0.0314021 0.00286102 0.0151815 0.00572419 0.0164489 0.00138451
-1 0.141453 0.0621185 0.0439337 0.135222 0.278923 0.0820498 0.0247034 0.0236255 0.207971
-2 0.0189552 0.00471299 0.849341 0.0186393 0.0798861 0.00365896 0.00695674 0.00141333 0.0164363
10 0.942515 0.005946 0.0060629 0.0210417 0.00867158 0.00219959 0.00485112 0.00324067 0.00547103
-4 0.10431 0.0830724 0.0572863 0.120927 0.147809 0.0459951 0.0392533 0.0370021 0.364345
-4 0.0186631 0.014957 0.0247804 0.0513558 0.0276571 0.0154844 0.0198835 0.00984507 0.817374
-4 0.067811 0.0401271 0.0484399 0.113004 0.11321 0.0392369 0.0342815 0.0144167 0.529473
-2 0.0294933 0.00425326 0.842367 0.0160649 0.0778269 0.00351624 0.00969351 0.00163651 0.0151482
10 0.936088 0.00595843 0.00614301 0.0206013 0.0127212 0.00225541 0.00498295 0.00560691 0.00564256
-4 0.0595182 0.0401664 0.034624 0.0333549 0.332003 0.12292 0.0165708 0.0182277 0.342614
-2 0.0161923 0.00415011 0.876137 0.0145378 0.0507754 0.00669867 0.00625353 0.00145261 0.0238025
10 0.902755 0.00505268 0.00553848 0.00225821 0.0621051 0.00558765 0.00201229 0.00116021 0.0135301
-4 0.0288376 0.0226528 0.0280073 0.0206737 0.0892266 0.0494244 0.0147249 0.0194765 0.726976
-4 0.0281679 0.0150871 0.0290435 0.019444 0.0844321 0.0479993 0.0136551 0.00868086 0.75349
-2 0.020093 0.00427557 0.892049 0.0148706 0.0301291 0.00693565 0.0064025 0.0014977 0.0237471
10 0.902755 0.00505268 0.00553848 0.00225821 0.0621051 0.00558765 0.00201229 0.00116021 0.0135301
-4 0.04798 0.039235 0.0347254 0.0284118 0.0974906 0.0518411 0.0187592 0.0225152 0.659042
-4 0.00627281 0.00438752 0.0153292 0.00723201 0.0139846 0.0153122 0.00683965 0.00494664 0.925695
-4 0.0352485 0.0156494 0.0340035 0.0221185 0.0867051 0.0478254 0.0160227 0.00852492 0.733902
-2 0.0173918 0.00374259 0.878578 0.0123307 0.0501088 0.00654611 0.00858331 0.00163316 0.0210852
10 0.860296 0.00505388 0.00543688 0.00238391 0.104746 0.00511457 0.00198165 0.00173368 0.013253
10 0.895022 0.00821604 0.00798663 0.00854775 0.061137 0.00346209 0.00452428 0.00423618 0.00686794
-1 0.0243296 0.0413375 0.021792 0.0144742 0.83804 0.0222349 0.00687588 0.00794825 0.0229677
-1 0.0207097 0.300435 0.0204557 0.0111354 0.556252 0.0240481 0.00826286 0.0063679 0.0523332
10 0.895022 0.00821604 0.00798663 0.00854775 0.061137 0.00346209 0.00452428 0.00423618 0.00686794
-2 0.0257244 0.0139256 0.82272 0.0135243 0.0605709 0.023922 0.00888809 0.0118131 0.0189114
-1 0.0328609 0.0404882 0.0109295 0.0206107 0.847357 0.0132706 0.00488748 0.00362641 0.0259694
10 0.895022 0.00821604 0.00798663 0.00854775 0.061137 0.00346209 0.00452428 0.00423618 0.00686794
-2 0.0552749 0.0111235 0.810388 0.0171728 0.0521255 0.0224151 0.0062761 0.0100638 0.0151604
-1 0.0277857 0.0419784 0.00988517 0.0224366 0.858394 0.0106464 0.0050879 0.00327207 0.0205138
-1 0.00732782 0.151103 0.00965424 0.00484157 0.782384 0.0114819 0.00441224 0.00406908 0.0247257
10 0.895022 0.00821604 0.00798663 0.00854775 0.061137 0.00346209 0.00452428 0.00423618 0.00686794
-2 0.0474076 0.0144805 0.834662 0.0315458 0.0287355 0.0113203 0.0099354 0.0130488 0.00886456
-1 0.124824 0.0400961 0.0308899 0.273227 0.450049 0.0191724 0.0168542 0.0122317 0.0326554
-1 0.0154959 0.153431 0.0137479 0.0275205 0.763279 0.00550595 0.00740638 0.0041718 0.00944106
-1 0.00891541 0.00860147 0.0125137 0.0700873 0.859822 0.00799251 0.0156494 0.00645037 0.00996795
-1 0.009 0.00701331 0.0195417 0.0253922 0.903917 0.00893524 0.00931517 0.00743069 0.00945428
10 0.895022 0.00821604 0.00798663 0.00854775 0.061137 0.00346209 0.00452428 0.00423618 0.00686794
-3 0.03366 0.0165372 0.0362862 0.0274683 0.240144 0.553334 0.0173563 0.0131796 0.062034
-2 0.0193455 0.0113908 0.842842 0.0199651 0.054812 0.0160875 0.00822298 0.00306618 0.0242681
-1 0.00383666 0.00400203 0.00248969 0.00566344 0.963235 0.00543871 0.00206173 0.00143512 0.0118381
10 0.895022 0.00821604 0.00798663 0.00854775 0.061137 0.00346209 0.00452428 0.00423618 0.00686794
-3 0.038387 0.023987 0.0361809 0.0272635 0.23702 0.53531 0.0208766 0.0158853 0.0650899
-2 0.0186829 0.0105192 0.847175 0.011134 0.06382 0.0155621 0.0043526 0.00254538 0.0262089
-1 0.00452926 0.00309618 0.00210056 0.00863937 0.964809 0.00402371 0.00181059 0.00101292 0.00997823
-1 0.00355107 0.00389041 0.00843735 0.00368622 0.959734 0.00582025 0.0035364 0.00301964 0.00832466
-1 0.00520012 0.00423135 0.00828349 0.00422719 0.947124 0.0100219 0.00452076 0.00446358 0.011928
10 0.895022 0.00821604 0.00798663 0.00854775 0.061137 0.00346209 0.00452428 0.00423618 0.00686794
-3 0.0733711 0.0461437 0.0565978 0.0909268 0.239136 0.378971 0.0364799 0.0308671 0.0475058
-2 0.0213657 0.0120277 0.815911 0.0392523 0.0817452 0.00662255 0.00653284 0.00291515 0.0136272
-1 0.0328013 0.0107728 0.0153362 0.131919 0.774367 0.00756696 0.00595101 0.00401835 0.0172672
-1 0.0123848 0.121877 0.0135033 0.0278136 0.798823 0.005821 0.00680953 0.00408947 0.00887823
-1 0.00891541 0.00860147 0.0125137 0.0700873 0.859822 0.00799251 0.0156494 0.00645037 0.00996795
-1 0.009 0.00701331 0.0195417 0.0253922 0.903917 0.00893524 0.00931517 0.00743069 0.00945428
10 0.895022 0.00821604 0.00798663 0.00854775 0.061137 0.00346209 0.00452428 0.00423618 0.00686794
1 0.0149865 0.733163 0.0132368 0.0183719 0.178001 0.00888534 0.00829552 0.00716658 0.0178928
1 0.0146629 0.867945 0.00842288 0.020092 0.0495066 0.0112114 0.00715457 0.00620625 0.0147979
10 0.895022 0.00821604 0.00798663 0.00854775 0.061137 0.00346209 0.00452428 0.00423618 0.00686794
1 0.0524195 0.689479 0.0177134 0.0426397 0.152767 0.010737 0.00833302 0.00753208 0.0183789
1 0.0125328 0.879511 0.00714759 0.019219 0.0491748 0.0083922 0.00725284 0.0051475 0.0116223
1 0.0139117 0.779193 0.0135953 0.0211587 0.127412 0.0116972 0.0113804 0.00849756 0.0131538
10 0.895022 0.00821604 0.00798663 0.00854775 0.061137 0.00346209 0.00452428 0.00423618 0.00686794
10 0.865232 0.0096656 0.00719573 0.00617987 0.0937525 0.00371446 0.00333089 0.00334714 0.00758181
1 0.0158409 0.926089 0.00254221 0.0249256 0.00158348 0.0192019 0.00165618 0.0066894 0.0014709
10 0.895022 0.00821604 0.00798663 0.00854775 0.061137 0.00346209 0.00452428 0.00423618 0.00686794
10 0.9721 0.00440193 0.00436306 0.00342755 0.00520151 0.00183248 0.00183803 0.00195848 0.00487694
1 0.014859 0.934564 0.00202279 0.0228412 0.00159574 0.015501 0.0016195 0.00587357 0.00112344
1 0.0145414 0.775363 0.0155596 0.0303799 0.103483 0.0148339 0.0210868 0.00960064 0.0151517
10 0.895022 0.00821604 0.00798663 0.00854775 0.061137 0.00346209 0.00452428 0.00423618 0.00686794
10 0.960252 0.00650543 0.00486199 0.00441856 0.0120649 0.00187091 0.00258918 0.00228347 0.00515312
1 0.0192427 0.922129 0.00234322 0.0314776 0.000785377 0.0163482 0.00108729 0.00537784 0.0012088
1 0.0123536 0.869215 0.0114137 0.0242215 0.043873 0.0100521 0.0124656 0.00468705 0.0117181
1 0.0139117 0.779193 0.0135953 0.0211587 0.127412 0.0116972 0.0113804 0.00849756 0.0131538
10 0.895022 0.00821604 0.00798663 0.00854775 0.061137 0.00346209 0.00452428 0.00423618 0.00686794
-1 0.322732 0.0322134 0.0281298 0.0376745 0.535428 0.0125765 0.00867591 0.00876211 0.0138083
1 0.0138965 0.928054 0.0017895 0.0292214 0.00134798 0.0145149 0.00147306 0.00839117 0.0013112
10 0.895022 0.00821604 0.00798663 0.00854775 0.061137 0.00346209 0.00452428 0.00423618 0.00686794
10 0.741196 0.0215673 0.0197349 0.053888 0.130012 0.00754741 0.00722865 0.00644715 0.0123783
1 0.0164288 0.92714 0.00161328 0.0331644 0.00049954 0.0123804 0.000945809 0.00679399 0.00103355
1 0.0119893 0.893109 0.00678464 0.0181996 0.0391784 0.00730269 0.00699319 0.00485072 0.0115921
1 0.0139117 0.779193 0.0135953 0.0211587 0.127412 0.0116972 0.0113804 0.00849756 0.0131538
10 0.895022 0.00821604 0.00798663 0.00854775 0.061137 0.00346209 0.00452428 0.00423618 0.00686794
10 0.831348 0.0135121 0.0161266 0.0474644 0.0584771 0.00953624 0.00625873 0.00562606 0.0116509
10 0.963893 0.00769929 0.00203738 0.0125043 0.000261716 0.00849736 0.00131155 0.0032954 0.000499655
1 0.0139748 0.939622 0.00189308 0.02188 0.00145974 0.0130127 0.00152949 0.00557289 0.0010553
1 0.0145414 0.775363 0.0155596 0.0303799 0.103483 0.0148339 0.0210868 0.00960064 0.0151517
10 0.895022 0.00821604 0.00798663 0.00854775 0.061137 0.00346209 0.00452428 0.00423618 0.00686794
10 0.86584 0.00944237 0.00716106 0.00598673 0.0938073 0.00361783 0.00331111 0.00331303 0.00752058
1 0.0162078 0.92352 0.00288141 0.0263277 0.00152954 0.0200695 0.00145375 0.00601721 0.00199263
-3 0.0429161 0.0286239 0.0348512 0.109141 0.13878 0.558492 0.0360006 0.0179794 0.0332164
-2 0.0144111 0.00731655 0.88166 0.017119 0.0525231 0.00690789 0.00759355 0.00252062 0.00994833
-1 0.004847 0.00535126 0.00471501 0.0293715 0.932747 0.00496802 0.00452808 0.0034856 0.00998612
10 0.895022 0.00821604 0.00798663 0.00854775 0.061137 0.00346209 0.00452428 0.00423618 0.00686794
10 0.960252 0.00650543 0.00486199 0.00441856 0.0120649 0.00187091 0.00258918 0.00228347 0.00515312
1 0.0181103 0.936154 0.00195729 0.0201063 0.00127164 0.0141387 0.00117471 0.00596695 0.00112046
1 0.0346472 0.709641 0.0182311 0.0440163 0.125101 0.0189492 0.0160835 0.00858722 0.0247433
-3 0.0523091 0.0298118 0.0369963 0.0866729 0.180049 0.541689 0.0240721 0.0168727 0.031527
-2 0.0144111 0.00731655 0.88166 0.017119 0.0525231 0.00690789 0.00759355 0.00252062 0.00994833
-1 0.004847 0.00535126 0.00471501 0.0293715 0.932747 0.00496802 0.00452808 0.0034856 0.00998612
10 0.895022 0.00821604 0.00798663 0.00854775 0.061137 0.00346209 0.00452428 0.00423618 0.00686794
-1 0.0161021 0.013458 0.0186176 0.0115687 0.888176 0.0229134 0.00648349 0.00705194 0.015629
-1 0.00714781 0.0106043 0.0158184 0.00651943 0.929472 0.00853425 0.0047479 0.00282169 0.014334
-1 0.00566522 0.00484654 0.00830615 0.00499044 0.945538 0.0102288 0.00452683 0.00348869 0.0124092
10 0.895022 0.00821604 0.00798663 0.00854775 0.061137 0.00346209 0.00452428 0.00423618 0.00686794
-1 0.0254148 0.0390124 0.0238468 0.0131238 0.828666 0.0272112 0.00886116 0.00906161 0.0248024
-1 0.0094242 0.0115033 0.0146864 0.00690975 0.918055 0.0125519 0.00338492 0.003129 0.020355
10 0.895022 0.00821604 0.00798663 0.00854775 0.061137 0.00346209 0.00452428 0.00423618 0.00686794
-1 0.0161098 0.0134659 0.0187095 0.0115771 0.888047 0.0229219 0.00648537 0.00705378 0.0156297
-1 0.00675271 0.0102025 0.015623 0.00519491 0.932182 0.00841984 0.00467898 0.00278426 0.0141618
-1 0.00556233 0.00492798 0.00850317 0.005014 0.944947 0.0103118 0.00454867 0.00349954 0.0126857
10 0.895022 0.00821604 0.00798663 0.00854775 0.061137 0.00346209 0.00452428 0.00423618 0.00686794
-1 0.0236836 0.0376488 0.0232642 0.0111862 0.835798 0.0267524 0.00866498 0.00889155 0.0241102
-1 0.00937424 0.011487 0.0146648 0.0069002 0.918379 0.0125327 0.00337899 0.00312378 0.0201591
10 0.895022 0.00821604 0.00798663 0.00854775 0.061137 0.00346209 0.00452428 0.00423618 0.00686794
-1 0.0272985 0.0381604 0.0217408 0.0127535 0.831905 0.0267865 0.00875559 0.0089656 0.0236337
-1 0.017179 0.0113301 0.0217972 0.00828938 0.80398 0.0978623 0.00672115 0.00497585 0.0278645
-1 0.0165483 0.0121117 0.0328715 0.00859781 0.889948 0.0129636 0.00395058 0.00358887 0.0194199
-1 0.00715255 0.0041664 0.00472418 0.00793094 0.945041 0.0105893 0.00269899 0.00267653 0.0150198
-1 0.00656857 0.00428602 0.0150293 0.00781974 0.941872 0.00717714 0.00404021 0.00254511 0.0106616
-1 0.00394636 0.00239708 0.00853692 0.00604132 0.956706 0.00606162 0.00642048 0.00307736 0.00681274
-1 0.00402751 0.0037068 0.00835938 0.0041687 0.954669 0.0059335 0.00693201 0.0041342 0.00806871
-1 0.00460231 0.00396664 0.00761695 0.00402468 0.952209 0.00912035 0.00257014 0.00431842 0.0115711
10 0.895022 0.00821604 0.00798663 0.00854775 0.061137 0.00346209 0.00452428 0.00423618 0.00686794
-1 0.0161315 0.0133394 0.0185881 0.0122201 0.887747 0.0228462 0.00648781 0.00700172 0.0156382
-1 0.011518 0.0120662 0.0170237 0.00814583 0.900977 0.00978403 0.0203396 0.00343447 0.0167109
-1 0.00651722 0.00521396 0.00806325 0.00503386 0.940041 0.0102495 0.00470172 0.00711601 0.0130634
10 0.895022 0.00821604 0.00798663 0.00854775 0.061137 0.00346209 0.00452428 0.00423618 0.00686794
-1 0.015862 0.0131771 0.0168865 0.0115075 0.891156 0.0226848 0.00644265 0.00698221 0.015301
-1 0.00986847 0.00990413 0.0185826 0.00668302 0.867287 0.0544855 0.0111171 0.00363132 0.0184406
-1 0.00641129 0.00543829 0.0167185 0.00552631 0.93282 0.0108719 0.00481614 0.00497593 0.0124212
10 0.895022 0.00821604 0.00798663 0.00854775 0.061137 0.00346209 0.00452428 0.00423618 0.00686794
-1 0.0250129 0.0395186 0.0233273 0.0131467 0.829856 0.0270779 0.00882137 0.00901785 0.0242217
-1 0.0085561 0.00472972 0.0125142 0.007989 0.93455 0.0112106 0.00278633 0.00273882 0.014925
-1 0.0075659 0.00432813 0.0175143 0.00717475 0.888733 0.0523163 0.00522796 0.00302516 0.014115
-1 0.00548608 0.00523082 0.0202802 0.00592807 0.935591 0.00750654 0.00749236 0.00350173 0.00898342
-1 0.00466999 0.00372133 0.00354823 0.00397583 0.955308 0.00899097 0.00430636 0.00432154 0.011158
10 0.895022 0.00821604 0.00798663 0.00854775 0.061137 0.00346209 0.00452428 0.00423618 0.00686794
-2 0.0257244 0.0139256 0.82272 0.0135243 0.0605709 0.023922 0.00888809 0.0118131 0.0189114
-1 0.0363497 0.0130467 0.00536008 0.022294 0.89393 0.00878291 0.0022014 0.00169442 0.0163408
-1 0.00721696 0.0119963 0.0154943 0.00547585 0.932943 0.00736628 0.00284371 0.00271375 0.0139496
