labels 10 1 -2 0 -1 -3 3 4 -4
10 0.895022 0.00821604 0.00798663 0.00854775 0.061137 0.00346209 0.00452428 0.00423618 0.00686794
10 0.898639 0.00809353 0.00759844 0.00837714 0.0610305 0.0029402 0.00372075 0.00378623 0.00581446
1 0.0130255 0.931945 0.00256826 0.0261114 0.00144379 0.014283 0.00174486 0.00773776 0.0011406
10 0.941592 0.00599497 0.00691925 0.00666435 0.0227503 0.00391631 0.00315863 0.00342619 0.00557836
10 0.927251 0.0095573 0.00434408 0.032677 0.00169289 0.0149564 0.00311863 0.00519754 0.00120512
10 0.971538 0.00413393 0.00507822 0.00602836 0.00290408 0.00245584 0.0018741 0.00226544 0.00372231
10 0.914671 0.00963779 0.00400995 0.0447562 0.0022992 0.0145595 0.00413845 0.0047254 0.00120218
1 0.0114625 0.929054 0.00399536 0.0264087 0.00133699 0.015555 0.00332555 0.00777391 0.00108793
-2 0.0470782 0.016732 0.836813 0.0217452 0.030742 0.0125044 0.0100039 0.0131712 0.0112102
10 0.889187 0.00638501 0.00617205 0.0734082 0.0111409 0.00301415 0.00267655 0.00195626 0.00606026
10 0.916907 0.00994128 0.00397056 0.043149 0.00240393 0.0140734 0.00371951 0.00465299 0.00118209
1 0.0114625 0.929054 0.00399536 0.0264087 0.00133699 0.015555 0.00332555 0.00777391 0.00108793
-2 0.0483196 0.0166253 0.825433 0.0364071 0.0305196 0.0111992 0.0096548 0.0129584 0.00888287
1 0.0296447 0.734374 0.0135668 0.0446961 0.128508 0.00740612 0.0116011 0.00628531 0.0239184
1 0.0142018 0.872007 0.00798044 0.0220673 0.0470938 0.0105738 0.0100596 0.00606642 0.00994977
10 0.920321 0.00819142 0.00781237 0.0114667 0.033381 0.0056934 0.00529005 0.00401099 0.00383336
10 0.941592 0.00599497 0.00691925 0.00666435 0.0227503 0.00391631 0.00315863 0.00342619 0.00557836
10 0.927251 0.0095573 0.00434408 0.032677 0.00169289 0.0149564 0.00311863 0.00519754 0.00120512
10 0.96684 0.00533804 0.00521297 0.00656816 0.00476083 0.00224076 0.00257815 0.00258195 0.00387879
10 0.950198 0.00768554 0.00296597 0.0245492 0.000451879 0.00878795 0.00167929 0.00305285 0.000629141
1 0.0115814 0.938123 0.00296257 0.0245833 0.00106525 0.0134176 0.00238821 0.00505543 0.000823359
1 0.0130162 0.771175 0.0163022 0.0347555 0.105651 0.0127951 0.023642 0.0106124 0.0120507
-2 0.0483196 0.0166253 0.825433 0.0364071 0.0305196 0.0111992 0.0096548 0.0129584 0.00888287
1 0.0296447 0.734374 0.0135668 0.0446961 0.128508 0.00740612 0.0116011 0.00628531 0.0239184
1 0.0178171 0.878284 0.00860057 0.0239558 0.0358189 0.0105529 0.00889348 0.00552958 0.010548
10 0.923997 0.00753642 0.00769803 0.0149964 0.0227686 0.00958299 0.00628871 0.00357958 0.00355212
10 0.925618 0.0097755 0.00514581 0.0291555 0.00165637 0.0147173 0.00410319 0.00869587 0.00113283
-2 0.0483196 0.0166253 0.825433 0.0364071 0.0305196 0.0111992 0.0096548 0.0129584 0.00888287
1 0.0269492 0.756681 0.0161782 0.0612896 0.0857567 0.009382 0.0130809 0.00743822 0.023244
1 0.0168995 0.887797 0.00714193 0.0205994 0.0420709 0.00554441 0.00626266 0.00481781 0.00886622
1 0.0157101 0.755723 0.0153171 0.0290987 0.133591 0.0128154 0.0187454 0.00933701 0.00966276
10 0.888556 0.00873397 0.00864346 0.0119003 0.058446 0.00611467 0.00626354 0.00724488 0.00409698
-2 0.0483196 0.0166253 0.825433 0.0364071 0.0305196 0.0111992 0.0096548 0.0129584 0.00888287
1 0.0176506 0.847676 0.0115101 0.0405594 0.0383075 0.00576388 0.0117191 0.00569643 0.0211166
1 0.0184053 0.894314 0.00681078 0.0205523 0.0350591 0.00591129 0.00435127 0.00493211 0.00966391
1 0.0193597 0.865413 0.0139891 0.0269937 0.0376333 0.01192 0.00940207 0.00501688 0.010272
10 0.923997 0.00753642 0.00769803 0.0149964 0.0227686 0.00958299 0.00628871 0.00357958 0.00355212
10 0.925618 0.0097755 0.00514581 0.0291555 0.00165637 0.0147173 0.00410319 0.00869587 0.00113283
-2 0.0474076 0.0144805 0.834662 0.0315458 0.0287355 0.0113203 0.0099354 0.0130488 0.00886456
0 0.102259 0.0715658 0.036175 0.492294 0.192264 0.023001 0.0249774 0.0165953 0.0408683
1 0.0401542 0.730443 0.0184152 0.0457075 0.12365 0.00874501 0.00929323 0.0084617 0.0151307
1 0.0190368 0.870723 0.00776156 0.0239113 0.0505194 0.00659383 0.00717083 0.00525223 0.00903146
1 0.0321567 0.742515 0.0178594 0.0362323 0.118343 0.0147249 0.017327 0.00946821 0.011374
10 0.905886 0.0076209 0.00813761 0.0148574 0.0377563 0.00901216 0.00705277 0.00603326 0.00364377
10 0.924842 0.00978396 0.00516683 0.0294169 0.00209756 0.0147325 0.00410182 0.00871973 0.0011385
10 0.887515 0.00902076 0.00872902 0.00912803 0.0614403 0.00379753 0.00475332 0.00444005 0.011176
0 0.0738226 0.0569717 0.0215659 0.653436 0.0262642 0.0999833 0.018827 0.030505 0.0186245
-2 0.0337012 0.0158711 0.776938 0.049403 0.0604211 0.0209574 0.0152027 0.0132372 0.0142679
-1 0.0298969 0.00824123 0.0101339 0.0898486 0.83412 0.00580463 0.0066986 0.00302551 0.0122311
-1 0.00502557 0.0057078 0.0107231 0.0260251 0.927107 0.00520794 0.00816714 0.00507842 0.00695801
-1 0.00719264 0.00637884 0.0105164 0.0267028 0.913565 0.00858587 0.00963771 0.00781713 0.00960367
10 0.898639 0.00809353 0.00759844 0.00837714 0.0610305 0.0029402 0.00372075 0.00378623 0.00581446
1 0.0125869 0.930789 0.00290905 0.0274761 0.00132869 0.0148326 0.00152412 0.00699717 0.00155645
0 0.0823286 0.0458989 0.0409859 0.458565 0.189158 0.0884647 0.0402516 0.0212943 0.0330528
-2 0.0180239 0.0158762 0.806285 0.0360435 0.0607949 0.018663 0.016921 0.0151498 0.0122425
-1 0.00503588 0.00556896 0.00593517 0.0380912 0.921152 0.00503146 0.0054227 0.00416185 0.00960049
10 0.900301 0.0078013 0.00748137 0.00743203 0.0610212 0.00284164 0.00367247 0.00372142 0.00572747
1 0.0127938 0.935466 0.00249726 0.0250125 0.00138405 0.0121082 0.00169097 0.00755394 0.00149349
-3 0.0527655 0.0341265 0.0396835 0.111791 0.0927745 0.555263 0.0332117 0.02214 0.0582445
-2 0.0143694 0.00951639 0.850925 0.0378036 0.0376255 0.0197302 0.00661717 0.0031082 0.0203043
-1 0.026629 0.0045785 0.0387065 0.0334057 0.875071 0.00376799 0.00788591 0.00300003 0.00695536
-1 0.0354942 0.0510736 0.0140535 0.0931879 0.755281 0.0116156 0.0120768 0.0136591 0.0135587
-2 0.0481393 0.0164174 0.832233 0.0195642 0.0357652 0.011483 0.0101125 0.0133202 0.0129657
0 0.0989431 0.069949 0.0409727 0.511221 0.157012 0.0293607 0.0289229 0.0189085 0.0447103
10 0.916308 0.00823213 0.00699908 0.00621338 0.0476569 0.00243851 0.00301751 0.00354291 0.00559167
1 0.0133793 0.930007 0.00291835 0.0273944 0.00136038 0.0148949 0.00153071 0.00697912 0.0015355
-3 0.0474971 0.0325177 0.0383433 0.117665 0.125352 0.547504 0.0395816 0.0202203 0.0313189
-2 0.0115892 0.00591931 0.891591 0.0166953 0.0530172 0.00605804 0.00548731 0.0021849 0.00745823
-1 0.00414828 0.00338206 0.0060481 0.0590364 0.904423 0.0040667 0.00766932 0.00376762 0.0074581
-1 0.00449179 0.00527661 0.0102883 0.0189762 0.92142 0.00488467 0.0211768 0.00666099 0.00682411
-1 0.00485757 0.00551909 0.00967478 0.0226337 0.918024 0.00800648 0.00616414 0.0156675 0.00945312
10 0.909457 0.00704993 0.0186827 0.0237025 0.0143188 0.00857466 0.0045885 0.00477834 0.00884778
10 0.882727 0.00939782 0.00220282 0.0817336 0.000551 0.0163657 0.0015824 0.00453444 0.000905574
10 0.91737 0.00946189 0.00395927 0.04341 0.00240801 0.0140518 0.00353807 0.00462343 0.00117775
1 0.0114625 0.929054 0.00399536 0.0264087 0.00133699 0.015555 0.00332555 0.00777391 0.00108793
10 0.876176 0.00966495 0.0221452 0.0288376 0.0332596 0.00644731 0.00642357 0.00608007 0.0109657
0 0.0382274 0.0339803 0.0054161 0.834983 0.00480686 0.0523686 0.00763437 0.0150233 0.00756032
10 0.895671 0.00877478 0.00758762 0.0105807 0.0611772 0.00262606 0.00445869 0.00360125 0.00552308
1 0.012918 0.929868 0.00288862 0.0250419 0.001665 0.0135496 0.00241877 0.0104943 0.0011561
10 0.909457 0.00704993 0.0186827 0.0237025 0.0143188 0.00857466 0.0045885 0.00477834 0.00884778
10 0.882727 0.00939782 0.00220282 0.0817336 0.000551 0.0163657 0.0015824 0.00453444 0.000905574
10 0.930893 0.00794538 0.00294351 0.0418573 0.00092586 0.00945105 0.00220275 0.00302313 0.000758143
1 0.0113905 0.936128 0.00339599 0.024056 0.00133071 0.0126856 0.00337712 0.00679251 0.000843567
1 0.0132501 0.729078 0.0174459 0.035212 0.135078 0.0141592 0.0263117 0.0167006 0.0127647
10 0.899985 0.00683549 0.0198075 0.0364509 0.0166897 0.00396347 0.00519159 0.00478738 0.00628862
1 0.0112983 0.940703 0.00104583 0.0295479 0.000674206 0.00707851 0.000887648 0.00799622 0.000768199
1 0.0182161 0.879513 0.00864444 0.0239589 0.0340213 0.0106105 0.0089034 0.00552204 0.0106099
10 0.923997 0.00753642 0.00769803 0.0149964 0.0227686 0.00958299 0.00628871 0.00357958 0.00355212
10 0.925618 0.0097755 0.00514581 0.0291555 0.00165637 0.0147173 0.00410319 0.00869587 0.00113283
10 0.876176 0.00966495 0.0221452 0.0288376 0.0332596 0.00644731 0.00642357 0.00608007 0.0109657
0 0.0382274 0.0339803 0.0054161 0.834983 0.00480686 0.0523686 0.00763437 0.0150233 0.00756032
10 0.964616 0.00501524 0.00519237 0.00944641 0.00527318 0.00166593 0.00273046 0.00233247 0.00372801
1 0.0128592 0.936301 0.00236323 0.0230453 0.00171402 0.0110876 0.00245076 0.00927562 0.000903544
1 0.0132501 0.729078 0.0174459 0.035212 0.135078 0.0141592 0.0263117 0.0167006 0.0127647
10 0.909457 0.00704993 0.0186827 0.0237025 0.0143188 0.00857466 0.0045885 0.00477834 0.00884778
10 0.885039 0.00930315 0.00217298 0.0813128 0.000668863 0.0133158 0.00210534 0.00516697 0.00091512
10 0.950481 0.00758523 0.00294276 0.0249495 0.000548472 0.00846619 0.00141889 0.00298601 0.000622146
1 0.0127001 0.932528 0.00350328 0.0301656 0.000511986 0.0133522 0.0020339 0.00442331 0.000782018
1 0.0116483 0.777442 0.0148369 0.0355104 0.105757 0.0100779 0.0256234 0.00914619 0.00995865
1 0.0113618 0.729223 0.0148837 0.0234485 0.170967 0.0110576 0.0141921 0.0146287 0.0102375
10 0.907372 0.00608865 0.0191557 0.035633 0.0102025 0.00588921 0.00473613 0.00460815 0.00631447
10 0.886345 0.010233 0.00276678 0.0783502 0.00196453 0.0100486 0.00267832 0.00647175 0.00114165
1 0.0128348 0.94066 0.00230088 0.0229519 0.00130628 0.00999965 0.00159732 0.00693941 0.00140954
-3 0.0495943 0.0309493 0.0389489 0.113789 0.0914762 0.586342 0.0334639 0.0217232 0.0337128
-2 0.0124537 0.00710492 0.910132 0.0201049 0.0294167 0.0064034 0.00423006 0.00191944 0.00823522
-1 0.0151293 0.0069976 0.00806745 0.0705559 0.872079 0.00469305 0.00868836 0.00330637 0.0104826
-1 0.00657662 0.00504609 0.0104341 0.0262728 0.925141 0.00555193 0.0079293 0.00666979 0.00637878
-1 0.0603996 0.00498836 0.00895754 0.0163109 0.881145 0.00768622 0.00534925 0.0069258 0.00823759
10 0.888916 0.00886068 0.0205956 0.0244698 0.0325576 0.00535531 0.00512087 0.00513605 0.00898757
1 0.0130443 0.927705 0.00125205 0.0301456 0.000953199 0.0154899 0.00138276 0.00913733 0.000890281
10 0.952227 0.00658712 0.00592965 0.0103994 0.00686283 0.00542898 0.00210409 0.00309521 0.00736543
-3 0.0188653 0.0236973 0.00481629 0.0866996 0.00289338 0.842543 0.00494095 0.0112212 0.00432255
-2 0.0130986 0.00614576 0.864129 0.0292919 0.0548204 0.00694835 0.0136409 0.00276284 0.00916264
-1 0.00252266 0.00470036 0.00425815 0.036592 0.93058 0.00344211 0.00747084 0.00351488 0.00691939
-1 0.00380768 0.00508354 0.00904788 0.0202585 0.935887 0.00726744 0.00382494 0.00691261 0.00791076
10 0.940738 0.00822651 0.00636578 0.00583372 0.0208299 0.0027034 0.00367835 0.00346226 0.00816205
-3 0.0370502 0.0287266 0.00966726 0.0844758 0.00605698 0.792752 0.00897412 0.0254789 0.00681853
10 0.914359 0.00517293 0.0102676 0.0146173 0.0364055 0.00260918 0.00386873 0.00163867 0.0110613
0 0.0958631 0.0709359 0.0273623 0.608279 0.0378429 0.0878707 0.0233691 0.0293349 0.0191416
3 0.0578173 0.0562063 0.067285 0.131106 0.258432 0.0427222 0.307734 0.0355367 0.0431609
4 0.0806141 0.0810181 0.0730919 0.115014 0.122221 0.0617686 0.055742 0.367493 0.0430374
-2 0.0470782 0.016732 0.836813 0.0217452 0.030742 0.0125044 0.0100039 0.0131712 0.0112102
10 0.89879 0.00813454 0.00757354 0.0506358 0.01712 0.00348149 0.00385097 0.00278299 0.00763031
10 0.944379 0.00895557 0.00338376 0.0218934 0.00126679 0.012659 0.00225492 0.00414625 0.00106083
-3 0.0190055 0.0214757 0.00915139 0.0859549 0.00346782 0.832517 0.00726312 0.0155266 0.00563763
10 0.872351 0.00536313 0.0127184 0.0244214 0.0631435 0.00303823 0.00612453 0.00172773 0.011112
0 0.112532 0.0817436 0.0301516 0.544216 0.0418594 0.0964156 0.0318287 0.0408904 0.0203624
3 0.0579508 0.0558574 0.0675592 0.121696 0.258057 0.0423569 0.309438 0.0436235 0.043461
4 0.0713739 0.0804027 0.0721325 0.113204 0.140043 0.0615484 0.0542351 0.364802 0.0422586
-4 0.0617844 0.0539923 0.0425157 0.0895158 0.112316 0.0402349 0.0307812 0.0311316 0.537728
-4 0.0501355 0.040453 0.043161 0.0984176 0.105075 0.0400694 0.029537 0.0148326 0.578319
-2 0.0337492 0.00486086 0.877761 0.0194689 0.0356755 0.00380467 0.00720279 0.00147599 0.0160014
10 0.942515 0.005946 0.0060629 0.0210417 0.00867158 0.00219959 0.00485112 0.00324067 0.00547103
10 0.895022 0.00821604 0.00798663 0.00854775 0.061137 0.00346209 0.00452428 0.00423618 0.00686794
-1 0.0254973 0.0391347 0.0238474 0.0131278 0.828357 0.0272389 0.00887366 0.00907414 0.0248486
10 0.895022 0.00821604 0.00798663 0.00854775 0.061137 0.00346209 0.00452428 0.00423618 0.00686794
-1 0.0161044 0.0134818 0.0185772 0.0115385 0.888242 0.0229048 0.0064808 0.00704902 0.0156213
-1 0.00714482 0.0106264 0.0157816 0.00650178 0.929529 0.00852687 0.00474522 0.00281936 0.0143252
-1 0.00558644 0.00494283 0.00849524 0.00500388 0.944805 0.0103149 0.00454994 0.00350042 0.0128011
10 0.895022 0.00821604 0.00798663 0.00854775 0.061137 0.00346209 0.00452428 0.00423618 0.00686794
-1 0.0500603 0.0510745 0.028919 0.0833469 0.727895 0.0168473 0.0125072 0.0126418 0.0167077
-1 0.0233072 0.14125 0.0141362 0.0376323 0.747559 0.00975795 0.0077463 0.00541694 0.0131939
-1 0.0195993 0.016632 0.017502 0.0912142 0.816738 0.0092107 0.0105759 0.00533827 0.0131901
-1 0.0133109 0.00828775 0.0203768 0.0332836 0.888915 0.00939667 0.00978158 0.00614281 0.0105054
10 0.895022 0.00821604 0.00798663 0.00854775 0.061137 0.00346209 0.00452428 0.00423618 0.00686794
-2 0.0257244 0.0139256 0.82272 0.0135243 0.0605709 0.023922 0.00888809 0.0118131 0.0189114
-1 0.0364077 0.0130766 0.00535348 0.0222358 0.89392 0.00877793 0.00219879 0.00169304 0.0163364
-1 0.00721718 0.0120245 0.015459 0.00546189 0.93298 0.00736099 0.00284174 0.00271171 0.0139428
-1 0.00558644 0.00494283 0.00849524 0.00500388 0.944805 0.0103149 0.00454994 0.00350042 0.0128011
10 0.895022 0.00821604 0.00798663 0.00854775 0.061137 0.00346209 0.00452428 0.00423618 0.00686794
-3 0.038387 0.023987 0.0361809 0.0272635 0.23702 0.53531 0.0208766 0.0158853 0.0650899
-2 0.0230197 0.0102015 0.849787 0.0164834 0.0566192 0.0149166 0.00441089 0.00256795 0.0219935
-1 0.00531819 0.0102961 0.00275473 0.00821282 0.95468 0.00382138 0.0016907 0.00105615 0.0121695
-1 0.00614819 0.122362 0.00867122 0.00429907 0.817902 0.0114569 0.0038831 0.00379422 0.0214834
10 0.895022 0.00821604 0.00798663 0.00854775 0.061137 0.00346209 0.00452428 0.00423618 0.00686794
1 0.014986 0.714082 0.0157857 0.0189708 0.184294 0.0111005 0.0117677 0.00822368 0.0207895
10 0.895022 0.00821604 0.00798663 0.00854775 0.061137 0.00346209 0.00452428 0.00423618 0.00686794
10 0.84092 0.00937831 0.0149665 0.0466065 0.0612667 0.00642003 0.00481188 0.00479208 0.0108384
1 0.0134361 0.935585 0.00149609 0.0264519 0.00127941 0.0117899 0.00146846 0.00748531 0.00100808
1 0.012456 0.808675 0.00906554 0.0204245 0.104356 0.0104321 0.0114675 0.00906161 0.0140623
10 0.895022 0.00821604 0.00798663 0.00854775 0.061137 0.00346209 0.00452428 0.00423618 0.00686794
10 0.872561 0.00807627 0.0143199 0.043761 0.0303937 0.0104238 0.00463161 0.00473252 0.0111003
10 0.93942 0.00927559 0.0027831 0.0243654 0.00123825 0.0140088 0.00314748 0.00483451 0.000926723
1 0.0144673 0.93152 0.00261779 0.0226272 0.00166286 0.015129 0.00211386 0.00850204 0.00135985
10 0.895022 0.00821604 0.00798663 0.00854775 0.061137 0.00346209 0.00452428 0.00423618 0.00686794
10 0.831348 0.0135121 0.0161266 0.0474644 0.0584771 0.00953624 0.00625873 0.00562606 0.0116509
10 0.963893 0.00769929 0.00203738 0.0125043 0.000261716 0.00849736 0.00131155 0.0032954 0.000499655
1 0.0158966 0.930406 0.0021545 0.0304911 0.000847687 0.0129911 0.00131106 0.00486902 0.00103324
1 0.0129366 0.783933 0.0140324 0.0309148 0.103478 0.0115043 0.022645 0.00816394 0.0123915
1 0.0130222 0.737748 0.0142094 0.0203651 0.163518 0.0124483 0.0125383 0.0130709 0.0130799
10 0.895022 0.00821604 0.00798663 0.00854775 0.061137 0.00346209 0.00452428 0.00423618 0.00686794
10 0.960252 0.00650543 0.00486199 0.00441856 0.0120649 0.00187091 0.00258918 0.00228347 0.00515312
1 0.0182884 0.927349 0.00199922 0.030059 0.000877311 0.0132656 0.00120381 0.0057892 0.00116874
1 0.0366366 0.740069 0.0146192 0.0406199 0.121723 0.0147709 0.01166 0.00663878 0.0132623
1 0.0288887 0.708628 0.0187441 0.0317614 0.158755 0.0132783 0.0121215 0.00742165 0.0204005
-3 0.0365443 0.0249873 0.0351824 0.0834898 0.205879 0.528108 0.0331431 0.0220837 0.030583
-2 0.0143595 0.00732786 0.881379 0.0167149 0.0526644 0.00680404 0.00760186 0.00325453 0.00989416
-1 0.00388113 0.00521406 0.00463148 0.0292385 0.935447 0.0049051 0.00336462 0.00343287 0.0098856
10 0.895022 0.00821604 0.00798663 0.00854775 0.061137 0.00346209 0.00452428 0.00423618 0.00686794
-1 0.0701508 0.0285868 0.0281417 0.0344559 0.77912 0.0230471 0.00838145 0.00865614 0.0194602
-1 0.023929 0.0405743 0.0184079 0.018643 0.855233 0.01302 0.00607906 0.00435663 0.0197572
-1 0.00617098 0.122629 0.00878092 0.00489012 0.815508 0.0111074 0.00545949 0.00386086 0.0215928
10 0.895022 0.00821604 0.00798663 0.00854775 0.061137 0.00346209 0.00452428 0.00423618 0.00686794
-1 0.0339149 0.035348 0.0227682 0.0138887 0.824856 0.0271187 0.00768682 0.00815118 0.0262675
-1 0.00799667 0.00991787 0.0153849 0.00772162 0.928803 0.00920051 0.00472285 0.00279679 0.0134554
-1 0.0600104 0.00428883 0.00810447 0.00467959 0.893913 0.00918253 0.00431412 0.00330517 0.0122018
10 0.895022 0.00821604 0.00798663 0.00854775 0.061137 0.00346209 0.00452428 0.00423618 0.00686794
-1 0.0250768 0.0388361 0.023691 0.0130807 0.831152 0.0270706 0.00883111 0.00901675 0.0232449
-1 0.00853238 0.00493314 0.0139693 0.00826384 0.93317 0.0112443 0.00280635 0.00275227 0.0143286
-1 0.00597294 0.00418376 0.0132232 0.00746325 0.944293 0.0078223 0.00409788 0.00252334 0.01042
-1 0.00630561 0.00435321 0.0116941 0.00487417 0.906632 0.0422726 0.00821052 0.00390101 0.0117571
-1 0.00573564 0.00470248 0.0165104 0.0047702 0.936683 0.0106251 0.00474339 0.00464816 0.0115813
10 0.895022 0.00821604 0.00798663 0.00854775 0.061137 0.00346209 0.00452428 0.00423618 0.00686794
-1 0.0572603 0.0344448 0.0257963 0.0370248 0.777329 0.0270812 0.00849041 0.00877857 0.0237948
-1 0.00824669 0.0098246 0.0159379 0.00669116 0.891987 0.0441327 0.00453147 0.0028935 0.0157554
-1 0.0066372 0.121867 0.0149076 0.00518661 0.808647 0.0126765 0.00565178 0.00400951 0.0204166
10 0.895022 0.00821604 0.00798663 0.00854775 0.061137 0.00346209 0.00452428 0.00423618 0.00686794
-2 0.0256599 0.0139191 0.822747 0.0135604 0.0605739 0.0239243 0.00889294 0.0118124 0.0189102
-1 0.0323217 0.0401567 0.0107082 0.0205717 0.850961 0.0130754 0.00481822 0.00357062 0.0238169
-1 0.00867609 0.00517925 0.0133816 0.00658071 0.938997 0.009228 0.00170449 0.00260363 0.0136491
-1 0.00597294 0.00418376 0.0132232 0.00746325 0.944293 0.0078223 0.00409788 0.00252334 0.01042
-1 0.00630561 0.00435321 0.0116941 0.00487417 0.906632 0.0422726 0.00821052 0.00390101 0.0117571
-1 0.00573564 0.00470248 0.0165104 0.0047702 0.936683 0.0106251 0.00474339 0.00464816 0.0115813
10 0.895022 0.00821604 0.00798663 0.00854775 0.061137 0.00346209 0.00452428 0.00423618 0.00686794
-2 0.0257244 0.0139256 0.82272 0.0135243 0.0605709 0.023922 0.00888809 0.0118131 0.0189114
-1 0.036347 0.0130458 0.00536351 0.0222937 0.893947 0.00878188 0.00220109 0.00169417 0.0163254
-1 0.00673008 0.0115271 0.0153221 0.00446449 0.935471 0.00724954 0.00277959 0.00268129 0.0137745
-1 0.00556233 0.00492798 0.00850317 0.005014 0.944947 0.0103118 0.00454867 0.00349954 0.0126857
10 0.895022 0.00821604 0.00798663 0.00854775 0.061137 0.00346209 0.00452428 0.00423618 0.00686794
-2 0.0411695 0.0100492 0.853365 0.019006 0.0365249 0.0115689 0.00727015 0.0122618 0.00878403
-1 0.0340816 0.0491869 0.0121522 0.101658 0.762223 0.00854716 0.0112986 0.00526946 0.0155829
-1 0.00967028 0.00747282 0.0100222 0.0272643 0.91775 0.00704401 0.00577162 0.00563755 0.00936762
10 0.895022 0.00821604 0.00798663 0.00854775 0.061137 0.00346209 0.00452428 0.00423618 0.00686794
-2 0.027181 0.0138539 0.823125 0.0135396 0.0591449 0.0239121 0.00886121 0.0117942 0.0185879
-1 0.0366365 0.0130116 0.00543703 0.0239396 0.891554 0.00887818 0.00227492 0.00171887 0.0165495
-1 0.00847888 0.0122471 0.0151912 0.00587615 0.922922 0.00740467 0.0104617 0.00287561 0.0145431
-1 0.00651722 0.00521396 0.00806325 0.00503386 0.940041 0.0102495 0.00470172 0.00711601 0.0130634
10 0.895022 0.00821604 0.00798663 0.00854775 0.061137 0.00346209 0.00452428 0.00423618 0.00686794
-2 0.0257094 0.0142381 0.822486 0.0135863 0.0605681 0.0238331 0.00888978 0.0118063 0.0188825
-1 0.0363507 0.0128828 0.00522051 0.0224899 0.894149 0.00875488 0.00219963 0.00167911 0.0162735
-1 0.0084477 0.0106314 0.0170994 0.00535727 0.887983 0.043782 0.00679858 0.0032537 0.0166467
-1 0.00641129 0.00543829 0.0167185 0.00552631 0.93282 0.0108719 0.00481614 0.00497593 0.0124212
10 0.895022 0.00821604 0.00798663 0.00854775 0.061137 0.00346209 0.00452428 0.00423618 0.00686794
10 0.895022 0.00821604 0.00798663 0.00854775 0.061137 0.00346209 0.00452428 0.00423618 0.00686794
-4 0.0288376 0.0226528 0.0280073 0.0206737 0.0892266 0.0494244 0.0147249 0.0194765 0.726976
-4 0.0281679 0.0150871 0.0290435 0.019444 0.0844321 0.0479993 0.0136551 0.00868086 0.75349
-2 0.020093 0.00427557 0.892049 0.0148706 0.0301291 0.00693565 0.0064025 0.0014977 0.0237471
10 0.902755 0.00505268 0.00553848 0.00225821 0.0621051 0.00558765 0.00201229 0.00116021 0.0135301
10 0.895022 0.00821604 0.00798663 0.00854775 0.061137 0.00346209 0.00452428 0.00423618 0.00686794
-4 0.0364599 0.0325283 0.0312818 0.0311114 0.0918424 0.0452655 0.0194786 0.0233419 0.68869
-4 0.0350964 0.0222632 0.0314093 0.0308862 0.0848508 0.0439096 0.0181853 0.0103516 0.723048
-2 0.0271234 0.00460549 0.88389 0.01478 0.0348985 0.00542774 0.00654825 0.00144055 0.021286
10 0.95143 0.00494744 0.0045496 0.00224894 0.0213224 0.00318609 0.00245175 0.00146913 0.00839512
-4 0.0557593 0.0482476 0.0374307 0.0355028 0.101974 0.0504775 0.0219288 0.0248468 0.623832
-4 0.00701938 0.00535466 0.01587 0.00954672 0.0143883 0.0148851 0.00827794 0.00551136 0.919147
-4 0.0403893 0.0188446 0.0348558 0.0274355 0.0866851 0.0455966 0.0184975 0.009253 0.718443
-2 0.0190886 0.0038899 0.873799 0.0121812 0.0548196 0.0057661 0.00871587 0.00161645 0.020123
10 0.907144 0.00488979 0.0048475 0.00227179 0.0620694 0.00390276 0.00217627 0.00202382 0.0106745
