labels 10 1 -2 0 -3 -1 3 4 -4
10 0.967549 0.00257277 0.00291962 0.00154226 0.00290478 0.0155057 0.00229209 0.00158723 0.00312662
10 0.969611 0.00266979 0.0029583 0.00160003 0.00222994 0.0153737 0.00177159 0.00152073 0.00226478
1 0.0101598 0.928214 0.0052424 0.0155064 0.00820885 0.0227727 0.0025098 0.00317556 0.00421063
10 0.980381 0.00249552 0.00262866 0.00145077 0.00448724 0.0030476 0.00167807 0.00152104 0.00230968
10 0.964939 0.00448877 0.00261323 0.011393 0.00549956 0.00537632 0.00133237 0.00159301 0.00276437
10 0.984694 0.00230955 0.00325313 0.00177963 0.00213166 0.00140358 0.00151976 0.00136772 0.00154057
10 0.951085 0.00554775 0.00363679 0.0206229 0.00535832 0.00717355 0.00228971 0.00192607 0.00235969
1 0.00915318 0.930091 0.00610037 0.0176346 0.00870204 0.0137682 0.00552304 0.00456228 0.00446547
-2 0.0281957 0.00852148 0.916044 0.0103183 0.00769023 0.011628 0.00523123 0.00531649 0.00705479
10 0.958985 0.00449872 0.00174249 0.0219227 0.00553486 0.00324628 0.00114483 0.00168796 0.00123741
10 0.951349 0.00705291 0.00344009 0.0202432 0.0053614 0.00644671 0.00185266 0.00184471 0.00240963
1 0.00915318 0.930091 0.00610037 0.0176346 0.00870204 0.0137682 0.00552304 0.00456228 0.00446547
-2 0.0295441 0.00810866 0.909551 0.0103766 0.00544978 0.0191719 0.00524743 0.00503424 0.00751599
1 0.0110153 0.924289 0.00526156 0.0140258 0.0105 0.0204353 0.00427161 0.00449292 0.0057087
10 0.959536 0.00658136 0.00270838 0.0131701 0.00603808 0.00631993 0.00143954 0.0019037 0.00230317
10 0.959029 0.00610918 0.00422373 0.0125454 0.0059281 0.00528984 0.0017989 0.0023508 0.00272463
-2 0.0292468 0.00764222 0.910407 0.0161744 0.00532608 0.0171693 0.0048802 0.00466518 0.00448867
1 0.00746993 0.933802 0.00470251 0.0112052 0.00429365 0.0268109 0.00298687 0.00343803 0.0052909
1 0.0133463 0.924005 0.00387717 0.0187666 0.0088725 0.0220766 0.00254944 0.00319017 0.00331588
10 0.958663 0.00620236 0.00352663 0.00914292 0.00401986 0.0119081 0.00147283 0.00241497 0.00264896
10 0.980381 0.00249552 0.00262866 0.00145077 0.00448724 0.0030476 0.00167807 0.00152104 0.00230968
10 0.964939 0.00448877 0.00261323 0.011393 0.00549956 0.00537632 0.00133237 0.00159301 0.00276437
10 0.984694 0.00230955 0.00325313 0.00177963 0.00213166 0.00140358 0.00151976 0.00136772 0.00154057
10 0.972367 0.00467436 0.00300863 0.0126593 0.00223397 0.00110896 0.00102528 0.00141293 0.00150925
1 0.00808099 0.939276 0.00549434 0.0162828 0.00750444 0.0114523 0.00541374 0.00303375 0.00346178
1 0.00772379 0.919706 0.00597958 0.0204661 0.00792609 0.0236651 0.00541485 0.00415334 0.00496524
-2 0.0292468 0.00764222 0.910407 0.0161744 0.00532608 0.0171693 0.0048802 0.00466518 0.00448867
1 0.00746993 0.933802 0.00470251 0.0112052 0.00429365 0.0268109 0.00298687 0.00343803 0.0052909
1 0.012343 0.941181 0.00399848 0.0181617 0.00529264 0.00760259 0.00294687 0.00374838 0.0047258
10 0.953317 0.00729077 0.00438427 0.0140345 0.00679919 0.00674053 0.0022479 0.00289191 0.00229388
10 0.958191 0.0063223 0.00420581 0.0119292 0.00567379 0.00605507 0.00200244 0.00285599 0.00276485
-2 0.0275969 0.00681002 0.916657 0.0131812 0.00520635 0.0166204 0.00498712 0.00451911 0.0044222
0 0.0385768 0.0333471 0.0130775 0.732298 0.0165813 0.133684 0.0092971 0.0114683 0.0116697
1 0.013035 0.922525 0.00729959 0.00878507 0.00384729 0.0273861 0.00599049 0.00431768 0.00681421
1 0.0112336 0.915681 0.00585065 0.0193317 0.00936109 0.0247816 0.00430229 0.00562845 0.0038297
10 0.953106 0.007106 0.0035838 0.00894468 0.00399448 0.0159097 0.00165017 0.00297792 0.00272733
-2 0.0292468 0.00764222 0.910407 0.0161744 0.00532608 0.0171693 0.0048802 0.00466518 0.00448867
1 0.0074349 0.935253 0.00494879 0.0203647 0.00576677 0.0163772 0.00269575 0.00319769 0.00396152
1 0.00953872 0.947676 0.00360862 0.0161426 0.00312076 0.0105179 0.00209391 0.00283854 0.00446287
1 0.0131119 0.92297 0.00638826 0.0178976 0.00971634 0.0173272 0.00409922 0.0047233 0.00376643
10 0.953106 0.007106 0.0035838 0.00894468 0.00399448 0.0159097 0.00165017 0.00297792 0.00272733
10 0.984694 0.00230955 0.00325313 0.00177963 0.00213166 0.00140358 0.00151976 0.00136772 0.00154057
10 0.972367 0.00467436 0.00300863 0.0126593 0.00223397 0.00110896 0.00102528 0.00141293 0.00150925
1 0.00959497 0.943358 0.00588294 0.0193015 0.00593002 0.00387953 0.00525807 0.00312931 0.00366591
1 0.00683163 0.927043 0.00587526 0.0208604 0.00624683 0.0192189 0.0060749 0.00400788 0.00384149
1 0.0100174 0.924877 0.00616696 0.0122951 0.00661763 0.0272787 0.00289064 0.0051218 0.00473441
-2 0.0292468 0.00764222 0.910407 0.0161744 0.00532608 0.0171693 0.0048802 0.00466518 0.00448867
1 0.0074349 0.935253 0.00494879 0.0203647 0.00576677 0.0163772 0.00269575 0.00319769 0.00396152
1 0.0106455 0.951201 0.00334217 0.0132877 0.00319523 0.00924806 0.00138625 0.00251292 0.00518154
1 0.0127076 0.934097 0.00647179 0.0191795 0.0068324 0.00677212 0.00436909 0.00392504 0.00564508
10 0.953317 0.00729077 0.00438427 0.0140345 0.00679919 0.00674053 0.0022479 0.00289191 0.00229388
10 0.958191 0.0063223 0.00420581 0.0119292 0.00567379 0.00605507 0.00200244 0.00285599 0.00276485
-2 0.0275969 0.00681002 0.916657 0.0131812 0.00520635 0.0166204 0.00498712 0.00451911 0.0044222
0 0.0385768 0.0333471 0.0130775 0.732298 0.0165813 0.133684 0.0092971 0.0114683 0.0116697
1 0.0143254 0.929637 0.00721448 0.011561 0.00468941 0.0203963 0.00321443 0.00339944 0.00556211
1 0.00826225 0.941785 0.00550715 0.0173526 0.0035885 0.0114563 0.00319221 0.00339225 0.00546423
1 0.0130256 0.9318 0.00673201 0.0184104 0.00620493 0.00764706 0.00485416 0.00582313 0.00550255
10 0.952088 0.00771679 0.00436663 0.0132869 0.00641917 0.00796218 0.00244238 0.00337415 0.00234394
10 0.942017 0.00872192 0.00463773 0.0144789 0.00620936 0.015407 0.0021024 0.00330942 0.00311597
10 0.965562 0.00309761 0.00322039 0.00247391 0.00308634 0.015615 0.00185725 0.00160653 0.00348044
-3 0.0185554 0.0148406 0.00907182 0.0353165 0.874781 0.0235207 0.00502799 0.00730585 0.0115797
-2 0.0188359 0.00823847 0.897624 0.0216339 0.00824944 0.0294931 0.00514938 0.00462184 0.00615418
-1 0.0041339 0.0045778 0.0019744 0.0314339 0.00945945 0.938944 0.00345654 0.00296272 0.00305697
-1 0.00468459 0.00236955 0.00488184 0.0211992 0.00323771 0.95456 0.00267887 0.00286858 0.00352008
-1 0.00328027 0.00192068 0.00461054 0.0113934 0.00396337 0.966288 0.00218673 0.00280974 0.0035475
10 0.985878 0.00220927 0.00156855 0.000992806 0.00120375 0.00356242 0.0014915 0.0012705 0.00182342
1 0.0110851 0.921972 0.00541836 0.0216857 0.00730075 0.0209469 0.00266746 0.0034359 0.00548781
-3 0.0187788 0.0184442 0.0132123 0.0503812 0.828798 0.0363425 0.0130413 0.00956557 0.011436
-2 0.00980704 0.00694041 0.913495 0.0157554 0.00692877 0.0321805 0.00454046 0.00594527 0.00440744
-1 0.00467154 0.00513446 0.00196811 0.0167699 0.00982983 0.951034 0.00251371 0.00512924 0.00294949
-2 0.0279847 0.00787548 0.916495 0.0155206 0.00733852 0.0109135 0.00483616 0.00482961 0.00420622
10 0.955811 0.00426533 0.00153209 0.0126309 0.00502026 0.0162743 0.00121273 0.00174019 0.00151333
1 0.0142135 0.941578 0.00386575 0.0135422 0.00609505 0.0123939 0.00179892 0.00273337 0.00377965
0 0.037707 0.0385028 0.0152103 0.716304 0.0224363 0.12845 0.0157927 0.011906 0.0136906
-3 0.028277 0.0165328 0.0190348 0.019817 0.827821 0.0455709 0.014676 0.0111805 0.0170903
-2 0.0103234 0.00809134 0.909871 0.0155824 0.00674374 0.0317635 0.00528097 0.00724962 0.00509441
-1 0.00323488 0.00596649 0.0019909 0.0185212 0.00896594 0.951094 0.00182773 0.00529378 0.00310483
10 0.985878 0.00220927 0.00156855 0.000992806 0.00120375 0.00356242 0.0014915 0.0012705 0.00182342
1 0.0110851 0.921972 0.00541836 0.0216857 0.00730075 0.0209469 0.00266746 0.0034359 0.00548781
-3 0.0254688 0.0196705 0.0133791 0.0515181 0.822618 0.0245075 0.00956739 0.00945845 0.0238116
-2 0.020162 0.00873152 0.88911 0.0179073 0.0145321 0.0287056 0.00428757 0.00453628 0.0120279
-1 0.0177325 0.00398054 0.0209355 0.0218331 0.00670184 0.917798 0.0040683 0.00421253 0.00273792
-1 0.00364873 0.00244876 0.00153464 0.0215933 0.00417364 0.95966 0.00136649 0.00234306 0.00323184
-2 0.0279847 0.00787548 0.916495 0.0155206 0.00733852 0.0109135 0.00483616 0.00482961 0.00420622
10 0.974559 0.00382126 0.000993969 0.00879825 0.00280845 0.00529903 0.00103178 0.00146327 0.00122478
1 0.012205 0.927413 0.00375387 0.0208511 0.00660371 0.0195641 0.00189226 0.00298032 0.0047365
-3 0.021767 0.0168508 0.0120968 0.0383429 0.856032 0.025448 0.00898193 0.00916735 0.0113137
-2 0.0127002 0.0067631 0.916292 0.0171041 0.00668558 0.0278885 0.00415277 0.00406769 0.00434564
-1 0.00865267 0.0163131 0.00395013 0.0447283 0.00847795 0.898959 0.00631599 0.00640161 0.00620092
-1 0.0113251 0.00562892 0.00922763 0.0311238 0.00981337 0.919037 0.00353915 0.00572855 0.00457629
-1 0.0346593 0.00181339 0.00415094 0.00949522 0.00354329 0.938127 0.00149268 0.00276285 0.00395527
-2 0.0277613 0.00726446 0.916184 0.00875863 0.00535276 0.0165849 0.00545027 0.00493683 0.00770692
0 0.0658979 0.0360721 0.0138654 0.704535 0.0379658 0.108323 0.0094239 0.012054 0.0118635
10 0.984927 0.00378909 0.00152465 0.00116659 0.00129949 0.00302165 0.00116959 0.0012182 0.00188331
1 0.0110851 0.921972 0.00541836 0.0216857 0.00730075 0.0209469 0.00266746 0.0034359 0.00548781
-3 0.0187788 0.0184442 0.0132123 0.0503812 0.828798 0.0363425 0.0130413 0.00956557 0.011436
-2 0.0191643 0.00811232 0.898224 0.0177858 0.0073101 0.0334956 0.00477682 0.00616597 0.00496516
-1 0.00452501 0.00640617 0.00206324 0.0448112 0.00653094 0.922595 0.0046082 0.00529951 0.0031609
-1 0.00658994 0.00452314 0.00629788 0.0195424 0.00334689 0.936014 0.0146039 0.00411512 0.00496657
-1 0.00538225 0.00346302 0.00477697 0.0140972 0.00455467 0.944156 0.00195493 0.0167315 0.00488378
10 0.9584 0.00385194 0.0115468 0.00774365 0.00250573 0.00864087 0.00220971 0.00220217 0.00289899
1 0.00988032 0.925706 0.00495298 0.0210524 0.00892981 0.0174765 0.00442679 0.0041353 0.00343972
10 0.954853 0.0072965 0.00277672 0.00956306 0.00345379 0.0156086 0.0012337 0.00261392 0.00260091
10 0.964468 0.003755 0.0112289 0.00686079 0.00408837 0.00243915 0.00207784 0.00224272 0.00283889
10 0.960587 0.00561771 0.00191934 0.0220551 0.00466745 0.0012533 0.00109091 0.0014756 0.00133357
10 0.951331 0.00790826 0.00344768 0.0201047 0.00525345 0.00593314 0.00169627 0.00181734 0.0025077
1 0.00915318 0.930091 0.00610037 0.0176346 0.00870204 0.0137682 0.00552304 0.00456228 0.00446547
10 0.956844 0.00379415 0.0115738 0.00750496 0.00300947 0.00856793 0.00272284 0.00228369 0.00369881
0 0.0592644 0.0352066 0.0115891 0.838297 0.0154865 0.0150768 0.00746342 0.00917513 0.00844096
10 0.963378 0.00508361 0.00356396 0.00278574 0.00274172 0.015697 0.00256995 0.00165819 0.00252144
1 0.0100175 0.925842 0.00557681 0.015649 0.00730819 0.0237136 0.00286149 0.00481839 0.00421273
10 0.964468 0.003755 0.0112289 0.00686079 0.00408837 0.00243915 0.00207784 0.00224272 0.00283889
10 0.960587 0.00561771 0.00191934 0.0220551 0.00466745 0.0012533 0.00109091 0.0014756 0.00133357
10 0.956969 0.00778932 0.00383791 0.0218739 0.00289203 0.00147608 0.00157989 0.00167701 0.00190451
1 0.00802955 0.936773 0.00576674 0.016676 0.0068121 0.0118175 0.00620608 0.00440932 0.00350951
1 0.00855776 0.914724 0.00640317 0.0193744 0.0080225 0.0260957 0.00585661 0.00584353 0.00512279
10 0.960262 0.00300003 0.011381 0.0109067 0.00184609 0.00768624 0.00164566 0.00167503 0.00159755
1 0.00833333 0.948704 0.00454276 0.0187927 0.00281086 0.00612551 0.0023728 0.00324488 0.00507323
1 0.013208 0.941531 0.00406792 0.0179995 0.00494927 0.00635999 0.00305567 0.00379947 0.00502869
10 0.953317 0.00729077 0.00438427 0.0140345 0.00679919 0.00674053 0.0022479 0.00289191 0.00229388
10 0.958191 0.0063223 0.00420581 0.0119292 0.00567379 0.00605507 0.00200244 0.00285599 0.00276485
10 0.956844 0.00379415 0.0115738 0.00750496 0.00300947 0.00856793 0.00272284 0.00228369 0.00369881
0 0.0592644 0.0352066 0.0115891 0.838297 0.0154865 0.0150768 0.00746342 0.00917513 0.00844096
10 0.973867 0.00520052 0.00427517 0.00407006 0.00171907 0.00500204 0.0024022 0.00155921 0.00190431
1 0.00859406 0.933444 0.00556364 0.015755 0.00570984 0.0197801 0.00317695 0.0046769 0.00329937
1 0.00855776 0.914724 0.00640317 0.0193744 0.0080225 0.0260957 0.00585661 0.00584353 0.00512279
10 0.964468 0.003755 0.0112289 0.00686079 0.00408837 0.00243915 0.00207784 0.00224272 0.00283889
10 0.960587 0.00561771 0.00191934 0.0220551 0.00466745 0.0012533 0.00109091 0.0014756 0.00133357
10 0.96927 0.00700906 0.00291661 0.0134511 0.00243128 0.00100299 0.000842467 0.00137667 0.00169945
1 0.00959497 0.943358 0.00588294 0.0193015 0.00593002 0.00387953 0.00525807 0.00312931 0.00366591
1 0.00683163 0.927043 0.00587526 0.0208604 0.00624683 0.0192189 0.0060749 0.00400788 0.00384149
1 0.0100174 0.924877 0.00616696 0.0122951 0.00661763 0.0272787 0.00289064 0.0051218 0.00473441
10 0.956844 0.00379415 0.0115738 0.00750496 0.00300947 0.00856793 0.00272284 0.00228369 0.00369881
0 0.0724055 0.0506676 0.0153727 0.72512 0.0327397 0.0631769 0.0105403 0.0137539 0.0162232
10 0.981607 0.00504115 0.00301965 0.00222307 0.00227989 0.00167295 0.00113541 0.00130431 0.00171698
10 0.958261 0.00549824 0.00410026 0.0219694 0.00278242 0.00178705 0.00210958 0.00175601 0.00173644
1 0.00959809 0.940789 0.00612702 0.0196323 0.00543035 0.0042035 0.00598454 0.00450061 0.00373421
1 0.00790442 0.919776 0.00635712 0.0210479 0.00656972 0.0220977 0.00662063 0.00558323 0.00404344
1 0.0085591 0.92403 0.00630613 0.0132215 0.00698551 0.0270904 0.00301251 0.00568978 0.00510506
10 0.967702 0.00270673 0.0110259 0.0088164 0.00288115 0.00231788 0.00149467 0.00159902 0.0014558
10 0.964926 0.00505584 0.00120334 0.0187805 0.00238542 0.00368987 0.00107811 0.00138228 0.00149901
1 0.0127445 0.93271 0.00379679 0.0201295 0.00600961 0.0146287 0.00197201 0.0030199 0.00498896
-3 0.021767 0.0168508 0.0120968 0.0383429 0.856032 0.025448 0.00898193 0.00916735 0.0113137
-2 0.0127002 0.0067631 0.916292 0.0171041 0.00668558 0.0278885 0.00415277 0.00406769 0.00434564
-1 0.00865267 0.0163131 0.00395013 0.0447283 0.00847795 0.898959 0.00631599 0.00640161 0.00620092
-1 0.0113251 0.00562892 0.00922763 0.0311238 0.00981337 0.919037 0.00353915 0.00572855 0.00457629
-1 0.0346593 0.00181339 0.00415094 0.00949522 0.00354329 0.938127 0.00149268 0.00276285 0.00395527
10 0.9584 0.00385194 0.0115468 0.00774365 0.00250573 0.00864087 0.00220971 0.00220217 0.00289899
1 0.010954 0.936731 0.00496127 0.0200717 0.00832651 0.00863744 0.00285668 0.0035775 0.00388359
10 0.949467 0.00687025 0.00250831 0.0199982 0.00386335 0.0114921 0.000864243 0.00172052 0.00321635
-3 0.0231203 0.0203216 0.0123569 0.045872 0.839096 0.0336733 0.00584015 0.00681022 0.0129091
-2 0.0152114 0.00901907 0.891035 0.0231621 0.00774904 0.0336016 0.00779405 0.00641009 0.00601795
-1 0.00512502 0.00680423 0.00235497 0.0231058 0.00728552 0.941936 0.00467256 0.00531406 0.00340138
-1 0.00462779 0.00321438 0.00532582 0.0166493 0.00381924 0.956661 0.00138653 0.00334493 0.00497135
10 0.959394 0.00286789 0.0113464 0.00997843 0.00219405 0.00866509 0.00196499 0.00168914 0.00189978
0 0.0597352 0.0492055 0.0137823 0.721572 0.0157775 0.102972 0.00976672 0.0121689 0.0150205
1 0.0182311 0.928099 0.00723222 0.00710434 0.00858596 0.0157893 0.00461174 0.00428618 0.0060598
10 0.945085 0.00499711 0.0025526 0.0209217 0.0040168 0.0163522 0.00103027 0.00184735 0.00319696
-3 0.0193885 0.0183234 0.0110167 0.0438934 0.853328 0.0307074 0.0054379 0.00634376 0.0115605
-2 0.0218763 0.00910696 0.885456 0.0227635 0.00728477 0.033921 0.00784818 0.0063359 0.00540777
-1 0.00338902 0.00488981 0.00154601 0.0162204 0.0055268 0.957179 0.00408114 0.00464622 0.00252133
-1 0.00571497 0.00386537 0.00553602 0.0148585 0.0247773 0.931587 0.00520723 0.00404623 0.0044075
-1 0.0050314 0.0033646 0.00973125 0.0141204 0.0044453 0.949905 0.00180533 0.00689667 0.00470021
10 0.971868 0.00328344 0.00468338 0.00208545 0.00220026 0.00743528 0.00251415 0.00209061 0.00383964
-3 0.0363353 0.0212346 0.0139402 0.0512076 0.823267 0.0251757 0.00688058 0.0101595 0.0117994
10 0.962667 0.00362022 0.00701949 0.0061403 0.00380923 0.0101947 0.00170582 0.00201609 0.00282735
0 0.0318245 0.0296271 0.0127429 0.759327 0.0196752 0.118074 0.00934197 0.00864319 0.0107439
3 0.0539553 0.0417817 0.0384361 0.0650428 0.0359123 0.135867 0.579725 0.0230433 0.0262367
4 0.0475232 0.0341069 0.030771 0.0508072 0.0299218 0.148522 0.0183122 0.61619 0.0238463
10 0.944113 0.00507422 0.00947441 0.0091212 0.00693936 0.01668 0.00267928 0.00244865 0.00346992
10 0.957599 0.00504007 0.00335924 0.0169762 0.00350683 0.00664215 0.00156097 0.00232568 0.00299015
-3 0.0377299 0.0227468 0.0136568 0.0510303 0.821747 0.0240682 0.00708286 0.010122 0.0118166
10 0.943075 0.00430378 0.0103075 0.011298 0.00462378 0.0172123 0.00368099 0.00243475 0.00306424
0 0.0338896 0.033547 0.0145129 0.728531 0.020542 0.132632 0.0113422 0.0135373 0.0114659
3 0.0529216 0.0429462 0.0387672 0.0606255 0.0352437 0.13541 0.581939 0.0259172 0.0262297
4 0.046347 0.0352227 0.0305493 0.0511036 0.0296491 0.148293 0.0180443 0.616671 0.0241195
10 0.987702 0.00213682 0.0012925 0.000921819 0.00218615 0.00125486 0.00139411 0.00124894 0.00186255
10 0.954437 0.0059577 0.00410193 0.0187743 0.00407286 0.00532846 0.00157669 0.00221003 0.00354126
-3 0.0306755 0.0223131 0.0143904 0.0519891 0.830465 0.0178157 0.0111131 0.00989824 0.0113396
10 0.943075 0.00430378 0.0103075 0.011298 0.00462378 0.0172123 0.00368099 0.00243475 0.00306424
0 0.0338896 0.033547 0.0145129 0.728531 0.020542 0.132632 0.0113422 0.0135373 0.0114659
3 0.0529216 0.0429462 0.0387672 0.0606255 0.0352437 0.13541 0.581939 0.0259172 0.0262297
4 0.046347 0.0352227 0.0305493 0.0511036 0.0296491 0.148293 0.0180443 0.616671 0.0241195
-2 0.0281957 0.00852148 0.916044 0.0103183 0.00769023 0.011628 0.00523123 0.00531649 0.00705479
10 0.97351 0.00411647 0.00105844 0.00755824 0.00667521 0.00323855 0.00101195 0.00149091 0.00134031
10 0.953534 0.00751693 0.00388801 0.0187628 0.00420233 0.00508708 0.00136539 0.00211486 0.00352822
-3 0.0306755 0.0223131 0.0143904 0.0519891 0.830465 0.0178157 0.0111131 0.00989824 0.0113396
10 0.943075 0.00430378 0.0103075 0.011298 0.00462378 0.0172123 0.00368099 0.00243475 0.00306424
0 0.0338896 0.033547 0.0145129 0.728531 0.020542 0.132632 0.0113422 0.0135373 0.0114659
3 0.0529216 0.0429462 0.0387672 0.0606255 0.0352437 0.13541 0.581939 0.0259172 0.0262297
4 0.046347 0.0352227 0.0305493 0.0511036 0.0296491 0.148293 0.0180443 0.616671 0.0241195
-2 0.0299054 0.00773932 0.908368 0.0110479 0.00546309 0.0195004 0.00539022 0.00504438 0.00754179
-3 0.0235978 0.015192 0.0120379 0.0299548 0.841878 0.0464271 0.00932008 0.0100931 0.0114993
10 0.96775 0.00404025 0.00629723 0.00355056 0.00289402 0.0101435 0.000623507 0.00193352 0.00276698
0 0.0466464 0.0328297 0.0132553 0.726008 0.0233227 0.129716 0.00707618 0.00873154 0.0124144
3 0.0681188 0.0485328 0.0380352 0.0723746 0.0297341 0.131776 0.558674 0.0199067 0.0328476
4 0.0672702 0.0414143 0.0316494 0.0733797 0.0306484 0.138273 0.0204016 0.572718 0.0242451
10 0.951466 0.00503153 0.00543563 0.00662831 0.00568272 0.0164671 0.00274197 0.00374467 0.00280202
10 0.943167 0.00790609 0.003988 0.0145176 0.0055985 0.0159734 0.00228442 0.00340803 0.00315667
-4 0.0523802 0.0257499 0.0170347 0.0270505 0.0181855 0.0427864 0.0110315 0.0102021 0.795579
-4 0.0447203 0.0241226 0.0212516 0.0330533 0.0266246 0.0474619 0.00903833 0.0116389 0.782088
-2 0.0289267 0.00902648 0.908442 0.0135212 0.00798772 0.0147747 0.00453287 0.00482522 0.00796291
10 0.974211 0.00456111 0.00138587 0.00727557 0.00406544 0.00246998 0.00173453 0.002119 0.00217721
-4 0.0286641 0.01885 0.0212637 0.0216886 0.0265147 0.0468709 0.0118616 0.0104576 0.813829
-2 0.0114506 0.00619622 0.919279 0.0112737 0.00708123 0.0287079 0.0042354 0.00447454 0.00730165
10 0.95215 0.00440148 0.00392483 0.0109615 0.00520699 0.0155745 0.00196579 0.00229459 0.00352073
-4 0.0198937 0.0129035 0.0163314 0.0197681 0.0164698 0.0458932 0.00957827 0.00897345 0.850189
-4 0.0195242 0.0133659 0.0200198 0.0226921 0.0212085 0.0423856 0.00758742 0.0100663 0.84315
-2 0.0104544 0.00567803 0.932468 0.010745 0.00674478 0.0175942 0.0041678 0.00410794 0.00803973
10 0.95215 0.00440148 0.00392483 0.0109615 0.00520699 0.0155745 0.00196579 0.00229459 0.00352073
-4 0.0278815 0.0186911 0.0198755 0.0225293 0.0176752 0.047968 0.0116182 0.0106632 0.823098
-4 0.0224862 0.0125753 0.020975 0.03202 0.0171035 0.0463872 0.00876417 0.0109894 0.828699
-4 0.0280185 0.0180317 0.0275255 0.0301328 0.0214561 0.0501376 0.0112219 0.0117297 0.801746
-2 0.0114778 0.00634453 0.922773 0.0109003 0.00714526 0.0226308 0.00465649 0.00601714 0.00805432
10 0.950924 0.0046354 0.00394132 0.0112096 0.00514785 0.0155939 0.00218876 0.0027866 0.00357298
10 0.967549 0.00257277 0.00291962 0.00154226 0.00290478 0.0155057 0.00229209 0.00158723 0.00312662
-1 0.0203415 0.0134904 0.0102909 0.00582363 0.0112589 0.92085 0.00493879 0.00391376 0.00909244
10 0.967549 0.00257277 0.00291962 0.00154226 0.00290478 0.0155057 0.00229209 0.00158723 0.00312662
-1 0.0201396 0.0150007 0.00929045 0.00657136 0.00646042 0.928161 0.00345015 0.00333157 0.00759518
-1 0.00135581 0.0312318 0.00296415 0.00276967 0.00213003 0.952877 0.00108359 0.00115102 0.00443677
10 0.967549 0.00257277 0.00291962 0.00154226 0.00290478 0.0155057 0.00229209 0.00158723 0.00312662
-1 0.00902762 0.0070284 0.0084339 0.00512016 0.0105061 0.943584 0.00508364 0.00388759 0.00732896
-1 0.00184221 0.00116837 0.00356975 0.00475419 0.00171805 0.97983 0.00195619 0.00118555 0.00397589
-1 0.00169683 0.00112482 0.00318303 0.0034038 0.00203695 0.982409 0.00123257 0.00146678 0.00344581
10 0.967549 0.00257277 0.00291962 0.00154226 0.00290478 0.0155057 0.00229209 0.00158723 0.00312662
-1 0.0430879 0.0178848 0.011584 0.0251976 0.0123105 0.871368 0.00598417 0.00474409 0.00783871
-1 0.00284189 0.0374074 0.0039171 0.0128839 0.00501056 0.92977 0.0018573 0.0018055 0.00450682
-1 0.00653806 0.00350261 0.00555562 0.0395757 0.0060926 0.927753 0.0036903 0.00245813 0.00483408
-1 0.00679972 0.00331824 0.00623271 0.0193211 0.00749625 0.947228 0.00238714 0.00283439 0.00438223
10 0.967549 0.00257277 0.00291962 0.00154226 0.00290478 0.0155057 0.00229209 0.00158723 0.00312662
-2 0.0140835 0.00667618 0.921483 0.00662854 0.00631524 0.0302837 0.00438472 0.0036723 0.00647317
-1 0.0073165 0.00892103 0.00172676 0.00791519 0.0104706 0.954824 0.00162333 0.00286429 0.00433826
10 0.967549 0.00257277 0.00291962 0.00154226 0.00290478 0.0155057 0.00229209 0.00158723 0.00312662
-2 0.0142928 0.00577705 0.922063 0.00942687 0.00486049 0.02978 0.00462223 0.00410728 0.00507042
-1 0.00522579 0.0118783 0.00158992 0.0135334 0.00403759 0.955268 0.0021228 0.00272518 0.0036192
-1 0.00166825 0.0371706 0.00300406 0.00312806 0.00181574 0.946693 0.000936613 0.00174383 0.00383991
10 0.967549 0.00257277 0.00291962 0.00154226 0.00290478 0.0155057 0.00229209 0.00158723 0.00312662
-2 0.0140835 0.00667618 0.921483 0.00662854 0.00631524 0.0302837 0.00438472 0.0036723 0.00647317
-1 0.00401592 0.00524371 0.00143365 0.00651809 0.0107926 0.963766 0.0016089 0.0028562 0.00376451
-1 0.00241601 0.00137762 0.00369807 0.00555684 0.00165884 0.978618 0.0012945 0.00128682 0.00409304
-1 0.00169683 0.00112482 0.00318303 0.0034038 0.00203695 0.982409 0.00123257 0.00146678 0.00344581
10 0.967549 0.00257277 0.00291962 0.00154226 0.00290478 0.0155057 0.00229209 0.00158723 0.00312662
-2 0.0275969 0.00681002 0.916657 0.0131812 0.00520635 0.0166204 0.00498712 0.00451911 0.0044222
-1 0.0219424 0.0176774 0.00303163 0.0729552 0.0151583 0.858258 0.00251737 0.00393415 0.00452571
-1 0.00375589 0.0375792 0.00439244 0.0176606 0.00346129 0.92411 0.00238785 0.00217199 0.00448106
-1 0.00602714 0.00371435 0.00538609 0.0344688 0.00547025 0.93295 0.00445654 0.00343358 0.00409316
-1 0.00477444 0.00278917 0.00626423 0.0132287 0.00568306 0.957775 0.00233394 0.00303603 0.00411589
10 0.967549 0.00257277 0.00291962 0.00154226 0.00290478 0.0155057 0.00229209 0.00158723 0.00312662
-3 0.0234824 0.0121554 0.0180906 0.014556 0.847647 0.0424031 0.0107175 0.00885646 0.0220921
-2 0.00607602 0.00635829 0.924661 0.0118143 0.00611739 0.0306433 0.00377155 0.00355461 0.00700346
-1 0.00243928 0.00320043 0.00114034 0.00521733 0.00523392 0.975802 0.00140653 0.00288792 0.00267245
10 0.967549 0.00257277 0.00291962 0.00154226 0.00290478 0.0155057 0.00229209 0.00158723 0.00312662
-3 0.0260597 0.0150195 0.0183072 0.0145917 0.838596 0.0435998 0.010429 0.00905259 0.0243442
-2 0.00827302 0.00667877 0.916228 0.0187944 0.00520994 0.0308843 0.00261942 0.00436755 0.00694449
-1 0.00214499 0.00402762 0.0010555 0.0104984 0.00228667 0.973822 0.00155098 0.00192938 0.00268466
-1 0.00140212 0.0369365 0.00291285 0.00275057 0.00160201 0.948096 0.000893008 0.00167324 0.00373415
10 0.967549 0.00257277 0.00291962 0.00154226 0.00290478 0.0155057 0.00229209 0.00158723 0.00312662
1 0.018056 0.920739 0.00697709 0.00587414 0.00719231 0.0251707 0.00486588 0.00395517 0.00717011
10 0.967549 0.00257277 0.00291962 0.00154226 0.00290478 0.0155057 0.00229209 0.00158723 0.00312662
1 0.0169198 0.931649 0.00659964 0.00521509 0.00579788 0.0213085 0.00320075 0.00339596 0.00591368
1 0.0130152 0.944506 0.00391944 0.011844 0.00631962 0.0113942 0.00170077 0.00248282 0.00481813
10 0.967549 0.00257277 0.00291962 0.00154226 0.00290478 0.0155057 0.00229209 0.00158723 0.00312662
10 0.98722 0.00333829 0.00130761 0.00133405 0.0011455 0.000947714 0.00136109 0.00116597 0.00218021
1 0.0134617 0.953762 0.00414453 0.0140859 0.00496866 0.00181815 0.00150772 0.00270317 0.00354844
1 0.0114484 0.940888 0.00470369 0.0186162 0.00688243 0.00728202 0.00370909 0.00250328 0.00396667
1 0.0137935 0.94614 0.00498071 0.0108446 0.00598901 0.00847056 0.00191086 0.00317003 0.00470118
10 0.967549 0.00257277 0.00291962 0.00154226 0.00290478 0.0155057 0.00229209 0.00158723 0.00312662
10 0.947438 0.00695607 0.0085637 0.0127792 0.00305231 0.0126922 0.00249186 0.00218977 0.00383661
1 0.0123283 0.951224 0.00440241 0.0164752 0.00426914 0.00275888 0.00180132 0.00306936 0.00367174
1 0.0127004 0.945419 0.00361634 0.0138286 0.00562541 0.0112643 0.00165716 0.00237967 0.00350908
1 0.0137935 0.94614 0.00498071 0.0108446 0.00598901 0.00847056 0.00191086 0.00317003 0.00470118
10 0.967549 0.00257277 0.00291962 0.00154226 0.00290478 0.0155057 0.00229209 0.00158723 0.00312662
10 0.949871 0.00621021 0.00903622 0.0132574 0.00531236 0.00825824 0.00262839 0.00240022 0.00302604
10 0.966519 0.00616131 0.00190809 0.0112237 0.00413659 0.00362106 0.00194023 0.00167999 0.00281016
1 0.0138479 0.946274 0.00392843 0.0120889 0.00730781 0.0067133 0.00180005 0.00395139 0.00408808
10 0.967549 0.00257277 0.00291962 0.00154226 0.00290478 0.0155057 0.00229209 0.00158723 0.00312662
10 0.957788 0.0059101 0.00845979 0.0102836 0.00484344 0.00463845 0.00232479 0.00212631 0.00362589
10 0.979775 0.00481374 0.00117789 0.0081014 0.00174849 0.000763215 0.000936122 0.00137655 0.00130765
1 0.0130259 0.950994 0.00370251 0.0127068 0.00657628 0.00545012 0.00172219 0.00266344 0.00315824
1 0.0123627 0.937232 0.00496582 0.0166096 0.00736125 0.00912283 0.00370598 0.00360504 0.00503517
10 0.967549 0.00257277 0.00291962 0.00154226 0.00290478 0.0155057 0.00229209 0.00158723 0.00312662
10 0.957788 0.0059101 0.00845979 0.0102836 0.00484344 0.00463845 0.00232479 0.00212631 0.00362589
10 0.979775 0.00481374 0.00117789 0.0081014 0.00174849 0.000763215 0.000936122 0.00137655 0.00130765
1 0.0128405 0.951404 0.00381512 0.0160224 0.00561266 0.002322 0.00202525 0.00288041 0.00307722
1 0.0108691 0.940302 0.00520359 0.0177921 0.00613311 0.00792731 0.00424633 0.00356978 0.00395708
1 0.015279 0.941477 0.00534861 0.0104742 0.00622132 0.009655 0.00213327 0.00451104 0.00490057
10 0.967549 0.00257277 0.00291962 0.00154226 0.00290478 0.0155057 0.00229209 0.00158723 0.00312662
10 0.986219 0.00369938 0.00102317 0.000953052 0.00130785 0.00136036 0.00134153 0.00113246 0.00296338
1 0.012437 0.936853 0.00427668 0.0192079 0.00693961 0.00949 0.00226335 0.00324309 0.00528891
-3 0.0288688 0.0230257 0.0137594 0.0513118 0.812044 0.0346865 0.0128443 0.00955016 0.0139099
-2 0.0286151 0.011025 0.890608 0.0148961 0.0073355 0.0307321 0.00445906 0.00576519 0.00656421
-1 0.0275132 0.0180028 0.0033617 0.025391 0.0114457 0.900578 0.00291932 0.00573194 0.00505675
10 0.967549 0.00257277 0.00291962 0.00154226 0.00290478 0.0155057 0.00229209 0.00158723 0.00312662
-1 0.00895943 0.00804534 0.0089044 0.00552109 0.0105866 0.941423 0.00510512 0.00393466 0.00752029
-1 0.00227024 0.00140135 0.00439951 0.00561497 0.00180316 0.97673 0.00208317 0.00130855 0.00438952
-1 0.00311654 0.00128425 0.00298125 0.00377693 0.00219979 0.980051 0.00131272 0.0015676 0.00371042
10 0.967549 0.00257277 0.00291962 0.00154226 0.00290478 0.0155057 0.00229209 0.00158723 0.00312662
-1 0.037557 0.0121484 0.0149236 0.0177391 0.00815692 0.892398 0.00543028 0.00430889 0.00733794
-1 0.00357331 0.00215003 0.00266073 0.0163754 0.00210093 0.965061 0.00180559 0.00144228 0.00483118
-1 0.00180756 0.0372097 0.00331333 0.00354352 0.0025024 0.94384 0.00150212 0.00188143 0.00440036
10 0.967549 0.00257277 0.00291962 0.00154226 0.00290478 0.0155057 0.00229209 0.00158723 0.00312662
-1 0.0112058 0.00821362 0.00995004 0.00577469 0.0106818 0.937415 0.00513252 0.0039583 0.00766796
-1 0.00211967 0.00130949 0.00375204 0.00543907 0.00171167 0.978206 0.00205328 0.00126156 0.00414722
-1 0.00207365 0.00135157 0.00355504 0.00403563 0.00230511 0.979719 0.00133837 0.00161348 0.00400787
10 0.967549 0.00257277 0.00291962 0.00154226 0.00290478 0.0155057 0.00229209 0.00158723 0.00312662
-1 0.0250256 0.0154713 0.010508 0.00642149 0.0100714 0.914108 0.00501514 0.00397016 0.00940914
-1 0.00238606 0.00139546 0.00375968 0.00440796 0.00261597 0.978231 0.00109978 0.00115581 0.00494873
10 0.967549 0.00257277 0.00291962 0.00154226 0.00290478 0.0155057 0.00229209 0.00158723 0.00312662
-1 0.0109016 0.00740667 0.00887532 0.0067874 0.00936383 0.941318 0.0048441 0.00379737 0.00670556
-1 0.00319552 0.002195 0.00469604 0.00593926 0.0259144 0.944836 0.00625914 0.00186858 0.00509597
-1 0.0036973 0.0021315 0.00899095 0.00473857 0.00279701 0.967679 0.00149855 0.00389084 0.0045764
10 0.967549 0.00257277 0.00291962 0.00154226 0.00290478 0.0155057 0.00229209 0.00158723 0.00312662
-2 0.0183879 0.00652499 0.901662 0.00804403 0.0117124 0.0314537 0.00459756 0.00433574 0.0132817
-1 0.0162203 0.00669886 0.0182915 0.0101179 0.00509077 0.933711 0.00284843 0.00313547 0.00388633
-1 0.00256291 0.00155697 0.000910663 0.00671316 0.00230907 0.980651 0.000797704 0.00127768 0.003221
10 0.967549 0.00257277 0.00291962 0.00154226 0.00290478 0.0155057 0.00229209 0.00158723 0.00312662
-2 0.0170423 0.00703845 0.915822 0.00749506 0.00649152 0.0303822 0.00461394 0.00393314 0.00718158
-1 0.0117875 0.0123915 0.00212234 0.0105394 0.00951675 0.943328 0.00184649 0.00316661 0.00530149
-1 0.00627752 0.00215684 0.00491865 0.00645531 0.00253328 0.970129 0.000974072 0.00149358 0.0050622
-1 0.00199541 0.00139693 0.0036907 0.00608944 0.00172843 0.976651 0.00239444 0.00155641 0.0044976
-1 0.00423737 0.00279776 0.0053404 0.00698738 0.0249042 0.94537 0.00307222 0.00268959 0.00460116
-1 0.00383047 0.00256813 0.00946074 0.00510418 0.00269339 0.966814 0.00176612 0.0024531 0.00531001
10 0.967549 0.00257277 0.00291962 0.00154226 0.00290478 0.0155057 0.00229209 0.00158723 0.00312662
-2 0.0138918 0.00621476 0.918043 0.00879759 0.00655166 0.0317167 0.00483728 0.00424264 0.00570436
-1 0.00508402 0.00978074 0.00171926 0.00892015 0.00658076 0.957616 0.00285647 0.00312667 0.00431626
-1 0.00294469 0.00166496 0.00373779 0.00478596 0.00216429 0.977822 0.00096034 0.00174589 0.00417385
10 0.967549 0.00257277 0.00291962 0.00154226 0.00290478 0.0155057 0.00229209 0.00158723 0.00312662
-2 0.0301712 0.00690199 0.907814 0.00969824 0.00682525 0.0242337 0.00503198 0.0045612 0.00476249
-1 0.0125396 0.0136139 0.00268853 0.0434733 0.013342 0.901207 0.00473238 0.00417442 0.00422898
-1 0.00716245 0.00332272 0.00529559 0.0215172 0.00532518 0.947928 0.0018139 0.00300258 0.004632
10 0.967549 0.00257277 0.00291962 0.00154226 0.00290478 0.0155057 0.00229209 0.00158723 0.00312662
-2 0.0297327 0.00705218 0.913405 0.00668928 0.00607414 0.022663 0.00369673 0.00378017 0.00690654
-1 0.00929019 0.0150485 0.00267682 0.0457546 0.00919827 0.907979 0.00210898 0.00337093 0.00457278
-1 0.00387063 0.0024569 0.0040539 0.0083201 0.0194852 0.954687 0.00134097 0.00158469 0.0042003
-1 0.00209084 0.0373418 0.00817937 0.00319898 0.00230942 0.939367 0.00146674 0.00185286 0.00419312
10 0.967549 0.00257277 0.00291962 0.00154226 0.00290478 0.0155057 0.00229209 0.00158723 0.00312662
-2 0.0300058 0.00729832 0.910829 0.00748192 0.00621518 0.0226906 0.00391103 0.00404488 0.0075236
-1 0.0220485 0.0113191 0.00206761 0.00909279 0.010596 0.934945 0.00188292 0.00316073 0.00488778
-1 0.00904964 0.00438356 0.00615181 0.0130501 0.0259255 0.931664 0.00143473 0.00215018 0.00619079
-1 0.00980473 0.00262312 0.00837914 0.00792471 0.00286265 0.959742 0.00155748 0.00168492 0.00542129
-1 0.00406097 0.00207305 0.00347344 0.0232957 0.00214743 0.955663 0.00247286 0.00174612 0.00506735
-1 0.004284 0.00291819 0.00462818 0.0110894 0.0024134 0.963407 0.00343099 0.00274132 0.00508752
-1 0.00451268 0.00329784 0.00583476 0.0102089 0.00243534 0.961203 0.00371733 0.00336145 0.00542877
-1 0.00354121 0.00351725 0.00524559 0.00900193 0.00227046 0.965692 0.00225288 0.00293146 0.00554741
-1 0.00285402 0.00289527 0.00436707 0.00636542 0.00266393 0.971469 0.00130536 0.00251574 0.00556452
10 0.967549 0.00257277 0.00291962 0.00154226 0.00290478 0.0155057 0.00229209 0.00158723 0.00312662
-2 0.0170385 0.00703349 0.915955 0.00749141 0.00642834 0.0303507 0.00461239 0.0039355 0.00715482
-1 0.0234987 0.0167963 0.00281591 0.0136508 0.0114609 0.920416 0.0020652 0.00338378 0.00591213
-1 0.00281623 0.00145734 0.00376963 0.00490101 0.00175857 0.978631 0.000906109 0.00138872 0.00437122
-1 0.00331472 0.00204489 0.00476526 0.00751012 0.0255039 0.947093 0.00271397 0.0020054 0.00504865
-1 0.00418198 0.00250163 0.010605 0.00770227 0.00237933 0.962677 0.00294819 0.00231199 0.00469295
-1 0.00223586 0.00150679 0.00272707 0.00598824 0.00193642 0.978213 0.001405 0.00183392 0.00415353
10 0.967549 0.00257277 0.00291962 0.00154226 0.00290478 0.0155057 0.00229209 0.00158723 0.00312662
10 0.967549 0.00257277 0.00291962 0.00154226 0.00290478 0.0155057 0.00229209 0.00158723 0.00312662
-4 0.0286641 0.01885 0.0212637 0.0216886 0.0265147 0.0468709 0.0118616 0.0104576 0.813829
-2 0.0114506 0.00619622 0.919279 0.0112737 0.00708123 0.0287079 0.0042354 0.00447454 0.00730165
10 0.95215 0.00440148 0.00392483 0.0109615 0.00520699 0.0155745 0.00196579 0.00229459 0.00352073
10 0.967549 0.00257277 0.00291962 0.00154226 0.00290478 0.0155057 0.00229209 0.00158723 0.00312662
10 0.967549 0.00257277 0.00291962 0.00154226 0.00290478 0.0155057 0.00229209 0.00158723 0.00312662
10 0.967549 0.00257277 0.00291962 0.00154226 0.00290478 0.0155057 0.00229209 0.00158723 0.00312662
10 0.967549 0.00257277 0.00291962 0.00154226 0.00290478 0.0155057 0.00229209 0.00158723 0.00312662
-4 0.0198937 0.0129035 0.0163314 0.0197681 0.0164698 0.0458932 0.00957827 0.00897345 0.850189
-4 0.0195242 0.0133659 0.0200198 0.0226921 0.0212085 0.0423856 0.00758742 0.0100663 0.84315
-2 0.0104544 0.00567803 0.932468 0.010745 0.00674478 0.0175942 0.0041678 0.00410794 0.00803973
10 0.95215 0.00440148 0.00392483 0.0109615 0.00520699 0.0155745 0.00196579 0.00229459 0.00352073
10 0.967549 0.00257277 0.00291962 0.00154226 0.00290478 0.0155057 0.00229209 0.00158723 0.00312662
10 0.967549 0.00257277 0.00291962 0.00154226 0.00290478 0.0155057 0.00229209 0.00158723 0.00312662
10 0.967549 0.00257277 0.00291962 0.00154226 0.00290478 0.0155057 0.00229209 0.00158723 0.00312662
-4 0.0286641 0.01885 0.0212637 0.0216886 0.0265147 0.0468709 0.0118616 0.0104576 0.813829
-2 0.0114506 0.00619622 0.919279 0.0112737 0.00708123 0.0287079 0.0042354 0.00447454 0.00730165
10 0.95215 0.00440148 0.00392483 0.0109615 0.00520699 0.0155745 0.00196579 0.00229459 0.00352073
-4 0.0417974 0.0211237 0.0181433 0.029182 0.0180933 0.0522575 0.0112509 0.0103168 0.797835
-4 0.0338347 0.0205173 0.0230876 0.034755 0.0261082 0.0497627 0.00928623 0.0118943 0.790754
-2 0.0157957 0.00741824 0.921554 0.0139445 0.00780106 0.0159409 0.00459458 0.00487281 0.00807793
10 0.965268 0.00439649 0.00248513 0.0117531 0.00475177 0.0042634 0.0019723 0.00240906 0.00270042
-4 0.0398966 0.021935 0.0203434 0.0255374 0.0281191 0.045187 0.0122247 0.011111 0.795646
-2 0.0184354 0.00817403 0.913108 0.0142352 0.00809889 0.0196094 0.00463462 0.00529314 0.00841106
10 0.964295 0.00444752 0.00254657 0.0118056 0.00480695 0.00430527 0.0019766 0.00243663 0.00337995
