labels 10 1 7 0 8 2 4
1 0.000849841 0.972849 0.00896836 0.0141768 0.00159727 0.000978949 0.000579449
8 0.0255362 0.0556154 0.0999096 0.166972 0.470464 0.0602503 0.121253
7 0.00182558 0.00288221 0.965128 0.0188152 0.00291723 0.00204608 0.00638577
1 0.000667275 0.982594 0.0118422 0.00220422 0.00127341 0.00103139 0.000387532
2 0.00211605 0.00357151 0.00851716 0.0334927 0.00218782 0.944395 0.00572008
8 0.0254487 0.0628817 0.211768 0.170388 0.393777 0.088972 0.0467642
1 0.00055828 0.954869 0.0345856 0.00504746 0.00160406 0.00196626 0.00136925
2 0.00184527 0.00276237 0.110799 0.00951294 0.00271183 0.868368 0.00400039
7 0.00458511 0.0459546 0.822317 0.0725554 0.00481344 0.0417796 0.00799498
1 0.000701627 0.977047 0.0183787 0.000841837 0.00167725 0.000853545 0.000499677
0 0.039159 0.0878842 0.276494 0.363692 0.0407154 0.0812004 0.110855
7 0.00151694 0.0011463 0.983264 0.00718061 0.00289986 0.000673041 0.00331952
7 0.00145625 0.00175958 0.981954 0.00998223 0.00158594 0.000626478 0.00263599
1 0.00136971 0.975747 0.0194804 0.000643115 0.00129486 0.00104487 0.000419809
2 0.00748005 0.00471526 0.010398 0.00910776 0.00213188 0.960822 0.00534537
1 0.0188766 0.487204 0.225107 0.170881 0.0236336 0.0381666 0.0361313
7 0.00187339 0.00347083 0.958144 0.0311907 0.00255793 0.00145826 0.00130461
1 0.00120949 0.975601 0.01157 0.00680331 0.00149527 0.0019206 0.00139994
2 0.00254107 0.00392142 0.00434157 0.00935558 0.00133846 0.975795 0.00270738
1 0.000930312 0.984082 0.00194275 0.00870684 0.000608676 0.00275044 0.000978679
1 0.00162905 0.697742 0.00729245 0.280738 0.00176148 0.00547025 0.00536631
8 0.0209131 0.0552481 0.0922045 0.154435 0.478204 0.0634236 0.135572
7 0.00176388 0.00189742 0.978682 0.00648857 0.00359835 0.00193548 0.0056346
7 0.00170696 0.0015797 0.984981 0.00684723 0.00185972 0.000905994 0.00211975
1 0.000548199 0.993667 0.00255202 0.000833874 0.00119893 0.000890582 0.000309637
1 0.000929904 0.958814 0.0233441 0.00639345 0.00120124 0.00297503 0.00634266
0 0.0374493 0.0990532 0.241817 0.316705 0.0486415 0.101916 0.154417
1 0.000630489 0.993444 0.00253867 0.000848184 0.00123781 0.000974018 0.000327103
1 0.0010887 0.947926 0.0319568 0.00592511 0.00135502 0.0036279 0.00812015
0 0.03592 0.0972013 0.240226 0.330497 0.0459455 0.102244 0.147966
1 0.00123907 0.984525 0.00138559 0.00759931 0.0015078 0.00234087 0.00140189
1 0.000562869 0.98449 0.0030672 0.00849646 0.000680693 0.00146445 0.00123879
1 0.000755448 0.97237 0.0117434 0.00693454 0.000884821 0.00314076 0.00417051
2 0.0137409 0.0444076 0.0893197 0.13983 0.0231706 0.621438 0.0680926
7 0.00126013 0.00116566 0.982368 0.0103411 0.00181829 0.000967034 0.00207996
1 0.00156992 0.979259 0.00770709 0.00563608 0.00189245 0.00196982 0.00196532
0 0.00471656 0.017012 0.0554962 0.896103 0.0063876 0.0142065 0.00607844
1 0.000984398 0.977408 0.0157553 0.00126295 0.00236903 0.00156346 0.000657214
0 0.040161 0.0922015 0.295288 0.332741 0.0404815 0.0858106 0.113316
7 0.00311971 0.00951845 0.915971 0.0580753 0.00433621 0.00287842 0.00610077
7 0.00228547 0.00439315 0.967687 0.0176636 0.00274749 0.00149708 0.00372654
7 0.00228986 0.00437641 0.967314 0.0162113 0.00284777 0.00217898 0.00478179
7 0.00213365 0.00392893 0.972392 0.0118868 0.00280757 0.00254394 0.00430699
7 0.00234987 0.00464714 0.966548 0.0147659 0.00298662 0.00399233 0.00471006
7 0.00203536 0.00293574 0.976422 0.0096624 0.00271579 0.00242457 0.0038037
7 0.00223613 0.00433445 0.967596 0.0172799 0.00227122 0.00237772 0.00390443
1 0.00078653 0.981998 0.0066365 0.00536682 0.00224581 0.001304 0.00166238
0 0.00386763 0.0165662 0.273448 0.689169 0.00574391 0.00641385 0.00479176
2 0.00238879 0.0116056 0.066881 0.00710712 0.0040951 0.905895 0.00202714
7 0.0055384 0.0238459 0.534834 0.051131 0.00605621 0.323895 0.0546998
7 0.00230826 0.00317568 0.953245 0.0132751 0.00321718 0.00318358 0.0215948
7 0.00187385 0.00174798 0.963132 0.00495021 0.00325879 0.00178398 0.0232535
7 0.00206377 0.00302508 0.974135 0.0122635 0.0021779 0.00130391 0.00503043
1 0.00123907 0.984525 0.00138559 0.00759931 0.0015078 0.00234087 0.00140189
1 0.000626247 0.978761 0.00670065 0.00936924 0.000718718 0.00230027 0.00152402
1 0.00109081 0.972352 0.00901153 0.00881049 0.00102539 0.0033419 0.00436815
7 0.0397135 0.10177 0.291274 0.25502 0.0517993 0.0971275 0.163295
7 0.00179913 0.00201538 0.977033 0.00954989 0.00317932 0.00124801 0.00517528
7 0.00165064 0.00127685 0.986324 0.00451916 0.00258188 0.000864485 0.00278315
7 0.00185404 0.00275339 0.976713 0.0125725 0.0019322 0.00117618 0.0029986
1 0.00101923 0.982396 0.00297027 0.0086119 0.00197601 0.00174736 0.00127933
1 0.000675067 0.971334 0.0141512 0.00992407 0.000696838 0.00155797 0.00166053
2 0.00189821 0.00298603 0.00795074 0.00768183 0.00131223 0.974167 0.00400367
7 0.00422064 0.0292826 0.811723 0.12643 0.00397033 0.0153135 0.00905976
7 0.00305484 0.0198355 0.837305 0.122625 0.00635551 0.00559167 0.00523156
7 0.00130166 0.061745 0.929038 0.00389213 0.00154189 0.000545901 0.00193581
7 0.0112128 0.0762101 0.725095 0.044967 0.0178452 0.0174603 0.10721
4 0.0111052 0.00999291 0.040408 0.018096 0.0105299 0.00905807 0.90081
4 0.0347673 0.150917 0.173392 0.115701 0.0380908 0.0457319 0.4414
1 0.00078653 0.981998 0.0066365 0.00536682 0.00224581 0.001304 0.00166238
7 0.00191946 0.00832203 0.827776 0.148588 0.0030628 0.00595373 0.00437759
2 0.00297653 0.00783438 0.0645219 0.00567799 0.00601745 0.909764 0.00320777
1 0.000971095 0.96476 0.0205762 0.0060705 0.00239471 0.00292124 0.00230669
7 0.00285542 0.00539287 0.877955 0.0863709 0.00422527 0.0125473 0.010653
7 0.00681677 0.0584511 0.838788 0.0414883 0.0123155 0.0296235 0.0125172
1 0.000909403 0.980645 0.00678033 0.0058532 0.00238392 0.00158719 0.00184059
7 0.00338264 0.0150626 0.489269 0.473278 0.00459037 0.00955357 0.00486339
2 0.00740042 0.0144812 0.376126 0.0504025 0.00469184 0.536429 0.0104699
0 0.0104553 0.0855254 0.178196 0.674894 0.00670022 0.0345621 0.00966736
1 0.000860342 0.969969 0.0169196 0.00547588 0.00176196 0.00322532 0.00178773
1 0.000742049 0.974273 0.0106999 0.00581849 0.00097132 0.00246348 0.00503168
1 0.00156992 0.979259 0.00770709 0.00563608 0.00189245 0.00196982 0.00196532
0 0.00476601 0.0173736 0.0450968 0.905856 0.00645523 0.0141219 0.00633008
1 0.00106197 0.988657 0.00549424 0.00122284 0.00205403 0.000986593 0.000523218
7 0.03165 0.0905552 0.417444 0.245423 0.0374885 0.0716908 0.105749
7 0.00228039 0.00364509 0.578314 0.00780557 0.00508421 0.3923 0.0105707
7 0.00472299 0.0466117 0.835623 0.0541842 0.00524115 0.0448208 0.00879648
0 0.00717832 0.015179 0.0110675 0.946313 0.00926981 0.00500816 0.00598414
8 0.0106954 0.0179141 0.0340037 0.0183922 0.897373 0.0127547 0.00886693
7 0.00155096 0.00118546 0.985635 0.00605215 0.00212666 0.00074881 0.00270072
7 0.00119559 0.000466935 0.992263 0.00191626 0.00184669 0.000425074 0.0018868
7 0.00122129 0.00105724 0.988104 0.00560591 0.00147942 0.0004852 0.00204655
1 0.0390579 0.428567 0.172726 0.238269 0.041778 0.0524822 0.0271194
1 0.000669836 0.995585 0.000857014 0.000500607 0.00146851 0.000618683 0.000299983
1 0.000609647 0.980693 0.00792298 0.00494378 0.000729281 0.00183107 0.00326985
2 0.00180025 0.00292595 0.00680428 0.00693745 0.00282269 0.973455 0.00525441
1 0.00151482 0.964065 0.019478 0.00825046 0.0027218 0.00193598 0.00203385
0 0.00621035 0.0273166 0.107067 0.807859 0.00756131 0.0344815 0.00950457
2 0.00257585 0.0044495 0.168142 0.00840849 0.00264911 0.808345 0.00542976
2 0.00415473 0.0130486 0.0643465 0.018391 0.003369 0.891107 0.00558316
1 0.0027116 0.96218 0.020065 0.00810238 0.00231728 0.0024029 0.00222116
0 0.00484707 0.0186948 0.0326744 0.915136 0.00655666 0.0140638 0.00802714
1 0.00114474 0.988537 0.00547207 0.00124459 0.00206322 0.00100624 0.000532318
0 0.0151761 0.0655394 0.247592 0.526244 0.0176386 0.0727891 0.0550202
2 0.00243515 0.00416176 0.157319 0.00759182 0.00530123 0.814581 0.00860956
2 0.00410173 0.0139896 0.0627675 0.0165778 0.00344117 0.892877 0.00624552
1 0.00189256 0.903056 0.0652035 0.0147151 0.00317848 0.00947388 0.00248062
2 0.00900243 0.0062441 0.0187305 0.0236876 0.00474124 0.926265 0.0113297
0 0.0167888 0.145345 0.14978 0.613514 0.0113155 0.045696 0.0175606
1 0.00136385 0.948055 0.0291733 0.00774427 0.00289401 0.00756989 0.00319983
1 0.000996989 0.971351 0.010654 0.00670246 0.00113106 0.00331868 0.00584568
1 0.000548199 0.993667 0.00255202 0.000833874 0.00119893 0.000890582 0.000309637
1 0.00172436 0.980295 0.00356916 0.00800213 0.000685148 0.0019533 0.0037714
0 0.00606548 0.0199247 0.00935138 0.932836 0.0086038 0.0102323 0.0129867
1 0.000694208 0.984617 0.0106201 0.000578921 0.00115948 0.0015035 0.000827239
2 0.00380061 0.00499479 0.0150001 0.00746188 0.00421981 0.749292 0.215231
4 0.00607981 0.00738193 0.121064 0.0162954 0.0088221 0.0203428 0.820014
4 0.00838516 0.0150692 0.0434427 0.0251151 0.014179 0.0163688 0.87744
4 0.0331554 0.155428 0.170455 0.10268 0.0374823 0.0475308 0.453268
1 0.00156992 0.979259 0.00770709 0.00563608 0.00189245 0.00196982 0.00196532
0 0.00418584 0.0139998 0.0464668 0.912021 0.00604824 0.0116307 0.00564715
1 0.00198486 0.987158 0.00627314 0.00134981 0.00145899 0.00118968 0.000585422
0 0.0069341 0.0289376 0.010423 0.924244 0.00789016 0.00958244 0.0119882
1 0.000721216 0.981968 0.0122941 0.000528624 0.00150743 0.00177828 0.00120202
2 0.0032569 0.00521519 0.0133888 0.00582371 0.00453087 0.759286 0.208498
4 0.00551957 0.00818922 0.12718 0.0143622 0.00889652 0.0210195 0.814833
4 0.00862944 0.0154631 0.0453287 0.0254242 0.0141773 0.0173513 0.873626
4 0.0331554 0.155428 0.170455 0.10268 0.0374823 0.0475308 0.453268
