labels 10 1 -2 0 -1 -3 3 4 -4
<<<<<<< HEAD
-2 0.0300693 0.00852845 0.898762 0.0172373 0.010675 0.0150161 0.00412096 0.0073512 0.00823925
10 0.947125 0.00462798 0.00373011 0.0128788 0.0195694 0.00423651 0.00243359 0.00228157 0.00311681
1 0.00977354 0.953784 0.00416003 0.00896695 0.00638812 0.00426323 0.00261849 0.00413094 0.00591479
-2 0.0355862 0.00943179 0.890611 0.0183359 0.0115392 0.0114525 0.00544761 0.00753461 0.010061
1 0.00647266 0.936551 0.00408722 0.00835873 0.0227097 0.00893826 0.00343384 0.00390065 0.00554791
10 0.964871 0.00530312 0.00313332 0.0055621 0.00955514 0.0032506 0.00201555 0.00272733 0.00358137
-2 0.0146589 0.00436555 0.934693 0.00960019 0.0106034 0.00834981 0.00479235 0.005302 0.00763489
0 0.0371021 0.0213579 0.00937899 0.832122 0.046434 0.0237356 0.00732832 0.0105328 0.0120087
10 0.964006 0.00400566 0.003653 0.00449396 0.0141049 0.0024082 0.00217413 0.00218493 0.00296939
1 0.00810557 0.945624 0.00389092 0.0101969 0.0166956 0.00395506 0.00256112 0.00450714 0.0044636
-2 0.016914 0.00797345 0.920201 0.0126998 0.0120218 0.0130062 0.00402563 0.00585981 0.00729831
10 0.966237 0.00423797 0.00259257 0.0142476 0.00356231 0.00255458 0.00156381 0.00198108 0.00302354
1 0.00874567 0.961461 0.0036564 0.00738663 0.00435294 0.00395079 0.00233511 0.00269082 0.00542063
1 0.00635336 0.94592 0.00443284 0.00878384 0.0178152 0.00462096 0.00377788 0.00318748 0.00510862
-2 0.017275 0.00889573 0.914964 0.0130902 0.0126946 0.0130114 0.00503228 0.00660073 0.00843637
10 0.9667 0.00387393 0.00252408 0.0128607 0.00254855 0.00454755 0.00154368 0.00220451 0.00319734
10 0.958563 0.00946921 0.00386958 0.0128821 0.00245306 0.00419495 0.00216873 0.00227513 0.00412445
1 0.00913944 0.940874 0.00593122 0.0124823 0.0122716 0.00447622 0.00504573 0.00393818 0.00584139
1 0.008215 0.937597 0.00598914 0.0087609 0.0181208 0.00521267 0.00448601 0.00517415 0.00644475
-2 0.0146589 0.00436555 0.934693 0.00960019 0.0106034 0.00834981 0.00479235 0.005302 0.00763489
0 0.0371021 0.0213579 0.00937899 0.832122 0.046434 0.0237356 0.00732832 0.0105328 0.0120087
10 0.965519 0.00445305 0.00387629 0.00837821 0.00735696 0.00246931 0.00217327 0.00242214 0.00335182
1 0.00730228 0.945175 0.00473905 0.00953144 0.0179998 0.00349001 0.00284184 0.00429462 0.004626
1 0.008215 0.937597 0.00598914 0.0087609 0.0181208 0.00521267 0.00448601 0.00517415 0.00644475
10 0.986162 0.00162035 0.00275475 0.00266879 0.00125441 0.0011544 0.00120981 0.00153323 0.00164191
1 0.00949575 0.959921 0.00357884 0.0107001 0.002946 0.00387948 0.00192809 0.00289023 0.00466052
1 0.00578559 0.94763 0.00419617 0.0114901 0.0155641 0.00423928 0.00397614 0.00241491 0.00470422
1 0.00651198 0.952377 0.00368042 0.00657735 0.0183415 0.00377719 0.00212537 0.00244191 0.00416742
-2 0.016914 0.00797345 0.920201 0.0126998 0.0120218 0.0130062 0.00402563 0.00585981 0.00729831
10 0.966237 0.00423797 0.00259257 0.0142476 0.00356231 0.00255458 0.00156381 0.00198108 0.00302354
1 0.0123824 0.948402 0.00446898 0.0129241 0.00498696 0.00457588 0.00253364 0.00319641 0.00652918
1 0.00555984 0.949509 0.00436891 0.00897862 0.015352 0.00387332 0.00422296 0.00314692 0.00498891
1 0.00871142 0.946431 0.00488119 0.00659885 0.0175348 0.00411305 0.00257529 0.00401824 0.00513613
10 0.985532 0.00125293 0.00161388 0.0017976 0.00173418 0.00332193 0.00112481 0.00174651 0.00187578
10 0.973301 0.00241664 0.00186268 0.0103641 0.00294031 0.00376979 0.00146322 0.00146405 0.0024179
-2 0.017275 0.00889573 0.914964 0.0130902 0.0126946 0.0130114 0.00503228 0.00660073 0.00843637
10 0.966551 0.00419685 0.00244972 0.0141914 0.00165755 0.00482416 0.00143611 0.00178506 0.00290789
10 0.969966 0.00750146 0.002981 0.00797829 0.000964971 0.00373289 0.00150919 0.0018299 0.00353623
1 0.0111428 0.942458 0.00553591 0.0158068 0.00664591 0.00506738 0.00416057 0.00320894 0.00597364
1 0.00555984 0.949509 0.00436891 0.00897862 0.015352 0.00387332 0.00422296 0.00314692 0.00498891
1 0.00871142 0.946431 0.00488119 0.00659885 0.0175348 0.00411305 0.00257529 0.00401824 0.00513613
-2 0.0146589 0.00436555 0.934693 0.00960019 0.0106034 0.00834981 0.00479235 0.005302 0.00763489
0 0.0463146 0.0353667 0.0123066 0.781498 0.0473346 0.0379557 0.0102381 0.0135892 0.0153962
10 0.975287 0.00393674 0.00296188 0.00463318 0.0028964 0.0034333 0.00147636 0.0022828 0.00309199
10 0.96607 0.00529821 0.0035031 0.0130539 0.00169007 0.0033519 0.00211342 0.00212524 0.00279451
1 0.012255 0.933619 0.0064451 0.0166263 0.0101342 0.0051948 0.00460652 0.00438501 0.00673447
1 0.00807152 0.93688 0.00630433 0.00919052 0.0183057 0.00482111 0.0051158 0.00475597 0.00655502
1 0.00803041 0.940635 0.00566835 0.00728589 0.0175458 0.00531634 0.00312535 0.00536314 0.00702995
10 0.969282 0.00239692 0.00284755 0.00662258 0.00656605 0.00288457 0.00178718 0.00217925 0.00543354
0 0.0255764 0.0132946 0.00841551 0.847372 0.0292426 0.0460061 0.0067856 0.00876304 0.0145439
-2 0.00966263 0.00730409 0.89843 0.0199899 0.0277376 0.011611 0.0147849 0.00461937 0.00586091
-1 0.00377762 0.00232134 0.00196717 0.0119916 0.96472 0.00400625 0.00186645 0.00648867 0.00286084
10 0.983649 0.00128404 0.00225176 0.00167155 0.00500167 0.00158933 0.00122528 0.00163794 0.00168934
1 0.0240628 0.748044 0.00583977 0.0403253 0.158414 0.00918167 0.00363303 0.00475331 0.00574614
0 0.0306416 0.0175865 0.0227392 0.582449 0.28581 0.0198501 0.0214508 0.0103271 0.00914607
-1 0.0175255 0.0091393 0.0349324 0.0788581 0.831753 0.00656051 0.00680612 0.0092061 0.00521904
-1 0.00652476 0.00361627 0.00818603 0.01829 0.942305 0.00330352 0.00327453 0.0109856 0.00351443
10 0.969282 0.00239692 0.00284755 0.00662258 0.00656605 0.00288457 0.00178718 0.00217925 0.00543354
0 0.0348914 0.0182117 0.0100461 0.818515 0.0435425 0.0415632 0.00841623 0.0100224 0.0147912
-2 0.0133995 0.00664579 0.897783 0.0218998 0.0280218 0.0129456 0.00656839 0.00572426 0.00701222
-1 0.00852152 0.00334809 0.00725103 0.0450255 0.91318 0.00639346 0.00359779 0.00651826 0.00616432
-1 0.0124291 0.00560801 0.0111083 0.0357223 0.914734 0.00371596 0.00340329 0.00783785 0.00544078
-1 0.0144096 0.00508664 0.00949563 0.0211985 0.925693 0.00439259 0.00361397 0.0109223 0.00518779
-2 0.0181427 0.00783262 0.918027 0.0127756 0.0131376 0.010666 0.00508664 0.00607249 0.00825936
1 0.0125644 0.936316 0.00388544 0.00926061 0.0155006 0.00960497 0.00285882 0.00373002 0.00627882
10 0.952632 0.00757636 0.00366148 0.0108922 0.0103166 0.00488933 0.00195574 0.00238187 0.00569457
-3 0.0187946 0.0102349 0.0125441 0.0290947 0.0164249 0.876478 0.0106104 0.010409 0.0154094
-2 0.0146207 0.00826834 0.894741 0.0198233 0.0276839 0.0126633 0.00725912 0.00658473 0.00835522
-1 0.00675387 0.0037774 0.00425456 0.0124385 0.954589 0.00381334 0.00308469 0.00661226 0.00467586
-1 0.00911525 0.0098825 0.00864007 0.0232682 0.924117 0.00503372 0.00211407 0.010257 0.00757263
10 0.988595 0.00144115 0.000905657 0.00124089 0.00103452 0.00179523 0.00112663 0.00153846 0.00232213
10 0.953353 0.0101777 0.00358627 0.0143765 0.00351819 0.00499742 0.00182099 0.00199667 0.006173
-3 0.0243098 0.0141637 0.0167852 0.0476759 0.0182382 0.836354 0.011975 0.0104117 0.0200864
-2 0.036456 0.0107134 0.834122 0.0309295 0.0452012 0.016286 0.00976228 0.00616824 0.0103609
-1 0.00757388 0.00300072 0.00396023 0.0206209 0.944185 0.00554997 0.00282358 0.00659371 0.00569199
-1 0.0163913 0.00812455 0.0171999 0.0296975 0.903491 0.00480348 0.00384866 0.00901127 0.00743197
-1 0.0116062 0.0107665 0.0125833 0.0290704 0.904818 0.00634219 0.00308487 0.0131569 0.00857169
10 0.986902 0.00142841 0.00216538 0.00242988 0.000915185 0.00177686 0.00111103 0.00155969 0.00171152
10 0.982222 0.00338032 0.00153941 0.00377123 0.00173587 0.00218317 0.00126434 0.00133454 0.00256928
1 0.0170018 0.92008 0.00764544 0.0219609 0.00609129 0.00847796 0.00467856 0.00391367 0.0101503
-3 0.0243234 0.011699 0.015764 0.0341106 0.0245697 0.853903 0.0100692 0.0101867 0.0153747
-2 0.0460174 0.0125594 0.834314 0.0234437 0.0474312 0.015766 0.00502329 0.00597498 0.00946995
-1 0.00752702 0.0032192 0.00400944 0.0206736 0.944771 0.00510407 0.00277993 0.00657051 0.00534488
-1 0.0182167 0.0088425 0.0155855 0.0211381 0.88089 0.0338434 0.00450822 0.00949647 0.00747864
-1 0.0102382 0.00906826 0.0155866 0.0242812 0.917801 0.00540682 0.00259204 0.00759709 0.00742837
-2 0.017275 0.00889573 0.914964 0.0130902 0.0126946 0.0130114 0.00503228 0.00660073 0.00843637
10 0.966551 0.00419685 0.00244972 0.0141914 0.00165755 0.00482416 0.00143611 0.00178506 0.00290789
10 0.972757 0.00828583 0.00229991 0.00489592 0.00148527 0.00322149 0.00149585 0.00165472 0.00390366
1 0.0160875 0.91445 0.00816332 0.0243443 0.00991525 0.00938608 0.00489044 0.00404981 0.00871372
-3 0.0392468 0.0171624 0.0192676 0.053117 0.0298696 0.801593 0.0138583 0.0116041 0.0142813
-2 0.0116025 0.0114521 0.891685 0.0206894 0.0349006 0.0119736 0.00465989 0.00705558 0.00598146
-1 0.0031993 0.105093 0.0034168 0.00494312 0.86925 0.00226073 0.00288367 0.00599945 0.00295366
-1 0.0133457 0.0336766 0.00577345 0.0220128 0.903021 0.00490162 0.00179768 0.00986859 0.00560253
-2 0.0181427 0.00783262 0.918027 0.0127756 0.0131376 0.010666 0.00508664 0.00607249 0.00825936
1 0.00879263 0.935119 0.00444731 0.0232633 0.00508795 0.00808872 0.00321124 0.00420654 0.0077837
10 0.971742 0.00952676 0.00178281 0.00345098 0.00230345 0.00374093 0.00140266 0.00168396 0.00436635
10 0.94082 0.0151817 0.00556467 0.015776 0.00379762 0.00691035 0.00195425 0.00198159 0.00801406
-3 0.0319304 0.0222989 0.0177704 0.059495 0.0225383 0.797924 0.0144315 0.0111646 0.0224469
-2 0.0803617 0.0148774 0.77271 0.0204247 0.0663815 0.0181732 0.00723924 0.00649428 0.0133379
-1 0.125128 0.013538 0.00932267 0.0659978 0.743016 0.0167508 0.00409884 0.00743262 0.0147154
-1 0.122713 0.031751 0.0381711 0.0917737 0.539878 0.125106 0.00996861 0.0125461 0.028093
-1 0.252418 0.0317573 0.0513077 0.105287 0.488365 0.023306 0.00909695 0.0128227 0.025639
-1 0.0668607 0.0205737 0.0352643 0.0953392 0.723483 0.0165863 0.00769813 0.0127981 0.0213969
-1 0.0877461 0.0376422 0.058059 0.0845143 0.641508 0.0265461 0.00998093 0.0175566 0.0364469
-1 0.100444 0.0399292 0.0624644 0.0829647 0.613486 0.0298076 0.0104695 0.0176718 0.042762
-1 0.0421595 0.0299063 0.0432149 0.0552608 0.76432 0.0169947 0.00759004 0.0146825 0.025871
-1 0.0278576 0.0268678 0.025101 0.0451487 0.819319 0.0143126 0.005376 0.0146287 0.0213884
-2 0.0143022 0.00404815 0.93956 0.00938498 0.0094159 0.00838352 0.00365353 0.00479309 0.00645894
0 0.0262407 0.0272522 0.0109842 0.824416 0.0589536 0.0169494 0.00985357 0.0111507 0.0141993
1 0.0176402 0.941998 0.00502029 0.00622325 0.00883662 0.00602108 0.00295259 0.00409275 0.00721516
10 0.958621 0.00514041 0.00328344 0.0120434 0.00709831 0.0044248 0.00183124 0.00223862 0.00531874
-3 0.0143112 0.00890965 0.0114014 0.0262039 0.0143161 0.893302 0.010077 0.0093379 0.0121405
-2 0.0159579 0.00801172 0.896942 0.0192778 0.0272425 0.0113927 0.00760085 0.00653577 0.00703846
-1 0.00815713 0.00367596 0.00563537 0.0254632 0.936449 0.00477508 0.00315135 0.00717893 0.0055142
-1 0.0103623 0.00770843 0.00985602 0.0183653 0.920343 0.0122599 0.00519009 0.00914856 0.00676611
-1 0.0110274 0.00807719 0.0119668 0.0210223 0.90832 0.00525267 0.00272308 0.0247677 0.00684252
10 0.75517 0.0169016 0.0642344 0.0639152 0.0684839 0.00895043 0.00560519 0.00710614 0.00963307
1 0.0133763 0.927903 0.00611361 0.0220958 0.00595918 0.0074356 0.0036317 0.00536131 0.00812381
10 0.97682 0.00621817 0.00145172 0.00290995 0.00214368 0.00395657 0.00129097 0.00153699 0.003672
10 0.94082 0.0151817 0.00556467 0.015776 0.00379762 0.00691035 0.00195425 0.00198159 0.00801406
-3 0.0242146 0.0141693 0.0156603 0.0475584 0.0181828 0.837656 0.0120032 0.0104226 0.0201326
-2 0.0202253 0.00724553 0.890351 0.0227638 0.0264747 0.0121258 0.00886811 0.00507321 0.00687196
-1 0.0147493 0.00369435 0.00419205 0.021709 0.934835 0.00539012 0.00288305 0.0066617 0.00588551
-1 0.0589409 0.0219318 0.0382366 0.0734574 0.755645 0.0138623 0.00685945 0.0131581 0.0179082
-1 0.0517596 0.0254503 0.0473225 0.066496 0.690919 0.0652455 0.00953961 0.0179149 0.0253521
-1 0.0266046 0.0173673 0.0473632 0.0418568 0.825989 0.0103824 0.00565183 0.0102472 0.0145381
-1 0.0140571 0.0121247 0.0113316 0.0320097 0.896307 0.00811075 0.00328121 0.0113859 0.0113923
10 0.967399 0.00283791 0.0112957 0.00628439 0.00166396 0.00348697 0.00162412 0.00220758 0.00320088
10 0.940439 0.00641953 0.00437033 0.0145244 0.0201792 0.00451611 0.00263447 0.00252801 0.00438864
1 0.0136106 0.944463 0.00497902 0.00967838 0.00825941 0.00494346 0.00290555 0.004375 0.00678564
10 0.967875 0.00359712 0.00902711 0.00527314 0.00326946 0.00264883 0.00182719 0.0021888 0.00429331
1 0.00863031 0.934126 0.00461195 0.0202046 0.0108693 0.00529075 0.00334425 0.00461503 0.00830751
10 0.957443 0.0121744 0.00340714 0.00748653 0.00530285 0.00507397 0.00203249 0.00227916 0.00479998
10 0.967035 0.00454103 0.00381385 0.00983232 0.00338701 0.00397109 0.00191442 0.00218207 0.00332333
10 0.969095 0.00277993 0.00887717 0.00655281 0.00305941 0.0026343 0.00175456 0.00201339 0.00323326
0 0.020299 0.0287985 0.00931207 0.84774 0.0490497 0.0126253 0.00821412 0.00976703 0.0141942
1 0.0124808 0.932411 0.00563635 0.0078755 0.02146 0.00588086 0.00357744 0.00429571 0.00638237
10 0.975097 0.00282939 0.00247621 0.00463676 0.00534444 0.00249628 0.00193628 0.00269413 0.00248976
10 0.971837 0.00307226 0.00882409 0.00511976 0.00169813 0.00309232 0.0014768 0.00186372 0.00301587
10 0.964302 0.00496464 0.00296269 0.0130428 0.00372887 0.00281418 0.00176782 0.00218792 0.00422866
1 0.012098 0.95459 0.00415806 0.00770982 0.00522436 0.00457676 0.00254827 0.0029324 0.00616273
1 0.00635336 0.94592 0.00443284 0.00878384 0.0178152 0.00462096 0.00377788 0.00318748 0.00510862
10 0.971903 0.00302042 0.00884449 0.00499918 0.00265625 0.00239848 0.00149982 0.00180766 0.00287047
1 0.00629915 0.944378 0.00427959 0.0157719 0.0109527 0.00360725 0.00323748 0.0039729 0.00750113
1 0.0128289 0.948217 0.00410799 0.00760286 0.00929439 0.00583939 0.00278926 0.00314313 0.00617723
10 0.972991 0.00467751 0.003425 0.00540725 0.0028915 0.00340282 0.00179365 0.00208965 0.00332182
10 0.971903 0.00302042 0.00884449 0.00499918 0.00265625 0.00239848 0.00149982 0.00180766 0.00287047
1 0.00967107 0.934658 0.00455002 0.0214046 0.012026 0.00425943 0.00279237 0.0037855 0.00685282
1 0.0131592 0.942241 0.00468297 0.0112769 0.00951182 0.00482248 0.00303113 0.00344769 0.00782703
1 0.00998755 0.950795 0.00491765 0.008226 0.00995266 0.00528239 0.0028023 0.0032283 0.00480836
10 0.9652 0.00625839 0.00402265 0.00566394 0.00625052 0.00357158 0.00207568 0.00307895 0.00387838
10 0.971903 0.00302042 0.00884449 0.00499918 0.00265625 0.00239848 0.00149982 0.00180766 0.00287047
1 0.00986012 0.940155 0.00474487 0.0216386 0.00505858 0.0044043 0.00275646 0.00382322 0.00755887
1 0.0161016 0.943047 0.00476742 0.0100898 0.00658051 0.00497152 0.00258447 0.00325363 0.00860434
1 0.012715 0.932519 0.00542283 0.016203 0.0127334 0.00631508 0.00352678 0.00384114 0.00672419
10 0.961709 0.00748482 0.00404966 0.00831266 0.00530743 0.00453104 0.00216349 0.00277268 0.00366897
10 0.96537 0.00510625 0.00443165 0.00882752 0.00336417 0.00392128 0.00219339 0.00303642 0.00374898
10 0.969095 0.00277993 0.00887717 0.00655281 0.00305941 0.0026343 0.00175456 0.00201339 0.00323326
0 0.0313031 0.0250723 0.00937469 0.851557 0.0399756 0.0124504 0.00795721 0.00915758 0.0131525
1 0.0169719 0.928858 0.00604506 0.0116586 0.0176518 0.00470039 0.00267559 0.00376619 0.00767289
1 0.0058748 0.943618 0.00366561 0.0150157 0.0158765 0.00334561 0.00339959 0.00364023 0.00556384
1 0.0134709 0.924887 0.00581359 0.0164969 0.016567 0.00622334 0.00367521 0.00579882 0.00706701
10 0.95747 0.00837646 0.00471077 0.00783847 0.00729911 0.00454891 0.00233522 0.00323739 0.00418343
10 0.955422 0.00779402 0.00484394 0.00937199 0.00762461 0.00438961 0.00221521 0.00363016 0.00470843
10 0.965834 0.00413403 0.00915935 0.00549039 0.0021906 0.00374211 0.00186544 0.0026656 0.00491824
10 0.964689 0.005628 0.0029416 0.0129102 0.00173517 0.0044439 0.0016238 0.00197546 0.00405278
10 0.965597 0.0118556 0.00282089 0.00563606 0.00187117 0.00370051 0.00161676 0.00183354 0.00506879
1 0.0160875 0.91445 0.00816332 0.0243443 0.00991525 0.00938608 0.00489044 0.00404981 0.00871372
-3 0.0392468 0.0171624 0.0192676 0.053117 0.0298696 0.801593 0.0138583 0.0116041 0.0142813
-2 0.0116025 0.0114521 0.891685 0.0206894 0.0349006 0.0119736 0.00465989 0.00705558 0.00598146
-1 0.0031993 0.105093 0.0034168 0.00494312 0.86925 0.00226073 0.00288367 0.00599945 0.00295366
-1 0.0133457 0.0336766 0.00577345 0.0220128 0.903021 0.00490162 0.00179768 0.00986859 0.00560253
10 0.967875 0.00359712 0.00902711 0.00527314 0.00326946 0.00264883 0.00182719 0.0021888 0.00429331
1 0.00873994 0.928003 0.00465052 0.0315074 0.00470298 0.00605298 0.00325095 0.00439064 0.00870153
10 0.961317 0.0151868 0.00239884 0.00441046 0.00321194 0.00443082 0.00156278 0.00190119 0.00558043
10 0.94082 0.0151817 0.00556467 0.015776 0.00379762 0.00691035 0.00195425 0.00198159 0.00801406
-3 0.0319304 0.0222989 0.0177704 0.059495 0.0225383 0.797924 0.0144315 0.0111646 0.0224469
-2 0.0803617 0.0148774 0.77271 0.0204247 0.0663815 0.0181732 0.00723924 0.00649428 0.0133379
-1 0.125128 0.013538 0.00932267 0.0659978 0.743016 0.0167508 0.00409884 0.00743262 0.0147154
-1 0.122713 0.031751 0.0381711 0.0917737 0.539878 0.125106 0.00996861 0.0125461 0.028093
-1 0.252418 0.0317573 0.0513077 0.105287 0.488365 0.023306 0.00909695 0.0128227 0.025639
-1 0.0668607 0.0205737 0.0352643 0.0953392 0.723483 0.0165863 0.00769813 0.0127981 0.0213969
-1 0.0877461 0.0376422 0.058059 0.0845143 0.641508 0.0265461 0.00998093 0.0175566 0.0364469
-1 0.100444 0.0399292 0.0624644 0.0829647 0.613486 0.0298076 0.0104695 0.0176718 0.042762
-1 0.0421595 0.0299063 0.0432149 0.0552608 0.76432 0.0169947 0.00759004 0.0146825 0.025871
-1 0.0278576 0.0268678 0.025101 0.0451487 0.819319 0.0143126 0.005376 0.0146287 0.0213884
-4 0.0488376 0.0239686 0.0227552 0.0858157 0.019397 0.0274787 0.012249 0.0142731 0.745225
-2 0.025469 0.0105645 0.899487 0.00988412 0.0173431 0.0136507 0.0049656 0.00555358 0.0130828
10 0.961222 0.0052616 0.00378269 0.00773339 0.00665823 0.00462547 0.00209388 0.00270872 0.00591376
-4 0.128327 0.0553467 0.0411617 0.0693658 0.103721 0.0325406 0.015879 0.0192686 0.534389
-4 0.02791 0.0170571 0.0140913 0.029982 0.0198159 0.0149447 0.00936883 0.010759 0.856071
-4 0.0562353 0.0266654 0.0462453 0.0775444 0.0293612 0.0294226 0.0154277 0.0156514 0.703447
-2 0.0249395 0.0127934 0.872557 0.0120569 0.0334676 0.0151886 0.00574617 0.00893806 0.0143124
10 0.931434 0.00723638 0.0054224 0.00886161 0.0277463 0.00535106 0.00255719 0.00414008 0.00725122
-4 0.0100724 0.008254 0.014884 0.00928355 0.0112742 0.0151084 0.00894658 0.0100395 0.912137
-4 0.00928434 0.00833466 0.0170863 0.00940449 0.0145662 0.018678 0.00893287 0.0100229 0.90369
-2 0.0120518 0.00605956 0.903336 0.00551257 0.028366 0.0173782 0.0044112 0.005254 0.0176306
10 0.965278 0.00290181 0.00521874 0.00306305 0.00566699 0.0053647 0.00190303 0.0022148 0.00838864
-4 0.0134309 0.0096561 0.0241562 0.0112842 0.0261918 0.0252539 0.00989074 0.0111597 0.868977
-4 0.0144188 0.011241 0.0247343 0.0121208 0.021413 0.0154051 0.0101076 0.0114708 0.879089
-4 0.0198136 0.011716 0.0248031 0.0127032 0.0236817 0.021034 0.0101268 0.0115014 0.86462
-2 0.0225064 0.00765539 0.867088 0.00685088 0.0464676 0.0187739 0.00478597 0.00580165 0.0200703
10 0.957078 0.00371585 0.00609574 0.00361694 0.00828875 0.00635961 0.0020702 0.0024324 0.0103424
10 0.982419 0.00105322 0.00189848 0.00249782 0.00511131 0.00183454 0.00145813 0.00175461 0.00197263
-2 0.00582595 0.00354347 0.91939 0.00358858 0.0263872 0.019852 0.00375358 0.00437262 0.0132866
-1 0.0163206 0.00187358 0.00573925 0.00546373 0.941026 0.00894536 0.00213304 0.00495387 0.013545
10 0.982419 0.00105322 0.00189848 0.00249782 0.00511131 0.00183454 0.00145813 0.00175461 0.00197263
-2 0.00559583 0.00408813 0.897206 0.00424628 0.0587323 0.0109688 0.0037655 0.00455115 0.010846
-1 0.0235078 0.00324585 0.00731138 0.00817645 0.929357 0.00632281 0.00249222 0.00545313 0.0141331
-1 0.0080961 0.00360837 0.0106434 0.00834956 0.937438 0.00895945 0.00254847 0.00556122 0.0147957
10 0.982419 0.00105322 0.00189848 0.00249782 0.00511131 0.00183454 0.00145813 0.00175461 0.00197263
-3 0.0178011 0.0100739 0.0513628 0.00930217 0.079475 0.729849 0.011169 0.0118123 0.0791544
-2 0.0117969 0.00597807 0.707339 0.006337 0.200202 0.0329856 0.00461771 0.00587563 0.0248681
-1 0.0217955 0.00269326 0.00860291 0.00713568 0.927126 0.00986395 0.00239896 0.00528709 0.0150965
10 0.982419 0.00105322 0.00189848 0.00249782 0.00511131 0.00183454 0.00145813 0.00175461 0.00197263
1 0.00807563 0.958144 0.00410895 0.00481721 0.00718404 0.0037268 0.0023614 0.0035178 0.0080642
1 0.00788611 0.960593 0.00286292 0.00619352 0.005183 0.00488981 0.00217439 0.00247136 0.00774566
10 0.982419 0.00105322 0.00189848 0.00249782 0.00511131 0.00183454 0.00145813 0.00175461 0.00197263
10 0.981182 0.00269619 0.0015083 0.00171109 0.0026652 0.00217659 0.00125363 0.001573 0.00523366
1 0.0117102 0.950996 0.00375905 0.00999256 0.00396256 0.0057888 0.00248865 0.00295062 0.00835189
10 0.982419 0.00105322 0.00189848 0.00249782 0.00511131 0.00183454 0.00145813 0.00175461 0.00197263
10 0.982183 0.00309778 0.00143985 0.00254381 0.00143484 0.00173678 0.00127059 0.00164599 0.00464735
1 0.0110588 0.954095 0.00430216 0.00800199 0.00522294 0.00458949 0.00266184 0.00304034 0.00702702
1 0.0101193 0.948102 0.00494515 0.00810822 0.00626787 0.00627135 0.00381467 0.00345752 0.00891411
10 0.982419 0.00105322 0.00189848 0.00249782 0.00511131 0.00183454 0.00145813 0.00175461 0.00197263
10 0.983663 0.00324912 0.00137344 0.00227381 0.00116812 0.00145683 0.00119451 0.00143385 0.00418723
1 0.0129875 0.955034 0.00385799 0.00899593 0.0016143 0.00451708 0.0021327 0.00303593 0.00782433
1 0.00871116 0.951393 0.00459353 0.00964419 0.00601243 0.00549002 0.00389594 0.00268326 0.0075769
1 0.00894948 0.95896 0.00396477 0.00568031 0.00475307 0.00545112 0.00230366 0.00268473 0.00725297
10 0.982419 0.00105322 0.00189848 0.00249782 0.00511131 0.00183454 0.00145813 0.00175461 0.00197263
10 0.892347 0.0107064 0.011441 0.0101885 0.0526638 0.0064798 0.00243874 0.00317726 0.0105573
1 0.00897986 0.941228 0.0043966 0.00948476 0.0128594 0.00625295 0.00316595 0.00375745 0.00987535
10 0.982419 0.00105322 0.00189848 0.00249782 0.00511131 0.00183454 0.00145813 0.00175461 0.00197263
10 0.955858 0.00642693 0.00792183 0.0107697 0.00349959 0.00477557 0.00194719 0.0023889 0.00641223
10 0.977121 0.00519895 0.00157449 0.00409981 0.00169121 0.00228087 0.00136174 0.00172394 0.00494794
1 0.0127883 0.950702 0.0046765 0.00792847 0.0050636 0.00531853 0.0026854 0.00304853 0.00778846
1 0.0101193 0.948102 0.00494515 0.00810822 0.00626787 0.00627135 0.00381467 0.00345752 0.00891411
10 0.982419 0.00105322 0.00189848 0.00249782 0.00511131 0.00183454 0.00145813 0.00175461 0.00197263
10 0.983663 0.00324912 0.00137344 0.00227381 0.00116812 0.00145683 0.00119451 0.00143385 0.00418723
1 0.0204536 0.945833 0.0044511 0.00671832 0.0032419 0.00457538 0.00234217 0.00324077 0.00914375
1 0.0238463 0.894856 0.0074532 0.0248015 0.0137184 0.0104643 0.00443252 0.00390795 0.0165199
-3 0.0165505 0.0109366 0.00984548 0.0218882 0.0166053 0.88894 0.00808374 0.00753831 0.0196119
-2 0.0118951 0.00873925 0.913613 0.00855694 0.026064 0.0119867 0.00477136 0.00567875 0.00869488
-1 0.0132197 0.0065095 0.00323344 0.0112875 0.944673 0.00492547 0.00215107 0.00686747 0.00713311
10 0.982419 0.00105322 0.00189848 0.00249782 0.00511131 0.00183454 0.00145813 0.00175461 0.00197263
-1 0.00309775 0.00185102 0.0170868 0.0053862 0.940848 0.00857114 0.00215285 0.00496812 0.0160376
-1 0.00321042 0.00190279 0.0119897 0.0055696 0.947567 0.0065683 0.00216346 0.00500254 0.0160266
-1 0.00583976 0.00189051 0.00943892 0.00558871 0.947661 0.00903197 0.00215845 0.00499901 0.0133916
10 0.982419 0.00105322 0.00189848 0.00249782 0.00511131 0.00183454 0.00145813 0.00175461 0.00197263
-1 0.00441808 0.00208062 0.0175731 0.00559599 0.924135 0.0151083 0.00229971 0.00507581 0.023713
-1 0.00441808 0.00208062 0.0175731 0.00559599 0.924135 0.0151083 0.00229971 0.00507581 0.023713
10 0.982419 0.00105322 0.00189848 0.00249782 0.00511131 0.00183454 0.00145813 0.00175461 0.00197263
-1 0.00347624 0.00206176 0.0187357 0.00577396 0.934115 0.00956918 0.00224303 0.00506483 0.0189601
-1 0.0036194 0.00211899 0.0105152 0.00600561 0.944873 0.00772412 0.00224553 0.00510542 0.0177924
-1 0.00753452 0.00228418 0.0121066 0.00632881 0.93623 0.0109713 0.00231434 0.00516571 0.0170649
10 0.982419 0.00105322 0.00189848 0.00249782 0.00511131 0.00183454 0.00145813 0.00175461 0.00197263
-1 0.00435926 0.00206486 0.0174257 0.00557855 0.925245 0.0149459 0.00228897 0.00506741 0.023024
-1 0.0043539 0.00206064 0.0174125 0.00558697 0.925345 0.0149387 0.00228905 0.00506708 0.0229466
10 0.982419 0.00105322 0.00189848 0.00249782 0.00511131 0.00183454 0.00145813 0.00175461 0.00197263
-1 0.00515493 0.00295363 0.0224898 0.00745907 0.922549 0.0106262 0.00251173 0.00541026 0.0208454
-1 0.0062755 0.00303504 0.0134099 0.0076661 0.93328 0.00867153 0.00258234 0.00544846 0.0196315
-1 0.0117222 0.00361698 0.0124035 0.00878165 0.925364 0.0116103 0.00266971 0.00574368 0.0180882
10 0.982419 0.00105322 0.00189848 0.00249782 0.00511131 0.00183454 0.00145813 0.00175461 0.00197263
-1 0.00471246 0.00278448 0.0177827 0.00713174 0.931011 0.00979456 0.00244117 0.00534417 0.0189983
-1 0.00550441 0.0029013 0.0102228 0.00732151 0.924971 0.02486 0.00261035 0.00545571 0.0161528
-1 0.0100484 0.00322596 0.0165587 0.00809359 0.927142 0.010783 0.00256102 0.00549523 0.0160926
10 0.982419 0.00105322 0.00189848 0.00249782 0.00511131 0.00183454 0.00145813 0.00175461 0.00197263
-2 0.00582595 0.00354347 0.91939 0.00358858 0.0263872 0.019852 0.00375358 0.00437262 0.0132866
-1 0.0154992 0.00283557 0.0076142 0.0074297 0.937166 0.00733533 0.00240769 0.00535266 0.0143598
-1 0.00515277 0.00292696 0.0138431 0.00747433 0.93996 0.00691519 0.00242651 0.0054051 0.0158965
-1 0.00583976 0.00189051 0.00943892 0.00558871 0.947661 0.00903197 0.00215845 0.00499901 0.0133916
10 0.982419 0.00105322 0.00189848 0.00249782 0.00511131 0.00183454 0.00145813 0.00175461 0.00197263
-2 0.00582595 0.00354347 0.91939 0.00358858 0.0263872 0.019852 0.00375358 0.00437262 0.0132866
-1 0.0204752 0.00330612 0.00862655 0.00840171 0.92172 0.00780882 0.00257466 0.00550729 0.0215795
-1 0.00562469 0.00338168 0.0170787 0.00820567 0.93311 0.00805799 0.00254145 0.005548 0.0164518
-1 0.0189941 0.00225172 0.0112084 0.0062503 0.928111 0.0100031 0.00228324 0.00510385 0.0157943
10 0.982419 0.00105322 0.00189848 0.00249782 0.00511131 0.00183454 0.00145813 0.00175461 0.00197263
-2 0.0080057 0.00519085 0.88602 0.00509346 0.0587559 0.0137311 0.0041511 0.00505353 0.0139979
-1 0.0244847 0.00344781 0.00824406 0.00838917 0.922059 0.00804222 0.00257651 0.00552919 0.0172279
-1 0.00927772 0.00364457 0.0139743 0.00871721 0.927459 0.010435 0.00264951 0.00565309 0.0181897
10 0.982419 0.00105322 0.00189848 0.00249782 0.00511131 0.00183454 0.00145813 0.00175461 0.00197263
-2 0.00758642 0.00456085 0.912856 0.00438169 0.0267782 0.0198393 0.00408241 0.00480933 0.0151061
-1 0.0256052 0.00438217 0.011259 0.00997453 0.913372 0.00905918 0.00279583 0.00579804 0.0177543
-1 0.00792345 0.00432914 0.0112727 0.00981884 0.928896 0.0135899 0.00280036 0.00585535 0.0155147
-1 0.00979636 0.00337095 0.0162486 0.00783362 0.929308 0.0103457 0.00251848 0.00542834 0.0151503
10 0.982419 0.00105322 0.00189848 0.00249782 0.00511131 0.00183454 0.00145813 0.00175461 0.00197263
-2 0.0102212 0.0054188 0.857113 0.00528305 0.0691901 0.0246165 0.00440476 0.00532168 0.0184309
-1 0.0360081 0.0038985 0.0104132 0.00879702 0.902967 0.0114237 0.00268622 0.00561704 0.0181891
-1 0.0129912 0.00573652 0.0189686 0.011211 0.911596 0.00971189 0.00302327 0.0061384 0.020623
-1 0.0124683 0.00486497 0.0142855 0.0101011 0.91678 0.0145431 0.00291536 0.00596653 0.0180754
-1 0.0126081 0.00400927 0.0135471 0.0091021 0.930279 0.00748418 0.00266871 0.00570226 0.0145995
-1 0.0188018 0.00495756 0.0154552 0.0101728 0.911664 0.0114215 0.00289401 0.00595984 0.0186737
10 0.982419 0.00105322 0.00189848 0.00249782 0.00511131 0.00183454 0.00145813 0.00175461 0.00197263
10 0.982419 0.00105322 0.00189848 0.00249782 0.00511131 0.00183454 0.00145813 0.00175461 0.00197263
10 0.982419 0.00105322 0.00189848 0.00249782 0.00511131 0.00183454 0.00145813 0.00175461 0.00197263
10 0.982419 0.00105322 0.00189848 0.00249782 0.00511131 0.00183454 0.00145813 0.00175461 0.00197263
10 0.982419 0.00105322 0.00189848 0.00249782 0.00511131 0.00183454 0.00145813 0.00175461 0.00197263
10 0.982419 0.00105322 0.00189848 0.00249782 0.00511131 0.00183454 0.00145813 0.00175461 0.00197263
10 0.982419 0.00105322 0.00189848 0.00249782 0.00511131 0.00183454 0.00145813 0.00175461 0.00197263
10 0.982419 0.00105322 0.00189848 0.00249782 0.00511131 0.00183454 0.00145813 0.00175461 0.00197263
10 0.982419 0.00105322 0.00189848 0.00249782 0.00511131 0.00183454 0.00145813 0.00175461 0.00197263
10 0.982419 0.00105322 0.00189848 0.00249782 0.00511131 0.00183454 0.00145813 0.00175461 0.00197263
-4 0.0134309 0.0096561 0.0241562 0.0112842 0.0261918 0.0252539 0.00989074 0.0111597 0.868977
-4 0.0144188 0.011241 0.0247343 0.0121208 0.021413 0.0154051 0.0101076 0.0114708 0.879089
-4 0.0198136 0.011716 0.0248031 0.0127032 0.0236817 0.021034 0.0101268 0.0115014 0.86462
-2 0.0225064 0.00765539 0.867088 0.00685088 0.0464676 0.0187739 0.00478597 0.00580165 0.0200703
10 0.957078 0.00371585 0.00609574 0.00361694 0.00828875 0.00635961 0.0020702 0.0024324 0.0103424
10 0.982419 0.00105322 0.00189848 0.00249782 0.00511131 0.00183454 0.00145813 0.00175461 0.00197263
10 0.982419 0.00105322 0.00189848 0.00249782 0.00511131 0.00183454 0.00145813 0.00175461 0.00197263
10 0.982419 0.00105322 0.00189848 0.00249782 0.00511131 0.00183454 0.00145813 0.00175461 0.00197263
10 0.982419 0.00105322 0.00189848 0.00249782 0.00511131 0.00183454 0.00145813 0.00175461 0.00197263
-4 0.00862495 0.00801539 0.0159828 0.00916653 0.0139544 0.0198244 0.00890074 0.00997628 0.905555
-2 0.00670447 0.00520938 0.913625 0.00502377 0.0271454 0.0179627 0.0042701 0.00509207 0.0149675
10 0.965278 0.00290181 0.00521874 0.00306305 0.00566699 0.0053647 0.00190303 0.0022148 0.00838864
-4 0.0134309 0.0096561 0.0241562 0.0112842 0.0261918 0.0252539 0.00989074 0.0111597 0.868977
-4 0.0144188 0.011241 0.0247343 0.0121208 0.021413 0.0154051 0.0101076 0.0114708 0.879089
-4 0.0198136 0.011716 0.0248031 0.0127032 0.0236817 0.021034 0.0101268 0.0115014 0.86462
-2 0.0225064 0.00765539 0.867088 0.00685088 0.0464676 0.0187739 0.00478597 0.00580165 0.0200703
10 0.957078 0.00371585 0.00609574 0.00361694 0.00828875 0.00635961 0.0020702 0.0024324 0.0103424
-4 0.0176833 0.0127827 0.0144115 0.0097464 0.013993 0.0124246 0.00896576 0.0100923 0.899901
-4 0.0149815 0.0105893 0.0137756 0.00842618 0.0122862 0.00929919 0.00819854 0.00917264 0.913271
-4 0.0197485 0.0114352 0.0199571 0.0102944 0.0139721 0.0142434 0.00880109 0.00974303 0.891805
-2 0.0277904 0.0101948 0.873227 0.00735371 0.0272247 0.0171214 0.00492342 0.0061133 0.0260517
10 0.95296 0.00518813 0.00665983 0.00389102 0.00777189 0.00589542 0.00214285 0.00255511 0.0129359
-4 0.00706312 0.00662844 0.0108003 0.00727704 0.00968529 0.0135633 0.00783048 0.00872382 0.928428
-2 0.00591659 0.00471285 0.92571 0.0044468 0.0206427 0.0144052 0.00400739 0.00469739 0.0154616
10 0.969881 0.00252844 0.00462123 0.00277656 0.00435301 0.00434531 0.00178948 0.00206163 0.00764335
-4 0.00775827 0.00661258 0.00957361 0.00712759 0.00753759 0.00954504 0.0078529 0.00872802 0.935264
-4 0.00688021 0.00639486 0.011187 0.00704611 0.00969267 0.0121658 0.007649 0.00852768 0.930457
-2 0.0102835 0.00528461 0.919446 0.00471495 0.0199589 0.0139924 0.00408719 0.00476512 0.0174678
10 0.969881 0.00252844 0.00462123 0.00277656 0.00435301 0.00434531 0.00178948 0.00206163 0.00764335
-2 0.0188781 0.00650804 0.908523 0.00876517 0.0260275 0.0159181 0.0036785 0.00555588 0.00614568
10 0.965336 0.00283733 0.00215946 0.0113506 0.00686974 0.00492174 0.00169915 0.00188339 0.00294254
1 0.00670446 0.506301 0.00445326 0.0100273 0.457084 0.00366799 0.0027231 0.00461292 0.00442588
-2 0.0188781 0.00650804 0.908523 0.00876517 0.0260275 0.0159181 0.0036785 0.00555588 0.00614568
10 0.965336 0.00283733 0.00215946 0.0113506 0.00686974 0.00492174 0.00169915 0.00188339 0.00294254
-1 0.0224198 0.0051234 0.0160239 0.111718 0.812332 0.0111626 0.00425236 0.00836747 0.00859968
-1 0.00905624 0.00391145 0.0170107 0.0526193 0.893693 0.00525173 0.00605652 0.00709838 0.00530262
-1 0.00776412 0.00307217 0.00661514 0.026951 0.935158 0.00415227 0.00315236 0.00895314 0.00418189
10 0.603339 0.00707178 0.031933 0.0268904 0.311037 0.00682149 0.00297757 0.00483419 0.00509544
1 0.00629192 0.752073 0.00407737 0.0128501 0.207965 0.00518076 0.00287805 0.00394084 0.00474295
-2 0.0188781 0.00650804 0.908523 0.00876517 0.0260275 0.0159181 0.0036785 0.00555588 0.00614568
10 0.965336 0.00283733 0.00215946 0.0113506 0.00686974 0.00492174 0.00169915 0.00188339 0.00294254
1 0.00670446 0.506301 0.00445326 0.0100273 0.457084 0.00366799 0.0027231 0.00461292 0.00442588
-1 0.0224198 0.0051234 0.0160239 0.111718 0.812332 0.0111626 0.00425236 0.00836747 0.00859968
-1 0.00905624 0.00391145 0.0170107 0.0526193 0.893693 0.00525173 0.00605652 0.00709838 0.00530262
-1 0.00776412 0.00307217 0.00661514 0.026951 0.935158 0.00415227 0.00315236 0.00895314 0.00418189
-2 0.0300693 0.00852845 0.898762 0.0172373 0.010675 0.0150161 0.00412096 0.0073512 0.00823925
10 0.947125 0.00462798 0.00373011 0.0128788 0.0195694 0.00423651 0.00243359 0.00228157 0.00311681
1 0.00977354 0.953784 0.00416003 0.00896695 0.00638812 0.00426323 0.00261849 0.00413094 0.00591479
=======
10 0.983843 0.000639996 0.00127848 0.00110092 0.00823964 0.00218509 0.000959233 0.000596968 0.00115682
10 0.987077 0.000506322 0.000718146 0.000497533 0.00818986 0.00119717 0.000590331 0.000612103 0.000611277
1 0.00368426 0.971059 0.00114203 0.00978148 0.00183443 0.00574194 0.0015394 0.00368391 0.00153334
-2 0.0119158 0.00367124 0.956683 0.00739548 0.00806689 0.0044551 0.00215411 0.00227281 0.00338594
10 0.976829 0.00237538 0.00139914 0.00498572 0.00840547 0.0026697 0.000915995 0.000973102 0.0014468
1 0.00843712 0.957485 0.00245158 0.0105392 0.00411498 0.00620293 0.00188297 0.00567755 0.00320817
-2 0.0119837 0.00377738 0.956659 0.00702709 0.00803696 0.00380481 0.00270447 0.00226634 0.00374037
1 0.00388956 0.956931 0.00273475 0.00641017 0.0136212 0.00635235 0.00202675 0.00566853 0.00236546
10 0.974406 0.00667128 0.00185357 0.00327978 0.00642913 0.00298322 0.000853486 0.00149337 0.00203034
10 0.990529 0.000717636 0.00111164 0.000730367 0.00286366 0.00185061 0.000698276 0.000631143 0.000867739
10 0.97895 0.00285281 0.000553532 0.00952779 0.00118959 0.00428802 0.000769197 0.000938562 0.000930267
10 0.98798 0.000923741 0.00194218 0.0017591 0.00337481 0.00147201 0.000834231 0.000800889 0.000913182
10 0.976157 0.00395478 0.000819011 0.0094643 0.00183137 0.00455844 0.000820082 0.0010343 0.00136077
1 0.00728342 0.956783 0.00226437 0.0110028 0.00371033 0.00855366 0.00186715 0.00556433 0.00297072
-2 0.0118518 0.00498104 0.956775 0.00564055 0.00754146 0.00438709 0.00253636 0.00231727 0.00396905
10 0.973789 0.00328033 0.00135274 0.00965001 0.00501416 0.00350824 0.000785509 0.00102996 0.00159021
10 0.972965 0.00590443 0.00115975 0.0084967 0.00263604 0.00497209 0.00086133 0.00113147 0.00187304
1 0.00728342 0.956783 0.00226437 0.0110028 0.00371033 0.00855366 0.00186715 0.00556433 0.00297072
-2 0.0116714 0.00381374 0.960041 0.00490219 0.00778951 0.00384465 0.00219405 0.00216732 0.00357606
1 0.00365186 0.961197 0.00269123 0.0108139 0.00594996 0.0050809 0.00202689 0.0057861 0.00280185
10 0.976906 0.00653953 0.00164664 0.00410793 0.00384314 0.00286234 0.000863435 0.00137442 0.00185651
10 0.972372 0.00519898 0.00100011 0.00987321 0.0022574 0.00567096 0.000854518 0.00111882 0.00165374
-2 0.00967642 0.00218327 0.969704 0.00344928 0.00411537 0.00313989 0.00227658 0.0019609 0.00349438
0 0.0162401 0.0176889 0.00662747 0.872267 0.0503943 0.0196526 0.00527167 0.0056078 0.00625043
10 0.978885 0.00315085 0.00156108 0.00285469 0.00845079 0.00192881 0.00100613 0.000870499 0.00129192
1 0.00563186 0.966539 0.00160754 0.0103266 0.00260019 0.004927 0.00168134 0.0045631 0.00212373
-2 0.0098259 0.00207133 0.971011 0.00340848 0.00394193 0.00334901 0.00154119 0.00191448 0.00293638
0 0.0106819 0.0130072 0.00648765 0.886183 0.0539143 0.0114301 0.00554327 0.00563781 0.00711532
1 0.00454461 0.964593 0.00335553 0.00386385 0.0125373 0.0033737 0.00201379 0.00344234 0.0022756
10 0.97595 0.00404948 0.00164168 0.00296785 0.00845755 0.00288971 0.000984655 0.0014874 0.0015721
10 0.98492 0.0010991 0.00163936 0.00218974 0.00641138 0.00136335 0.000767239 0.000782016 0.000827998
1 0.00489616 0.96781 0.00153003 0.00963869 0.00253159 0.00559412 0.00164634 0.00431604 0.00203653
1 0.00435795 0.9607 0.00349384 0.00478987 0.0128981 0.00423713 0.00229871 0.00503594 0.00218839
-2 0.0117331 0.00444386 0.959555 0.00525116 0.00706275 0.00460626 0.00180021 0.00219139 0.00335679
10 0.976919 0.0026249 0.00120701 0.00951796 0.00488899 0.00154522 0.000706498 0.00102082 0.00156926
1 0.00829776 0.958773 0.00238584 0.00945349 0.00406512 0.00659082 0.00184694 0.0054542 0.00313268
1 0.00435795 0.9607 0.00349384 0.00478987 0.0128981 0.00423713 0.00229871 0.00503594 0.00218839
-2 0.0117808 0.00390756 0.959959 0.00539343 0.00790541 0.00400614 0.00163455 0.00216962 0.00324337
1 0.00327254 0.961825 0.00273982 0.0108521 0.00742462 0.00323473 0.00201882 0.00579528 0.00283753
1 0.00692687 0.969741 0.00237781 0.00373059 0.00403419 0.00392123 0.00134162 0.00539357 0.0025336
10 0.975679 0.00559471 0.00204165 0.00427045 0.00531641 0.00314257 0.000824984 0.00127663 0.00185376
10 0.990529 0.000717636 0.00111164 0.000730367 0.00286366 0.00185061 0.000698276 0.000631143 0.000867739
10 0.97895 0.00285281 0.000553532 0.00952779 0.00118959 0.00428802 0.000769197 0.000938562 0.000930267
10 0.991996 0.000917906 0.00160341 0.000860091 0.00136894 0.0011881 0.000613793 0.000685852 0.000766338
10 0.977459 0.00390119 0.000834898 0.00906206 0.00187559 0.0036184 0.000818294 0.0010367 0.00139411
1 0.00641936 0.959611 0.00214111 0.00963284 0.00357748 0.00872686 0.00181557 0.00524845 0.00282701
1 0.00435795 0.9607 0.00349384 0.00478987 0.0128981 0.00423713 0.00229871 0.00503594 0.00218839
-2 0.0118518 0.00498104 0.956775 0.00564055 0.00754146 0.00438709 0.00253636 0.00231727 0.00396905
10 0.973789 0.00328033 0.00135274 0.00965001 0.00501416 0.00350824 0.000785509 0.00102996 0.00159021
10 0.970962 0.00658143 0.00137191 0.00866429 0.00316208 0.00496858 0.00088925 0.00118746 0.00221308
1 0.00845826 0.954043 0.00275955 0.0103684 0.00465741 0.00807823 0.00195735 0.00607789 0.00360009
1 0.00548793 0.955442 0.00396457 0.00492695 0.0136036 0.00443248 0.00259769 0.00669961 0.00284551
-2 0.0117808 0.00390756 0.959959 0.00539343 0.00790541 0.00400614 0.00163455 0.00216962 0.00324337
1 0.00327254 0.961825 0.00273982 0.0108521 0.00742462 0.00323473 0.00201882 0.00579528 0.00283753
1 0.0086182 0.960145 0.00291005 0.00548908 0.00676906 0.00414491 0.00182148 0.00659107 0.0035112
10 0.972508 0.00700898 0.00221346 0.00516128 0.00577955 0.00306465 0.0010219 0.00150439 0.00173752
10 0.970063 0.00570635 0.00128011 0.00982329 0.00293779 0.00601228 0.000888706 0.00120405 0.00208436
-2 0.00967642 0.00218327 0.969704 0.00344928 0.00411537 0.00313989 0.00227658 0.0019609 0.00349438
0 0.0162401 0.0176889 0.00662747 0.872267 0.0503943 0.0196526 0.00527167 0.0056078 0.00625043
10 0.971919 0.0042736 0.00214133 0.00640118 0.00910991 0.0023196 0.00105201 0.00108761 0.00169619
1 0.00699 0.961576 0.00207764 0.0106172 0.00347306 0.00556659 0.00179291 0.00518007 0.00272672
1 0.00548793 0.955442 0.00396457 0.00492695 0.0136036 0.00443248 0.00259769 0.00669961 0.00284551
-2 0.0098259 0.00207133 0.971011 0.00340848 0.00394193 0.00334901 0.00154119 0.00191448 0.00293638
