labels 10 1 -2 0 -1 -3 3 4 -4
10 0.982419 0.00105322 0.00189848 0.00249782 0.00511131 0.00183454 0.00145813 0.00175461 0.00197263
10 0.983649 0.00128404 0.00225176 0.00167155 0.00500167 0.00158933 0.00122528 0.00163794 0.00168934
1 0.00738699 0.955056 0.00339768 0.0105442 0.00948603 0.00488876 0.00234109 0.00281147 0.00408807
10 0.985532 0.00125293 0.00161388 0.0017976 0.00173418 0.00332193 0.00112481 0.00174651 0.00187578
10 0.973301 0.00241664 0.00186268 0.0103641 0.00294031 0.00376979 0.00146322 0.00146405 0.0024179
10 0.98509 0.001417 0.00228809 0.00280843 0.000986071 0.00213831 0.00124488 0.00210275 0.00192406
10 0.969149 0.00391682 0.00327474 0.00990407 0.00393977 0.00341778 0.00215101 0.00178547 0.00246146
1 0.0102574 0.940413 0.00568315 0.0132568 0.0106726 0.00536852 0.00442136 0.00410058 0.00582632
-2 0.017275 0.00889573 0.914964 0.0130902 0.0126946 0.0130114 0.00503228 0.00660073 0.00843637
10 0.9667 0.00387393 0.00252408 0.0128607 0.00254855 0.00454755 0.00154368 0.00220451 0.00319734
10 0.964581 0.00792467 0.00356062 0.00895967 0.00328974 0.00398957 0.00213949 0.00197454 0.00358096
1 0.0102574 0.940413 0.00568315 0.0132568 0.0106726 0.00536852 0.00442136 0.00410058 0.00582632
-2 0.0181427 0.00783262 0.918027 0.0127756 0.0131376 0.010666 0.00508664 0.00607249 0.00825936
1 0.00789604 0.938254 0.00424809 0.0163488 0.0120045 0.0062868 0.00325995 0.00437813 0.00732385
10 0.963105 0.00853628 0.00289335 0.00694944 0.00597863 0.00463426 0.00195339 0.00214581 0.0038035
10 0.967035 0.00454103 0.00381385 0.00983232 0.00338701 0.00397109 0.00191442 0.00218207 0.00332333
-2 0.0143022 0.00404815 0.93956 0.00938498 0.0094159 0.00838352 0.00365353 0.00479309 0.00645894
0 0.0190611 0.0215954 0.00971451 0.846097 0.0554087 0.0146402 0.00895566 0.0106776 0.0138493
1 0.00950445 0.940388 0.00518012 0.0076948 0.0181669 0.00558956 0.0034356 0.00423252 0.00580756
10 0.975097 0.00282939 0.00247621 0.00463676 0.00534444 0.00249628 0.00193628 0.00269413 0.00248976
10 0.985072 0.00165294 0.00256097 0.00293706 0.001512 0.00136398 0.00128665 0.00180512 0.00180906
1 0.00644584 0.958414 0.00375344 0.00843634 0.0099027 0.0036329 0.0024864 0.0028312 0.00409721
1 0.00635336 0.94592 0.00443284 0.00878384 0.0178152 0.00462096 0.00377788 0.00318748 0.00510862
-2 0.0177398 0.00728249 0.922263 0.0125625 0.0121092 0.0107439 0.00412712 0.00562356 0.00754832
1 0.0048592 0.947804 0.00379787 0.0155951 0.0110524 0.00358153 0.00308258 0.00360697 0.00662004
1 0.0096295 0.955933 0.00353032 0.00742643 0.00708435 0.00544149 0.00255497 0.00290389 0.00549649
10 0.972991 0.00467751 0.003425 0.00540725 0.0028915 0.00340282 0.00179365 0.00208965 0.00332182
10 0.985532 0.00125293 0.00161388 0.0017976 0.00173418 0.00332193 0.00112481 0.00174651 0.00187578
10 0.973301 0.00241664 0.00186268 0.0103641 0.00294031 0.00376979 0.00146322 0.00146405 0.0024179
10 0.986902 0.00142841 0.00216538 0.00242988 0.000915185 0.00177686 0.00111103 0.00155969 0.00171152
10 0.97818 0.00409373 0.00242818 0.00641924 0.000925843 0.00271079 0.00129816 0.00158704 0.00235651
1 0.00896373 0.945407 0.00530762 0.0134768 0.00912435 0.00500285 0.00450875 0.00286473 0.00534415
1 0.00635336 0.94592 0.00443284 0.00878384 0.0178152 0.00462096 0.00377788 0.00318748 0.00510862
-2 0.0177398 0.00728249 0.922263 0.0125625 0.0121092 0.0107439 0.00412712 0.00562356 0.00754832
1 0.0048592 0.947804 0.00379787 0.0155951 0.0110524 0.00358153 0.00308258 0.00360697 0.00662004
1 0.012881 0.934918 0.00477547 0.0124844 0.0135804 0.00576659 0.0034316 0.00458513 0.0075771
10 0.961709 0.00748482 0.00404966 0.00831266 0.00530743 0.00453104 0.00216349 0.00277268 0.00366897
10 0.96537 0.00510625 0.00443165 0.00882752 0.00336417 0.00392128 0.00219339 0.00303642 0.00374898
-2 0.0143022 0.00404815 0.93956 0.00938498 0.0094159 0.00838352 0.00365353 0.00479309 0.00645894
0 0.0215042 0.0187265 0.00858196 0.857132 0.0541047 0.0125022 0.00713685 0.00879328 0.0115186
1 0.00925502 0.934774 0.00568284 0.0124582 0.0182493 0.0037705 0.00383932 0.0044055 0.00756538
1 0.00804436 0.945413 0.0040484 0.00775333 0.0176925 0.0047349 0.00303915 0.00478352 0.00449031
10 0.9652 0.00625839 0.00402265 0.00566394 0.00625052 0.00357158 0.00207568 0.00307895 0.00387838
-2 0.0177398 0.00728249 0.922263 0.0125625 0.0121092 0.0107439 0.00412712 0.00562356 0.00754832
1 0.00597293 0.947967 0.00382057 0.0154764 0.0110871 0.00418381 0.00253097 0.00332645 0.00563506
1 0.00882842 0.950642 0.00405202 0.0111807 0.00798598 0.00410138 0.00289723 0.00324766 0.00706472
1 0.00998755 0.950795 0.00491765 0.008226 0.00995266 0.00528239 0.0028023 0.0032283 0.00480836
10 0.9652 0.00625839 0.00402265 0.00566394 0.00625052 0.00357158 0.00207568 0.00307895 0.00387838
10 0.986902 0.00142841 0.00216538 0.00242988 0.000915185 0.00177686 0.00111103 0.00155969 0.00171152
10 0.97818 0.00409373 0.00242818 0.00641924 0.000925843 0.00271079 0.00129816 0.00158704 0.00235651
1 0.0111428 0.942458 0.00553591 0.0158068 0.00664591 0.00506738 0.00416057 0.00320894 0.00597364
1 0.00555984 0.949509 0.00436891 0.00897862 0.015352 0.00387332 0.00422296 0.00314692 0.00498891
1 0.00871142 0.946431 0.00488119 0.00659885 0.0175348 0.00411305 0.00257529 0.00401824 0.00513613
-2 0.0177398 0.00728249 0.922263 0.0125625 0.0121092 0.0107439 0.00412712 0.00562356 0.00754832
1 0.006316 0.954023 0.00408401 0.0148569 0.0038844 0.00462196 0.0025127 0.00339396 0.00630659
1 0.0112393 0.951447 0.00411375 0.00989749 0.00585887 0.00425624 0.00238748 0.00302194 0.00777797
1 0.012715 0.932519 0.00542283 0.016203 0.0127334 0.00631508 0.00352678 0.00384114 0.00672419
10 0.961709 0.00748482 0.00404966 0.00831266 0.00530743 0.00453104 0.00216349 0.00277268 0.00366897
10 0.96537 0.00510625 0.00443165 0.00882752 0.00336417 0.00392128 0.00219339 0.00303642 0.00374898
-2 0.0143022 0.00404815 0.93956 0.00938498 0.0094159 0.00838352 0.00365353 0.00479309 0.00645894
0 0.0268402 0.025044 0.00942064 0.846761 0.0478367 0.013746 0.00833708 0.00959439 0.01242
1 0.0119961 0.937886 0.00538259 0.0115041 0.0165793 0.00397471 0.00244747 0.00354551 0.00668374
1 0.0058748 0.943618 0.00366561 0.0150157 0.0158765 0.00334561 0.00339959 0.00364023 0.00556384
1 0.0134709 0.924887 0.00581359 0.0164969 0.016567 0.00622334 0.00367521 0.00579882 0.00706701
10 0.95747 0.00837646 0.00471077 0.00783847 0.00729911 0.00454891 0.00233522 0.00323739 0.00418343
10 0.955422 0.00779402 0.00484394 0.00937199 0.00762461 0.00438961 0.00221521 0.00363016 0.00470843
10 0.969282 0.00239692 0.00284755 0.00662258 0.00656605 0.00288457 0.00178718 0.00217925 0.00543354
0 0.0348914 0.0182117 0.0100461 0.818515 0.0435425 0.0415632 0.00841623 0.0100224 0.0147912
-2 0.0133995 0.00664579 0.897783 0.0218998 0.0280218 0.0129456 0.00656839 0.00572426 0.00701222
-1 0.00429604 0.00213704 0.00508043 0.0328147 0.937636 0.00470676 0.00311871 0.00602035 0.00419033
-1 0.00670755 0.00334095 0.00784934 0.0278682 0.938229 0.00244907 0.0028085 0.00721877 0.00352903
-1 0.00652476 0.00361627 0.00818603 0.01829 0.942305 0.00330352 0.00327453 0.0109856 0.00351443
10 0.983649 0.00128404 0.00225176 0.00167155 0.00500167 0.00158933 0.00122528 0.00163794 0.00168934
1 0.00837337 0.938074 0.00406187 0.0163171 0.0135881 0.00582058 0.00288059 0.00356507 0.00731932
0 0.0176761 0.0127904 0.0123919 0.834728 0.0470159 0.0423794 0.0119197 0.00865407 0.012444
-2 0.00799447 0.00700081 0.915296 0.0133401 0.0278327 0.0109686 0.00564868 0.00648229 0.00543678
-1 0.0031314 0.00248412 0.00259705 0.0101966 0.966292 0.0030262 0.00203287 0.00779896 0.00244094
-2 0.016914 0.00797345 0.920201 0.0126998 0.0120218 0.0130062 0.00402563 0.00585981 0.00729831
10 0.971909 0.00322564 0.00237589 0.00712989 0.00578075 0.00373276 0.00145669 0.00177054 0.00261868
1 0.00932417 0.942337 0.00355566 0.0111301 0.0175711 0.00566527 0.00245111 0.00293809 0.00502737
0 0.0219259 0.0168633 0.0122472 0.837387 0.0560652 0.019721 0.0126619 0.00997611 0.013152
0 0.0174839 0.0127202 0.0181619 0.831053 0.0553452 0.0308234 0.00987662 0.0120313 0.0125043
-2 0.00962119 0.00727361 0.911942 0.0118184 0.0272563 0.0103746 0.00649824 0.00862298 0.00659277
-1 0.0035818 0.00371937 0.00301067 0.0124538 0.960449 0.00305838 0.00141164 0.00942652 0.00288916
10 0.987596 0.00141413 0.00143048 0.00130193 0.00229675 0.00115172 0.00125943 0.00153161 0.00201843
1 0.0123217 0.943977 0.00468228 0.013299 0.00600796 0.0054096 0.00292819 0.00370025 0.00767357
-3 0.0201231 0.0116673 0.0118896 0.0306932 0.0181197 0.860623 0.0106821 0.0101409 0.0260616
-2 0.0144641 0.00708149 0.893429 0.0254088 0.019076 0.0185444 0.0049577 0.0054641 0.0115741
-1 0.00937707 0.00230853 0.0136919 0.00738931 0.951121 0.00343231 0.00261848 0.0055978 0.00446385
-1 0.00731194 0.00661034 0.00285384 0.0243972 0.941996 0.00462618 0.00160928 0.00684787 0.00374761
-2 0.016914 0.00797345 0.920201 0.0126998 0.0120218 0.0130062 0.00402563 0.00585981 0.00729831
10 0.977246 0.00338408 0.00179282 0.00505888 0.00369469 0.00252078 0.00148814 0.00170621 0.00310855
1 0.0143602 0.943476 0.00485926 0.0107729 0.0055327 0.00565621 0.00297899 0.00369787 0.00866615
-3 0.0121635 0.00704606 0.00880778 0.0217616 0.012332 0.911407 0.00841545 0.00848272 0.00958416
-2 0.00837035 0.00519699 0.936582 0.0129927 0.0157683 0.00892964 0.00400708 0.00423097 0.00392152
-1 0.00695332 0.0043198 0.00424065 0.0448041 0.916687 0.00440256 0.00399154 0.00870814 0.00589299
-1 0.0224477 0.0104617 0.010575 0.030145 0.901192 0.00594983 0.00345012 0.0109051 0.00487339
-1 0.0175831 0.00535472 0.00779499 0.0169287 0.930344 0.00384392 0.00219514 0.0106274 0.00532757
-2 0.0146589 0.00436555 0.934693 0.00960019 0.0106034 0.00834981 0.00479235 0.005302 0.00763489
0 0.0357915 0.0244699 0.00970123 0.840493 0.0326213 0.0256231 0.00837384 0.0104212 0.0125046
10 0.979118 0.00429315 0.00205258 0.00227783 0.00396148 0.0018728 0.00143787 0.00177798 0.00320787
1 0.0121519 0.93535 0.00446116 0.0150294 0.0138135 0.00574839 0.0030328 0.00384585 0.00656744
-3 0.0126435 0.0086773 0.0108659 0.0266222 0.0175172 0.892542 0.012145 0.00991576 0.00907067
-2 0.0143488 0.00750965 0.902811 0.0175292 0.0280827 0.0121996 0.00469806 0.00626899 0.00655217
-1 0.00674924 0.00312047 0.00519354 0.0448558 0.91874 0.00499011 0.00328312 0.00727577 0.00579199
-1 0.0106913 0.00825324 0.0105888 0.022139 0.91435 0.00392827 0.0137186 0.00927237 0.00705816
4 0.0220355 0.0136393 0.0181331 0.0297676 0.401854 0.0144714 0.0111055 0.472824 0.0161694
10 0.963821 0.00361539 0.00939776 0.00719214 0.00306708 0.0031718 0.00214955 0.0025495 0.00503613
1 0.00706001 0.940079 0.00415231 0.00999783 0.0188263 0.00602249 0.00331457 0.00399983 0.0065474
10 0.964537 0.00671903 0.00354962 0.00592187 0.00640497 0.00363469 0.00205564 0.00273688 0.00444066
10 0.965834 0.00413403 0.00915935 0.00549039 0.0021906 0.00374211 0.00186544 0.0026656 0.00491824
10 0.962731 0.00512342 0.00301624 0.0131417 0.00297667 0.00439546 0.00175465 0.00240113 0.0044596
10 0.961289 0.00998617 0.00381602 0.00889413 0.00305301 0.00421041 0.00214198 0.00207494 0.00453465
1 0.0102574 0.940413 0.00568315 0.0132568 0.0106726 0.00536852 0.00442136 0.00410058 0.00582632
10 0.964362 0.0033651 0.00914878 0.00663477 0.00358517 0.00301202 0.00221351 0.00259006 0.00508833
0 0.0343873 0.0221275 0.00930767 0.848541 0.0375388 0.0184833 0.00713181 0.00975111 0.0127315
10 0.969527 0.00521616 0.00371651 0.00471126 0.00607688 0.00267114 0.00212531 0.00219811 0.00375721
1 0.00810557 0.945624 0.00389092 0.0101969 0.0166956 0.00395506 0.00256112 0.00450714 0.0044636
10 0.965834 0.00413403 0.00915935 0.00549039 0.0021906 0.00374211 0.00186544 0.0026656 0.00491824
10 0.962731 0.00512342 0.00301624 0.0131417 0.00297667 0.00439546 0.00175465 0.00240113 0.0044596
10 0.956885 0.0105891 0.004078 0.0120907 0.00246306 0.00433796 0.00217081 0.0023212 0.00506461
1 0.00913944 0.940874 0.00593122 0.0124823 0.0122716 0.00447622 0.00504573 0.00393818 0.00584139
1 0.008215 0.937597 0.00598914 0.0087609 0.0181208 0.00521267 0.00448601 0.00517415 0.00644475
10 0.971903 0.00302042 0.00884449 0.00499918 0.00265625 0.00239848 0.00149982 0.00180766 0.00287047
1 0.00629915 0.944378 0.00427959 0.0157719 0.0109527 0.00360725 0.00323748 0.0039729 0.00750113
1 0.0159084 0.930033 0.005466 0.012052 0.0138639 0.00624202 0.00356482 0.00468184 0.00818753
10 0.961709 0.00748482 0.00404966 0.00831266 0.00530743 0.00453104 0.00216349 0.00277268 0.00366897
10 0.96537 0.00510625 0.00443165 0.00882752 0.00336417 0.00392128 0.00219339 0.00303642 0.00374898
10 0.964362 0.0033651 0.00914878 0.00663477 0.00358517 0.00301202 0.00221351 0.00259006 0.00508833
0 0.0343873 0.0221275 0.00930767 0.848541 0.0375388 0.0184833 0.00713181 0.00975111 0.0127315
10 0.966066 0.00549253 0.00393564 0.00803454 0.0050922 0.00270419 0.00213026 0.0023942 0.00415051
1 0.00730228 0.945175 0.00473905 0.00953144 0.0179998 0.00349001 0.00284184 0.00429462 0.004626
1 0.008215 0.937597 0.00598914 0.0087609 0.0181208 0.00521267 0.00448601 0.00517415 0.00644475
10 0.969095 0.00277993 0.00887717 0.00655281 0.00305941 0.0026343 0.00175456 0.00201339 0.00323326
0 0.0268485 0.021447 0.00904397 0.851196 0.0510345 0.0121286 0.00705275 0.00865194 0.0125967
1 0.0128781 0.92993 0.00596051 0.0119959 0.0185612 0.00433262 0.00379726 0.00439253 0.00815219
1 0.00804436 0.945413 0.0040484 0.00775333 0.0176925 0.0047349 0.00303915 0.00478352 0.00449031
10 0.9652 0.00625839 0.00402265 0.00566394 0.00625052 0.00357158 0.00207568 0.00307895 0.00387838
10 0.971837 0.00307226 0.00882409 0.00511976 0.00169813 0.00309232 0.0014768 0.00186372 0.00301587
10 0.964302 0.00496464 0.00296269 0.0130428 0.00372887 0.00281418 0.00176782 0.00218792 0.00422866
1 0.0152567 0.942276 0.00527846 0.0127193 0.005201 0.00543058 0.0027745 0.00348204 0.00758094
1 0.00555984 0.949509 0.00436891 0.00897862 0.015352 0.00387332 0.00422296 0.00314692 0.00498891
1 0.00871142 0.946431 0.00488119 0.00659885 0.0175348 0.00411305 0.00257529 0.00401824 0.00513613
10 0.965834 0.00413403 0.00915935 0.00549039 0.0021906 0.00374211 0.00186544 0.0026656 0.00491824
10 0.964689 0.005628 0.0029416 0.0129102 0.00173517 0.0044439 0.0016238 0.00197546 0.00405278
10 0.96636 0.00902801 0.00330843 0.00823617 0.0011595 0.00395364 0.00159219 0.00193108 0.00443129
1 0.0111428 0.942458 0.00553591 0.0158068 0.00664591 0.00506738 0.00416057 0.00320894 0.00597364
1 0.00555984 0.949509 0.00436891 0.00897862 0.015352 0.00387332 0.00422296 0.00314692 0.00498891
1 0.00871142 0.946431 0.00488119 0.00659885 0.0175348 0.00411305 0.00257529 0.00401824 0.00513613
10 0.964362 0.0033651 0.00914878 0.00663477 0.00358517 0.00301202 0.00221351 0.00259006 0.00508833
0 0.0353391 0.0312382 0.00995912 0.836154 0.0310143 0.0222261 0.00875578 0.0110109 0.0143026
10 0.969021 0.0064102 0.00360781 0.00568563 0.00336686 0.00391459 0.00159352 0.00238204 0.00401846
10 0.96607 0.00529821 0.0035031 0.0130539 0.00169007 0.0033519 0.00211342 0.00212524 0.00279451
1 0.012255 0.933619 0.0064451 0.0166263 0.0101342 0.0051948 0.00460652 0.00438501 0.00673447
1 0.00807152 0.93688 0.00630433 0.00919052 0.0183057 0.00482111 0.0051158 0.00475597 0.00655502
1 0.00803041 0.940635 0.00566835 0.00728589 0.0175458 0.00531634 0.00312535 0.00536314 0.00702995
10 0.971837 0.00307226 0.00882409 0.00511976 0.00169813 0.00309232 0.0014768 0.00186372 0.00301587
10 0.970077 0.00476267 0.00233376 0.00660198 0.00519049 0.00290853 0.00172445 0.00197383 0.00442744
1 0.0155401 0.941857 0.00535312 0.0101893 0.00474607 0.00603593 0.00322785 0.00395206 0.0090984
-3 0.0121635 0.00704606 0.00880778 0.0217616 0.012332 0.911407 0.00841545 0.00848272 0.00958416
-2 0.00837035 0.00519699 0.936582 0.0129927 0.0157683 0.00892964 0.00400708 0.00423097 0.00392152
-1 0.00695332 0.0043198 0.00424065 0.0448041 0.916687 0.00440256 0.00399154 0.00870814 0.00589299
-1 0.0224477 0.0104617 0.010575 0.030145 0.901192 0.00594983 0.00345012 0.0109051 0.00487339
-1 0.0175831 0.00535472 0.00779499 0.0169287 0.930344 0.00384392 0.00219514 0.0106274 0.00532757
10 0.967875 0.00359712 0.00902711 0.00527314 0.00326946 0.00264883 0.00182719 0.0021888 0.00429331
1 0.0110067 0.939721 0.00402599 0.0113513 0.0136047 0.00640621 0.00289434 0.00391155 0.00707841
10 0.954484 0.00822402 0.00383517 0.0100257 0.00816449 0.00482105 0.00199834 0.00241963 0.00602746
-3 0.0187946 0.0102349 0.0125441 0.0290947 0.0164249 0.876478 0.0106104 0.010409 0.0154094
-2 0.0146207 0.00826834 0.894741 0.0198233 0.0276839 0.0126633 0.00725912 0.00658473 0.00835522
-1 0.00675387 0.0037774 0.00425456 0.0124385 0.954589 0.00381334 0.00308469 0.00661226 0.00467586
-1 0.00911525 0.0098825 0.00864007 0.0232682 0.924117 0.00503372 0.00211407 0.010257 0.00757263
10 0.964362 0.0033651 0.00914878 0.00663477 0.00358517 0.00301202 0.00221351 0.00259006 0.00508833
0 0.0334145 0.0232006 0.00907312 0.861029 0.0251295 0.0182446 0.00780214 0.00934632 0.0127605
10 0.974632 0.00665402 0.00246581 0.00286902 0.00347384 0.0022782 0.00152792 0.0019036 0.0041955
1 0.0121519 0.93535 0.00446116 0.0150294 0.0138135 0.00574839 0.0030328 0.00384585 0.00656744
-3 0.0126435 0.0086773 0.0108659 0.0266222 0.0175172 0.892542 0.012145 0.00991576 0.00907067
-2 0.0143488 0.00750965 0.902811 0.0175292 0.0280827 0.0121996 0.00469806 0.00626899 0.00655217
-1 0.00674924 0.00312047 0.00519354 0.0448558 0.91874 0.00499011 0.00328312 0.00727577 0.00579199
-1 0.0106913 0.00825324 0.0105888 0.022139 0.91435 0.00392827 0.0137186 0.00927237 0.00705816
4 0.0220355 0.0136393 0.0181331 0.0297676 0.401854 0.0144714 0.0111055 0.472824 0.0161694
10 0.969095 0.00277993 0.00887717 0.00655281 0.00305941 0.0026343 0.00175456 0.00201339 0.00323326
0 0.0258199 0.0287354 0.0097118 0.845391 0.0443924 0.0133774 0.00873098 0.00986184 0.0139796
1 0.0157706 0.942693 0.00525717 0.00642647 0.00859914 0.0060477 0.00318483 0.00414875 0.00787268
10 0.958621 0.00514041 0.00328344 0.0120434 0.00709831 0.0044248 0.00183124 0.00223862 0.00531874
-3 0.0143112 0.00890965 0.0114014 0.0262039 0.0143161 0.893302 0.010077 0.0093379 0.0121405
-2 0.0159579 0.00801172 0.896942 0.0192778 0.0272425 0.0113927 0.00760085 0.00653577 0.00703846
-1 0.00815713 0.00367596 0.00563537 0.0254632 0.936449 0.00477508 0.00315135 0.00717893 0.0055142
-1 0.0103623 0.00770843 0.00985602 0.0183653 0.920343 0.0122599 0.00519009 0.00914856 0.00676611
-1 0.0110274 0.00807719 0.0119668 0.0210223 0.90832 0.00525267 0.00272308 0.0247677 0.00684252
10 0.970319 0.002763 0.00432719 0.00620655 0.00488632 0.00216982 0.00221098 0.00264381 0.00447306
-3 0.0273563 0.0144936 0.0103911 0.0290566 0.0153754 0.868946 0.00988572 0.0113311 0.0131645
10 0.967904 0.00319142 0.00605603 0.00541572 0.00465917 0.00407243 0.00196662 0.00212558 0.00460896
0 0.0221423 0.0126026 0.0107246 0.858821 0.0474988 0.0180536 0.00900353 0.00850263 0.0126511
3 0.0438596 0.0332689 0.0435738 0.0650625 0.0556497 0.023204 0.688002 0.0242951 0.0230842
4 0.0230437 0.0120011 0.0188718 0.0311694 0.401317 0.014255 0.0117613 0.472253 0.0153272
10 0.960209 0.00480408 0.00591992 0.0078163 0.00735734 0.00503338 0.00206438 0.0027185 0.00407708
10 0.959736 0.00468236 0.00421269 0.0133702 0.0044741 0.00333538 0.0022969 0.00269916 0.00519345
-3 0.0296347 0.017529 0.0104828 0.029772 0.0173351 0.860865 0.00954291 0.0112679 0.0135709
10 0.955204 0.00398319 0.00808143 0.0108487 0.00743664 0.00415585 0.00323492 0.00252202 0.00453293
0 0.02281 0.0143536 0.0126193 0.84283 0.0548823 0.0173677 0.00970659 0.0118617 0.0135692
3 0.0464719 0.0353465 0.045944 0.0554868 0.0534923 0.0230298 0.689129 0.0271502 0.0239495
4 0.0220355 0.0136393 0.0181331 0.0297676 0.401854 0.0144714 0.0111055 0.472824 0.0161694
10 0.988595 0.00144115 0.000905657 0.00124089 0.00103452 0.00179523 0.00112663 0.00153846 0.00232213
10 0.961839 0.00597111 0.00401688 0.0131987 0.00186299 0.00368685 0.00217772 0.00226955 0.00497709
-3 0.0249724 0.0145453 0.0125523 0.0314958 0.0146225 0.866404 0.0114902 0.011046 0.0128719
10 0.955204 0.00398319 0.00808143 0.0108487 0.00743664 0.00415585 0.00323492 0.00252202 0.00453293
0 0.02281 0.0143536 0.0126193 0.84283 0.0548823 0.0173677 0.00970659 0.0118617 0.0135692
3 0.0464719 0.0353465 0.045944 0.0554868 0.0534923 0.0230298 0.689129 0.0271502 0.0239495
4 0.0220355 0.0136393 0.0181331 0.0297676 0.401854 0.0144714 0.0111055 0.472824 0.0161694
-2 0.017275 0.00889573 0.914964 0.0130902 0.0126946 0.0130114 0.00503228 0.00660073 0.00843637
10 0.972447 0.00492445 0.00142531 0.00554387 0.00345124 0.00538022 0.00143341 0.00177271 0.00362206
10 0.956593 0.00976799 0.00443323 0.0122884 0.00206827 0.00446945 0.00227901 0.00245565 0.005645
-3 0.0249724 0.0145453 0.0125523 0.0314958 0.0146225 0.866404 0.0114902 0.011046 0.0128719
10 0.955204 0.00398319 0.00808143 0.0108487 0.00743664 0.00415585 0.00323492 0.00252202 0.00453293
0 0.02281 0.0143536 0.0126193 0.84283 0.0548823 0.0173677 0.00970659 0.0118617 0.0135692
3 0.0464719 0.0353465 0.045944 0.0554868 0.0534923 0.0230298 0.689129 0.0271502 0.0239495
4 0.0220355 0.0136393 0.0181331 0.0297676 0.401854 0.0144714 0.0111055 0.472824 0.0161694
-2 0.0183337 0.00747328 0.916032 0.0126177 0.0142829 0.0110492 0.00521858 0.00619537 0.00879769
-3 0.0172986 0.0121246 0.00890021 0.0197381 0.0318809 0.876367 0.00988574 0.0108307 0.0129743
10 0.970575 0.00404088 0.00445985 0.00341458 0.00592916 0.00333629 0.00122358 0.00207346 0.0049475
0 0.0330925 0.0142759 0.0109686 0.840786 0.0495863 0.019809 0.00766429 0.00934528 0.0144722
3 0.0500989 0.031316 0.0433356 0.10134 0.0372622 0.023078 0.664956 0.0222159 0.0263969
4 0.0704571 0.0298393 0.0351892 0.112946 0.249759 0.0249543 0.0182145 0.434803 0.0238376
10 0.959422 0.00543056 0.00572141 0.00720651 0.0065362 0.00446595 0.00260094 0.0037906 0.00482598
10 0.95642 0.00666041 0.00483374 0.00913157 0.00733288 0.00435636 0.00231786 0.00392152 0.00502571
-4 0.0216128 0.0167767 0.0103151 0.0236277 0.0160692 0.0117552 0.00894708 0.0102952 0.880601
-4 0.0231498 0.0122738 0.0133311 0.037341 0.00981817 0.0142876 0.0091336 0.0105049 0.87016
-2 0.0185156 0.0105149 0.907201 0.0103058 0.0157032 0.013958 0.00503882 0.00599087 0.0127717
10 0.961222 0.0052616 0.00378269 0.00773339 0.00665823 0.00462547 0.00209388 0.00270872 0.00591376
-4 0.00862495 0.00801539 0.0159828 0.00916653 0.0139544 0.0198244 0.00890074 0.00997628 0.905555
-2 0.00670447 0.00520938 0.913625 0.00502377 0.0271454 0.0179627 0.0042701 0.00509207 0.0149675
10 0.965278 0.00290181 0.00521874 0.00306305 0.00566699 0.0053647 0.00190303 0.0022148 0.00838864
10 0.982419 0.00105322 0.00189848 0.00249782 0.00511131 0.00183454 0.00145813 0.00175461 0.00197263
-1 0.00239115 0.00120548 0.0132439 0.00376347 0.943079 0.0122126 0.00192531 0.00460218 0.0175765
10 0.982419 0.00105322 0.00189848 0.00249782 0.00511131 0.00183454 0.00145813 0.00175461 0.00197263
-1 0.0035264 0.00186562 0.0136351 0.00541746 0.941709 0.00915997 0.00215847 0.00496671 0.0175615
-1 0.0036019 0.00207059 0.0120445 0.00533987 0.940112 0.0119626 0.00217782 0.00497789 0.0177128
10 0.982419 0.00105322 0.00189848 0.00249782 0.00511131 0.00183454 0.00145813 0.00175461 0.00197263
-1 0.00191723 0.00119655 0.0142805 0.00389923 0.950979 0.00750961 0.00188928 0.00460889 0.0137196
-1 0.00186279 0.00122765 0.00734698 0.00407119 0.960255 0.00565533 0.00189166 0.00464641 0.0130432
-1 0.00432941 0.00133814 0.00871693 0.00431764 0.953418 0.00863388 0.00195289 0.00470322 0.0125898
10 0.982419 0.00105322 0.00189848 0.00249782 0.00511131 0.00183454 0.00145813 0.00175461 0.00197263
-1 0.0210334 0.00618345 0.00776657 0.0407339 0.904047 0.00520887 0.00300132 0.00659667 0.00542869
-1 0.00895764 0.0118004 0.0054722 0.0230473 0.931626 0.00450952 0.00287742 0.00635627 0.00535366
-1 0.0130614 0.00686673 0.00587249 0.045397 0.909237 0.00530308 0.00331785 0.00610202 0.00484272
-1 0.0200275 0.00734651 0.0105579 0.0402662 0.899406 0.00555763 0.00331274 0.00813946 0.00538644
10 0.982419 0.00105322 0.00189848 0.00249782 0.00511131 0.00183454 0.00145813 0.00175461 0.00197263
-2 0.00582595 0.00354347 0.91939 0.00358858 0.0263872 0.019852 0.00375358 0.00437262 0.0132866
-1 0.0119703 0.00193469 0.00609921 0.00570966 0.948824 0.00633104 0.00213484 0.00500156 0.0119945
-1 0.00313734 0.00198211 0.00905756 0.00577435 0.954269 0.00575433 0.00213677 0.00504655 0.012842
-1 0.00432941 0.00133814 0.00871693 0.00431764 0.953418 0.00863388 0.00195289 0.00470322 0.0125898
10 0.982419 0.00105322 0.00189848 0.00249782 0.00511131 0.00183454 0.00145813 0.00175461 0.00197263
-2 0.0143022 0.00404815 0.93956 0.00938498 0.0094159 0.00838352 0.00365353 0.00479309 0.00645894
-1 0.00956913 0.00578965 0.00364693 0.0452087 0.917507 0.00537547 0.00215846 0.00574049 0.00500466
-1 0.0099559 0.0118503 0.00579685 0.0224639 0.930649 0.00455058 0.00296693 0.00623057 0.00553646
-1 0.00973897 0.00760379 0.00636148 0.0348055 0.923018 0.0039559 0.00346031 0.00752408 0.00353173
-1 0.0170074 0.0079529 0.0105541 0.0272681 0.915081 0.00444328 0.00337637 0.00968077 0.00463592
10 0.982419 0.00105322 0.00189848 0.00249782 0.00511131 0.00183454 0.00145813 0.00175461 0.00197263
-3 0.0103792 0.00601477 0.0198511 0.00580309 0.0324597 0.870572 0.00943113 0.00966449 0.0358247
-2 0.00848304 0.00541314 0.909349 0.00503335 0.0270846 0.0184182 0.00433562 0.0051503 0.0167332
-1 0.0144502 0.00392095 0.00957512 0.00925812 0.929041 0.00770196 0.00268927 0.00569869 0.0176647
-1 0.00759694 0.00305251 0.0099312 0.00733213 0.940145 0.00924762 0.002409 0.00535489 0.0149303
10 0.982419 0.00105322 0.00189848 0.00249782 0.00511131 0.00183454 0.00145813 0.00175461 0.00197263
-3 0.0103792 0.00601477 0.0198511 0.00580309 0.0324597 0.870572 0.00943113 0.00966449 0.0358247
-2 0.00779988 0.00482638 0.911558 0.00457063 0.0268259 0.0187004 0.00418813 0.00495921 0.0165716
-1 0.00712221 0.00255272 0.00768497 0.00700999 0.948152 0.00550869 0.00232963 0.00527721 0.0143629
-1 0.00432702 0.00190074 0.00730663 0.00575823 0.957172 0.0050711 0.00211161 0.0050088 0.0113442
-1 0.00624324 0.00173008 0.009609 0.00515771 0.948057 0.00888869 0.00210272 0.00492911 0.0132823
10 0.982419 0.00105322 0.00189848 0.00249782 0.00511131 0.00183454 0.00145813 0.00175461 0.00197263
-3 0.0131109 0.00813105 0.0110729 0.0298526 0.0289133 0.872001 0.0102605 0.0110025 0.0156555
-2 0.0201575 0.00706361 0.906782 0.0183569 0.0190568 0.0111953 0.00386061 0.00575698 0.00777064
-1 0.00805936 0.00230942 0.00193507 0.0173058 0.955501 0.00397735 0.00168972 0.00503008 0.00419219
-1 0.0060902 0.00579614 0.00537474 0.0229732 0.943211 0.00310649 0.00272848 0.00605038 0.00466897
-1 0.00973897 0.00760379 0.00636148 0.0348055 0.923018 0.0039559 0.00346031 0.00752408 0.00353173
-1 0.0170074 0.0079529 0.0105541 0.0272681 0.915081 0.00444328 0.00337637 0.00968077 0.00463592
10 0.982419 0.00105322 0.00189848 0.00249782 0.00511131 0.00183454 0.00145813 0.00175461 0.00197263
1 0.00915333 0.93717 0.00535494 0.00733426 0.018715 0.00483673 0.00322771 0.00402752 0.0101806
10 0.982419 0.00105322 0.00189848 0.00249782 0.00511131 0.00183454 0.00145813 0.00175461 0.00197263
1 0.0156603 0.938145 0.00537063 0.0096196 0.0117147 0.00397154 0.00265717 0.00385851 0.00900259
1 0.00620087 0.965938 0.00309401 0.00543703 0.00435496 0.00389237 0.00231063 0.00256762 0.00620451
1 0.00894948 0.95896 0.00396477 0.00568031 0.00475307 0.00545112 0.00230366 0.00268473 0.00725297
10 0.982419 0.00105322 0.00189848 0.00249782 0.00511131 0.00183454 0.00145813 0.00175461 0.00197263
10 0.953679 0.0061409 0.00753716 0.0121949 0.00567804 0.00379201 0.00206927 0.00251146 0.00639714
1 0.00832607 0.947603 0.00482699 0.00772025 0.0114975 0.0047915 0.0034163 0.00379781 0.00802048
1 0.00934407 0.954391 0.00398291 0.00600545 0.00628097 0.00534829 0.00252574 0.00370215 0.00841911
10 0.982419 0.00105322 0.00189848 0.00249782 0.00511131 0.00183454 0.00145813 0.00175461 0.00197263
10 0.954445 0.00714084 0.00764559 0.0110372 0.00540068 0.00351916 0.00203121 0.00241052 0.00636974
1 0.0141355 0.940702 0.00477697 0.0139765 0.00622458 0.00470517 0.00274487 0.00375228 0.0089822
1 0.00801262 0.961456 0.00356431 0.00575748 0.00437528 0.00460386 0.00238233 0.00265928 0.00718903
1 0.00894948 0.95896 0.00396477 0.00568031 0.00475307 0.00545112 0.00230366 0.00268473 0.00725297
10 0.982419 0.00105322 0.00189848 0.00249782 0.00511131 0.00183454 0.00145813 0.00175461 0.00197263
10 0.952515 0.00595892 0.00824838 0.0121587 0.0045302 0.00519886 0.00206166 0.00275551 0.00657323
10 0.967156 0.00558182 0.00274416 0.00495927 0.0063821 0.00372542 0.0021497 0.00202792 0.00527343
1 0.0141825 0.94386 0.00501341 0.00927423 0.0054958 0.00591112 0.00286195 0.0044192 0.00898176
10 0.982419 0.00105322 0.00189848 0.00249782 0.00511131 0.00183454 0.00145813 0.00175461 0.00197263
10 0.955858 0.00642693 0.00792183 0.0107697 0.00349959 0.00477557 0.00194719 0.0023889 0.00641223
10 0.977121 0.00519895 0.00157449 0.00409981 0.00169121 0.00228087 0.00136174 0.00172394 0.00494794
1 0.0151631 0.944732 0.00511487 0.01135 0.0031963 0.00561481 0.00281738 0.00347816 0.00853358
1 0.00838608 0.951201 0.0050881 0.00820544 0.0064032 0.00538668 0.00418987 0.00346197 0.007678
1 0.0119283 0.948553 0.00560771 0.00609252 0.00650237 0.00577605 0.00280072 0.00428184 0.00845728
10 0.982419 0.00105322 0.00189848 0.00249782 0.00511131 0.00183454 0.00145813 0.00175461 0.00197263
10 0.980892 0.00329902 0.00139679 0.00172287 0.00238525 0.00177051 0.00132589 0.0015595 0.00564849
1 0.0156555 0.936275 0.00476458 0.0117089 0.00561357 0.00628033 0.00309305 0.00384251 0.012767
-3 0.0186395 0.0115137 0.0116486 0.027419 0.0184556 0.871342 0.0118299 0.00910574 0.0200461
-2 0.0118951 0.00873925 0.913613 0.00855694 0.026064 0.0119867 0.00477136 0.00567875 0.00869488
-1 0.0132197 0.0065095 0.00323344 0.0112875 0.944673 0.00492547 0.00215107 0.00686747 0.00713311
10 0.982419 0.00105322 0.00189848 0.00249782 0.00511131 0.00183454 0.00145813 0.00175461 0.00197263
10 0.983663 0.00324912 0.00137344 0.00227381 0.00116812 0.00145683 0.00119451 0.00143385 0.00418723
1 0.0148541 0.951049 0.00449299 0.00966509 0.00166632 0.00437203 0.00211892 0.00304726 0.00873383
1 0.0168697 0.931709 0.0054954 0.00949534 0.0148224 0.0059783 0.00332924 0.00310588 0.00919454
1 0.014333 0.922674 0.00551433 0.015027 0.0177287 0.00718946 0.00323796 0.00339089 0.0109049
-3 0.0195317 0.013278 0.0117729 0.0316663 0.0217841 0.862492 0.0102 0.010758 0.0185166
-2 0.0132859 0.00940576 0.907232 0.0082396 0.0287961 0.0121094 0.00523513 0.00660769 0.00908806
-1 0.00588586 0.0068645 0.00338015 0.0112845 0.951113 0.00465145 0.00159905 0.00785093 0.00737059
10 0.982419 0.00105322 0.00189848 0.00249782 0.00511131 0.00183454 0.00145813 0.00175461 0.00197263
-1 0.00761147 0.00381345 0.016698 0.00931099 0.93128 0.00810704 0.00270138 0.00571278 0.0147647
-1 0.0146822 0.00403247 0.00981893 0.00956005 0.927695 0.00788016 0.00273775 0.00575424 0.0178393
-1 0.0127608 0.00429479 0.0134062 0.00959298 0.921503 0.0115339 0.0027932 0.00581569 0.0182994
10 0.982419 0.00105322 0.00189848 0.00249782 0.00511131 0.00183454 0.00145813 0.00175461 0.00197263
-1 0.00300035 0.00198797 0.0132303 0.00587121 0.938492 0.00773799 0.00222723 0.00504879 0.0224043
-1 0.00343412 0.00212173 0.0148235 0.0059973 0.94265 0.00774085 0.00223233 0.00509649 0.0159038
-1 0.0189941 0.00225172 0.0112084 0.0062503 0.928111 0.0100031 0.00228324 0.00510385 0.0157943
10 0.982419 0.00105322 0.00189848 0.00249782 0.00511131 0.00183454 0.00145813 0.00175461 0.00197263
-1 0.00454399 0.00248378 0.0145769 0.00656637 0.934531 0.0114995 0.00236259 0.00523069 0.0182047
-1 0.00816495 0.0033457 0.0171099 0.00799781 0.92716 0.00969293 0.00257684 0.00552429 0.0184272
-1 0.0133781 0.00493896 0.0148857 0.0101977 0.920731 0.00805235 0.00286431 0.00594337 0.0190083
-1 0.0155398 0.00458174 0.0116493 0.00990882 0.917687 0.0155311 0.00287164 0.0059109 0.0163199
-1 0.0178927 0.00485894 0.0172038 0.0100896 0.912908 0.0109126 0.00287223 0.00593918 0.0173225
10 0.982419 0.00105322 0.00189848 0.00249782 0.00511131 0.00183454 0.00145813 0.00175461 0.00197263
-1 0.00476365 0.00275655 0.0163913 0.00728332 0.934897 0.00901852 0.0024252 0.00533569 0.0171285
-1 0.00484605 0.00282605 0.00838678 0.00746585 0.939963 0.0148613 0.00247516 0.00539715 0.0137787
-1 0.00979636 0.00337095 0.0162486 0.00783362 0.929308 0.0103457 0.00251848 0.00542834 0.0151503
10 0.982419 0.00105322 0.00189848 0.00249782 0.00511131 0.00183454 0.00145813 0.00175461 0.00197263
-1 0.00625529 0.00327343 0.0152497 0.00790254 0.928271 0.0122421 0.00256951 0.00551451 0.0187224
-1 0.0113127 0.00403363 0.0136547 0.00896258 0.920761 0.0165226 0.00276163 0.00574344 0.0162475
-1 0.0149265 0.00499977 0.0174397 0.0101791 0.913539 0.0117819 0.0029037 0.00596881 0.0182619
-1 0.0149406 0.00521253 0.0178324 0.0103518 0.912675 0.01032 0.00292011 0.00599672 0.0197508
-1 0.0152383 0.00569447 0.0172922 0.0107524 0.914098 0.00879197 0.00295252 0.00607139 0.0191086
-1 0.0184074 0.00609616 0.0154687 0.0110159 0.913645 0.00841103 0.00296728 0.00611873 0.01787
-1 0.0157459 0.0049112 0.012492 0.00967945 0.924657 0.00827746 0.00277879 0.00588036 0.0155779
-1 0.0198059 0.00564014 0.0153821 0.0106668 0.910282 0.0108634 0.00295887 0.00607786 0.0183233
10 0.982419 0.00105322 0.00189848 0.00249782 0.00511131 0.00183454 0.00145813 0.00175461 0.00197263
-1 0.00496598 0.00234498 0.0152494 0.00621431 0.934195 0.0117939 0.0023204 0.0051748 0.0177414
-1 0.00782336 0.00360546 0.0159023 0.0083365 0.930745 0.00805134 0.00258918 0.00558634 0.0173607
-1 0.0124683 0.00486497 0.0142855 0.0101011 0.91678 0.0145431 0.00291536 0.00596653 0.0180754
-1 0.0126081 0.00400927 0.0135471 0.0091021 0.930279 0.00748418 0.00266871 0.00570226 0.0145995
-1 0.0188018 0.00495756 0.0154552 0.0101728 0.911664 0.0114215 0.00289401 0.00595984 0.0186737
10 0.982419 0.00105322 0.00189848 0.00249782 0.00511131 0.00183454 0.00145813 0.00175461 0.00197263
-2 0.00767264 0.00527963 0.888137 0.00509987 0.0282892 0.0251353 0.00435447 0.00516659 0.0308651
-1 0.0123605 0.00385618 0.0162525 0.00944489 0.932381 0.00571796 0.00267987 0.0057052 0.0116017
-1 0.0198024 0.00356752 0.00523721 0.00898065 0.935229 0.00711068 0.00257585 0.00561269 0.0118844
10 0.982419 0.00105322 0.00189848 0.00249782 0.00511131 0.00183454 0.00145813 0.00175461 0.00197263
-2 0.00860169 0.00524613 0.907748 0.0049369 0.0271146 0.0202519 0.00431936 0.00512191 0.0166591
-1 0.0197979 0.00388047 0.00752732 0.00918546 0.925279 0.00974966 0.00268147 0.00567597 0.0162229
-1 0.012447 0.00479536 0.0180912 0.0100123 0.916318 0.0102611 0.00286688 0.00592025 0.0192883
-1 0.0133781 0.00493896 0.0148857 0.0101977 0.920731 0.00805235 0.00286431 0.00594337 0.0190083
-1 0.0155398 0.00458174 0.0116493 0.00990882 0.917687 0.0155311 0.00287164 0.0059109 0.0163199
-1 0.0178927 0.00485894 0.0172038 0.0100896 0.912908 0.0109126 0.00287223 0.00593918 0.0173225
10 0.982419 0.00105322 0.00189848 0.00249782 0.00511131 0.00183454 0.00145813 0.00175461 0.00197263
-2 0.00582595 0.00354347 0.91939 0.00358858 0.0263872 0.019852 0.00375358 0.00437262 0.0132866
-1 0.0178688 0.0032463 0.0086496 0.0081063 0.929102 0.00820778 0.00253216 0.00548814 0.0167991
-1 0.00581333 0.00333888 0.012753 0.00821461 0.936367 0.00791436 0.00254329 0.00555022 0.0175052
-1 0.00753452 0.00228418 0.0121066 0.00632881 0.93623 0.0109713 0.00231434 0.00516571 0.0170649
10 0.982419 0.00105322 0.00189848 0.00249782 0.00511131 0.00183454 0.00145813 0.00175461 0.00197263
-2 0.0196402 0.00584833 0.917323 0.0102087 0.0177736 0.0120312 0.00376063 0.00574148 0.00767321
-1 0.0100953 0.00651138 0.00488193 0.0452232 0.91248 0.00634673 0.00329259 0.00579678 0.00537163
-1 0.0220779 0.0103032 0.00772721 0.0294671 0.907308 0.00596659 0.00254525 0.0079475 0.0066576
10 0.982419 0.00105322 0.00189848 0.00249782 0.00511131 0.00183454 0.00145813 0.00175461 0.00197263
-2 0.00918624 0.00556953 0.907265 0.00514789 0.0271126 0.0195737 0.00436682 0.00518492 0.0165928
-1 0.0201215 0.00434537 0.00782554 0.00980253 0.923201 0.00978063 0.0027747 0.00581581 0.0163328
-1 0.0151971 0.00518736 0.0149471 0.0103184 0.912217 0.01574 0.0029519 0.00601506 0.017426
-1 0.0139168 0.00503437 0.0183234 0.0102184 0.916665 0.00977194 0.00288087 0.00595877 0.0172307
-1 0.0147487 0.0053043 0.0157574 0.0104886 0.917186 0.00849312 0.00290887 0.00600809 0.0191053
-1 0.0184294 0.00588884 0.0161455 0.010912 0.912979 0.00837709 0.00295987 0.00609628 0.0182119
-1 0.019748 0.00651952 0.0158582 0.0113555 0.910415 0.00888796 0.00302305 0.0061959 0.0179973
-1 0.0196758 0.00607242 0.0146567 0.0110415 0.912257 0.00943695 0.00298812 0.0061394 0.0177321
-1 0.0198059 0.00564014 0.0153821 0.0106668 0.910282 0.0108634 0.00295887 0.00607786 0.0183233
10 0.982419 0.00105322 0.00189848 0.00249782 0.00511131 0.00183454 0.00145813 0.00175461 0.00197263
-2 0.00861489 0.00524093 0.9078 0.00493663 0.0271068 0.0202288 0.00431838 0.00512248 0.016631
-1 0.0188839 0.00419716 0.00961142 0.0096934 0.923189 0.00862652 0.00275241 0.00577698 0.0172694
-1 0.0094533 0.00443089 0.0158317 0.00985087 0.924393 0.00871672 0.00283251 0.00585544 0.0186357
-1 0.0117222 0.00361698 0.0124035 0.00878165 0.925364 0.0116103 0.00266971 0.00574368 0.0180882
10 0.982419 0.00105322 0.00189848 0.00249782 0.00511131 0.00183454 0.00145813 0.00175461 0.00197263
-2 0.00758642 0.00456085 0.912856 0.00438169 0.0267782 0.0198393 0.00408241 0.00480933 0.0151061
-1 0.0187092 0.00407639 0.0091407 0.00939938 0.924737 0.00850106 0.00271357 0.00573183 0.0169905
-1 0.00810266 0.0041448 0.012178 0.00945021 0.925523 0.0159238 0.00280352 0.00581708 0.0160568
-1 0.0100484 0.00322596 0.0165587 0.00809359 0.927142 0.010783 0.00256102 0.00549523 0.0160926
10 0.982419 0.00105322 0.00189848 0.00249782 0.00511131 0.00183454 0.00145813 0.00175461 0.00197263
10 0.982419 0.00105322 0.00189848 0.00249782 0.00511131 0.00183454 0.00145813 0.00175461 0.00197263
-4 0.00862495 0.00801539 0.0159828 0.00916653 0.0139544 0.0198244 0.00890074 0.00997628 0.905555
-2 0.00670447 0.00520938 0.913625 0.00502377 0.0271454 0.0179627 0.0042701 0.00509207 0.0149675
10 0.965278 0.00290181 0.00521874 0.00306305 0.00566699 0.0053647 0.00190303 0.0022148 0.00838864
10 0.982419 0.00105322 0.00189848 0.00249782 0.00511131 0.00183454 0.00145813 0.00175461 0.00197263
10 0.982419 0.00105322 0.00189848 0.00249782 0.00511131 0.00183454 0.00145813 0.00175461 0.00197263
-4 0.0100724 0.008254 0.014884 0.00928355 0.0112742 0.0151084 0.00894658 0.0100395 0.912137
-4 0.00928434 0.00833466 0.0170863 0.00940449 0.0145662 0.018678 0.00893287 0.0100229 0.90369
-2 0.0120518 0.00605956 0.903336 0.00551257 0.028366 0.0173782 0.0044112 0.005254 0.0176306
10 0.965278 0.00290181 0.00521874 0.00306305 0.00566699 0.0053647 0.00190303 0.0022148 0.00838864
10 0.982419 0.00105322 0.00189848 0.00249782 0.00511131 0.00183454 0.00145813 0.00175461 0.00197263
10 0.982419 0.00105322 0.00189848 0.00249782 0.00511131 0.00183454 0.00145813 0.00175461 0.00197263
10 0.982419 0.00105322 0.00189848 0.00249782 0.00511131 0.00183454 0.00145813 0.00175461 0.00197263
-4 0.0100724 0.008254 0.014884 0.00928355 0.0112742 0.0151084 0.00894658 0.0100395 0.912137
-4 0.00928434 0.00833466 0.0170863 0.00940449 0.0145662 0.018678 0.00893287 0.0100229 0.90369
-2 0.0120518 0.00605956 0.903336 0.00551257 0.028366 0.0173782 0.0044112 0.005254 0.0176306
10 0.965278 0.00290181 0.00521874 0.00306305 0.00566699 0.0053647 0.00190303 0.0022148 0.00838864
-4 0.0122857 0.0089217 0.0107727 0.00762269 0.011091 0.0124766 0.00753735 0.00841571 0.920877
-2 0.0164148 0.00865035 0.887866 0.0061559 0.0280918 0.0157634 0.00450095 0.00535092 0.027206
10 0.960537 0.00418584 0.00566071 0.00333329 0.0056455 0.00510006 0.00195672 0.00223766 0.0113432
-4 0.0102136 0.0080745 0.00812405 0.00629518 0.00822763 0.00762353 0.00728504 0.00804982 0.936107
-4 0.0100425 0.00737813 0.0101829 0.00648478 0.00928358 0.00995561 0.00698345 0.00779415 0.931895
-2 0.0202169 0.00858384 0.893006 0.00622068 0.0206679 0.0153143 0.00453788 0.00537199 0.0260803
10 0.960537 0.00418584 0.00566071 0.00333329 0.0056455 0.00510006 0.00195672 0.00223766 0.0113432
-4 0.0105594 0.00832852 0.0150026 0.00921952 0.0115935 0.0147659 0.00891791 0.00998662 0.911626
