labels 10 1 -2 0 -1 -3 3 4 -4
10 0.944041 0.00413472 0.00423284 0.00411229 0.0320168 0.00375175 0.00233623 0.00191749 0.0034566
10 0.947912 0.00402965 0.00367042 0.00384062 0.0319233 0.00268442 0.0017159 0.00151822 0.00270569
1 0.00893296 0.959587 0.00168119 0.0154747 0.000256183 0.00776986 0.00136359 0.00421585 0.000718366
10 0.965117 0.0036654 0.00371757 0.00268065 0.0122806 0.0064857 0.00159217 0.00166527 0.00279612
10 0.968041 0.00519695 0.00250318 0.0120837 0.000202728 0.00723835 0.00185561 0.00218068 0.00069738
10 0.9827 0.00297592 0.00293114 0.00232426 0.00171828 0.00275266 0.00123025 0.00145602 0.00191106
10 0.962033 0.00529651 0.00242374 0.0186881 0.000339381 0.00592586 0.00271208 0.00199407 0.000587104
1 0.00818118 0.957497 0.00265677 0.0153512 0.000333228 0.00737065 0.00302456 0.00493164 0.000654094
-2 0.0252502 0.0111234 0.901182 0.0144913 0.0126606 0.0100881 0.00712623 0.00990631 0.00817198
10 0.95633 0.00367731 0.00288691 0.0213549 0.00545004 0.00643197 0.00110725 0.000916377 0.00184492
10 0.962632 0.00523937 0.00235532 0.0189518 0.000376694 0.00542868 0.00253255 0.00191359 0.000570063
1 0.00818118 0.957497 0.00265677 0.0153512 0.000333228 0.00737065 0.00302456 0.00493164 0.000654094
-2 0.0259422 0.0112485 0.898777 0.0150007 0.018924 0.00639158 0.00676918 0.00894115 0.00800527
1 0.0254331 0.746086 0.0102181 0.0482001 0.119815 0.0178338 0.00842862 0.00517066 0.018814
10 0.972511 0.00432822 0.00276511 0.0051002 0.00416236 0.0055871 0.00194697 0.00154512 0.00205362
10 0.95409 0.00548392 0.00289426 0.0240147 0.0002458 0.00711593 0.00242501 0.00310713 0.00062319
-2 0.0243197 0.00863415 0.911505 0.0173426 0.0139562 0.00678653 0.00492491 0.00793387 0.00459742
0 0.0601956 0.0260032 0.0134874 0.491397 0.354982 0.0165233 0.00925784 0.00619905 0.0219548
1 0.0232938 0.761184 0.00861365 0.0230399 0.153294 0.00891131 0.00792483 0.00506144 0.00867654
10 0.947481 0.00549638 0.00344767 0.00663771 0.0244067 0.00367877 0.00329197 0.00353959 0.00202058
10 0.983382 0.00298157 0.00283342 0.00245531 0.00251182 0.00124744 0.00138048 0.0013428 0.00186475
1 0.00811016 0.965449 0.00142517 0.0133035 0.000338788 0.00574184 0.00139512 0.00369458 0.000542083
1 0.0099673 0.897987 0.00896039 0.0182709 0.0350782 0.00626839 0.0115029 0.00519061 0.00677429
-2 0.0248287 0.0110164 0.899552 0.0225292 0.0178032 0.006715 0.00479861 0.00798695 0.0047695
1 0.0180395 0.752073 0.00929069 0.0487117 0.135409 0.00782813 0.0069699 0.00384535 0.0178326
1 0.0119598 0.928439 0.00359758 0.0143217 0.0224356 0.00683773 0.00367968 0.00326809 0.00546097
10 0.957744 0.00463498 0.00343949 0.00850424 0.0152371 0.00349926 0.00259523 0.00246505 0.00188033
10 0.965117 0.0036654 0.00371757 0.00268065 0.0122806 0.0064857 0.00159217 0.00166527 0.00279612
10 0.968041 0.00519695 0.00250318 0.0120837 0.000202728 0.00723835 0.00185561 0.00218068 0.00069738
10 0.981694 0.00362542 0.00309036 0.00247673 0.00199889 0.00294444 0.00118692 0.00123608 0.0017467
10 0.97914 0.00455933 0.00209644 0.00779642 0.000146331 0.00295115 0.00127744 0.00165072 0.000382492
1 0.00784463 0.964721 0.00194921 0.0131846 0.000356263 0.00614208 0.0025069 0.00277924 0.00051554
1 0.0099673 0.897987 0.00896039 0.0182709 0.0350782 0.00626839 0.0115029 0.00519061 0.00677429
-2 0.0248287 0.0110164 0.899552 0.0225292 0.0178032 0.006715 0.00479861 0.00798695 0.0047695
1 0.0180395 0.752073 0.00929069 0.0487117 0.135409 0.00782813 0.0069699 0.00384535 0.0178326
1 0.0113052 0.931529 0.00402958 0.017828 0.0148483 0.0044277 0.00467316 0.00438603 0.00697319
10 0.958309 0.00447891 0.00349374 0.0116212 0.00876866 0.00597044 0.00329669 0.00244264 0.0016187
10 0.951953 0.00558859 0.00307135 0.0241918 0.000287176 0.00713565 0.0024204 0.00472684 0.000625636
-2 0.0243197 0.00863415 0.911505 0.0173426 0.0139562 0.00678653 0.00492491 0.00793387 0.00459742
0 0.107349 0.0327211 0.0159765 0.514183 0.268708 0.0228534 0.00952173 0.00700893 0.0216781
1 0.0260701 0.754592 0.0113238 0.0462425 0.126454 0.00522305 0.0104498 0.00671975 0.0129251
1 0.00969662 0.899648 0.00573443 0.0168505 0.039972 0.00795418 0.00776027 0.0067241 0.00565981
10 0.93884 0.00484002 0.00429702 0.0106673 0.0284377 0.00369059 0.00311483 0.0040497 0.00206261
-2 0.0248287 0.0110164 0.899552 0.0225292 0.0178032 0.006715 0.00479861 0.00798695 0.0047695
1 0.0259709 0.767194 0.00967003 0.0476999 0.113931 0.00992439 0.00652593 0.00377761 0.0153061
1 0.0113174 0.932876 0.00382524 0.017889 0.0175989 0.00248732 0.00386615 0.00331003 0.00683026
1 0.0102177 0.90241 0.00651739 0.01994 0.035128 0.00801784 0.00735631 0.00518483 0.00522825
10 0.93884 0.00484002 0.00429702 0.0106673 0.0284377 0.00369059 0.00311483 0.0040497 0.00206261
10 0.981694 0.00362542 0.00309036 0.00247673 0.00199889 0.00294444 0.00118692 0.00123608 0.0017467
10 0.97914 0.00455933 0.00209644 0.00779642 0.000146331 0.00295115 0.00127744 0.00165072 0.000382492
1 0.0076679 0.964039 0.0022861 0.0140065 0.00034727 0.00547499 0.0024935 0.00315558 0.000528843
1 0.00857548 0.906201 0.00811764 0.0184 0.031628 0.00456957 0.0125867 0.00440733 0.00551386
1 0.00920563 0.85058 0.00844095 0.0258016 0.0781676 0.00614274 0.00697916 0.00816613 0.00651586
-2 0.0248287 0.0110164 0.899552 0.0225292 0.0178032 0.006715 0.00479861 0.00798695 0.0047695
1 0.0118659 0.903211 0.00663582 0.0224267 0.0280499 0.00682729 0.00496729 0.00228548 0.0137305
1 0.0144315 0.928939 0.00340935 0.0187378 0.0181838 0.00279312 0.00245818 0.00330513 0.00774243
1 0.0105914 0.931774 0.00596488 0.0174246 0.0117986 0.00541993 0.00633409 0.0041024 0.00659059
10 0.958309 0.00447891 0.00349374 0.0116212 0.00876866 0.00597044 0.00329669 0.00244264 0.0016187
10 0.951953 0.00558859 0.00307135 0.0241918 0.000287176 0.00713565 0.0024204 0.00472684 0.000625636
-2 0.0243197 0.00863415 0.911505 0.0173426 0.0139562 0.00678653 0.00492491 0.00793387 0.00459742
0 0.10767 0.057326 0.023028 0.494219 0.245418 0.0269081 0.0120817 0.00807154 0.025277
1 0.0413356 0.76927 0.0102808 0.0436757 0.10348 0.00717463 0.00638484 0.0060309 0.0123674
1 0.0107274 0.930084 0.00506517 0.0180038 0.0165577 0.00293289 0.00549777 0.00411214 0.00701944
1 0.0116659 0.908897 0.00767137 0.0196023 0.0240463 0.00556375 0.00900305 0.00683595 0.00671424
10 0.950159 0.00433984 0.00387831 0.0125281 0.0142461 0.00581069 0.00362298 0.00372464 0.00169027
10 0.951815 0.00558612 0.00306364 0.0243025 0.00035167 0.00714964 0.00241364 0.00469146 0.000626393
10 0.938711 0.00444976 0.00431777 0.00639194 0.0319155 0.00390296 0.00237945 0.00199594 0.00593538
0 0.0513086 0.03075 0.00805995 0.835755 0.00179223 0.0449642 0.00804162 0.0110745 0.00825349
-2 0.0186509 0.0101864 0.86586 0.0295792 0.0360142 0.0103296 0.0122912 0.00882895 0.00825952
-1 0.01077 0.00336735 0.00405925 0.0690776 0.894567 0.00780167 0.00344369 0.00118275 0.00573069
-1 0.0105823 0.0049383 0.0115508 0.0668731 0.884924 0.00446638 0.00642878 0.00403091 0.00620501
-1 0.0106489 0.00464404 0.0117315 0.0447266 0.903148 0.00760446 0.00607754 0.00511055 0.00630818
10 0.947912 0.00402965 0.00367042 0.00384062 0.0319233 0.00268442 0.0017159 0.00151822 0.00270569
1 0.0080153 0.961286 0.00179764 0.0142371 0.00025801 0.00723019 0.00130467 0.0047652 0.00110604
0 0.069363 0.0324507 0.0232057 0.629375 0.120763 0.0564039 0.0292433 0.0149973 0.0241975
-2 0.0119909 0.0104538 0.865013 0.0349434 0.0402431 0.00909711 0.011053 0.009555 0.00765043
-1 0.00416504 0.00299009 0.00425744 0.0341642 0.937778 0.00754174 0.00234631 0.00194902 0.0048081
-2 0.0247029 0.0108051 0.900296 0.0220879 0.0127078 0.0106686 0.00505701 0.00879281 0.00488238
10 0.933327 0.00441028 0.00311256 0.0161058 0.0332449 0.00542666 0.00132968 0.000826649 0.00221683
1 0.00875243 0.963552 0.00144455 0.013596 0.000315119 0.0069434 0.00104936 0.00365823 0.000689181
0 0.098874 0.0441628 0.0355912 0.51016 0.185236 0.033454 0.039667 0.0218899 0.0309648
0 0.0293598 0.0180255 0.0219848 0.489949 0.339856 0.0407858 0.0239052 0.0123296 0.0238047
-2 0.0122979 0.0103916 0.870065 0.0275514 0.0393169 0.00882633 0.0114815 0.0121198 0.00794904
-1 0.00246063 0.00280344 0.00411216 0.0340423 0.941423 0.00685108 0.00171876 0.00188576 0.00470256
10 0.973334 0.00330506 0.00297114 0.00193067 0.0117919 0.00143881 0.00152317 0.0012067 0.00249903
1 0.00811436 0.962715 0.00145341 0.0151218 0.000205238 0.00614146 0.00123391 0.00403675 0.000978353
-3 0.0205853 0.0136705 0.0110789 0.0540394 0.0295687 0.825817 0.0122587 0.00977638 0.0232048
-2 0.00925245 0.00550963 0.898096 0.0293365 0.0284826 0.0108466 0.00395033 0.000790617 0.0137354
-1 0.0363462 0.00298645 0.0211781 0.0168557 0.90847 0.00493282 0.00376731 0.00153453 0.00392921
-1 0.0256709 0.0314002 0.00958998 0.139304 0.756557 0.0156303 0.00560728 0.00746823 0.00877223
-2 0.0247029 0.0108051 0.900296 0.0220879 0.0127078 0.0106686 0.00505701 0.00879281 0.00488238
10 0.969304 0.00351707 0.00244517 0.00647815 0.0122722 0.00258206 0.00112388 0.000615617 0.00166182
1 0.00800388 0.965674 0.00111884 0.0148519 0.000222561 0.00523178 0.000949415 0.00302859 0.0009188
-3 0.020991 0.0118653 0.010803 0.0528542 0.0311752 0.83986 0.012297 0.00965186 0.0105026
-2 0.00855714 0.00467091 0.934264 0.0137195 0.0246835 0.00520313 0.0035039 0.000600605 0.00479745
-1 0.00663177 0.00543764 0.00629335 0.13862 0.816202 0.00543328 0.00925676 0.00343433 0.00869052
-1 0.0149711 0.00515046 0.0130546 0.0633897 0.877096 0.00796703 0.00615825 0.00634659 0.00586628
-1 0.0796266 0.00322633 0.00775555 0.024881 0.866103 0.0060494 0.00313542 0.00422105 0.00500146
-2 0.0254682 0.00899689 0.907443 0.0121598 0.01522 0.00657441 0.00712902 0.00896658 0.00804223
0 0.113694 0.059886 0.0289056 0.500115 0.17895 0.0591531 0.0167424 0.0124149 0.0301397
10 0.979523 0.00317453 0.00278872 0.00150511 0.00679473 0.00127283 0.00134995 0.00114102 0.00245001
1 0.00813036 0.962903 0.00175297 0.0135106 0.000240363 0.00646674 0.001274 0.00470207 0.00101953
-3 0.0219817 0.0149577 0.0140792 0.0602543 0.0492458 0.797812 0.0193131 0.0113331 0.0110233
-2 0.00837107 0.00375592 0.923789 0.0165551 0.0343036 0.00408277 0.00410261 0.000754165 0.00428557
-1 0.00125336 0.00104902 0.0012985 0.0203269 0.965633 0.00281782 0.00314733 0.00118962 0.00328491
-1 0.00620856 0.00436175 0.00948305 0.0406252 0.896377 0.00330675 0.0287274 0.00495268 0.00595787
-1 0.00516603 0.00348006 0.00747845 0.0310772 0.926349 0.00607641 0.00363812 0.0109539 0.0057809
10 0.949475 0.00302583 0.0100633 0.0102825 0.0153142 0.00211093 0.0026313 0.00267883 0.00441784
1 0.00779468 0.960006 0.000713428 0.0150983 0.000141875 0.00900621 0.00110885 0.00567253 0.000458107
10 0.962168 0.00450897 0.00290856 0.00527516 0.015027 0.00287932 0.00232408 0.00307292 0.00183553
10 0.959252 0.00350165 0.00917153 0.00847614 0.00630767 0.00461749 0.00227547 0.00244621 0.00395203
10 0.957427 0.00532748 0.00148574 0.0241443 5.87062e-05 0.00757183 0.00111017 0.00251984 0.000355215
10 0.962542 0.00524096 0.00235926 0.0190977 0.000387104 0.00543813 0.00246099 0.00190397 0.000569921
1 0.00818118 0.957497 0.00265677 0.0153512 0.000333228 0.00737065 0.00302456 0.00493164 0.000654094
10 0.942759 0.00430478 0.00998219 0.0130377 0.0153873 0.00291538 0.00347759 0.00293825 0.00519749
0 0.0522418 0.0300769 0.00169587 0.870736 0.000500405 0.0283643 0.00401636 0.00945841 0.00290955
10 0.955254 0.00377709 0.00338621 0.00487529 0.0236613 0.0022965 0.00262237 0.00154641 0.00258075
1 0.00853233 0.957664 0.00192421 0.0156214 0.000333119 0.00696933 0.00168565 0.00657477 0.000694999
10 0.959252 0.00350165 0.00917153 0.00847614 0.00630767 0.00461749 0.00227547 0.00244621 0.00395203
10 0.957427 0.00532748 0.00148574 0.0241443 5.87062e-05 0.00757183 0.00111017 0.00251984 0.000355215
10 0.966844 0.00493663 0.00217625 0.0186152 0.000215477 0.00285424 0.00215059 0.00180284 0.00040479
1 0.00772333 0.963126 0.00228332 0.013264 0.00038467 0.00531049 0.00311834 0.00428892 0.000500409
1 0.0104673 0.858178 0.0109977 0.0222773 0.0614468 0.00690946 0.0135356 0.00892295 0.00726515
10 0.970234 0.00291308 0.00877916 0.00833799 0.00415293 0.00131069 0.00131177 0.00128244 0.0016783
1 0.00761146 0.966965 0.000600035 0.0149126 0.000110141 0.00296649 0.000678297 0.00567352 0.000482259
1 0.0112451 0.93162 0.00400723 0.0178415 0.0148605 0.00440907 0.00466788 0.00436772 0.00698057
10 0.958309 0.00447891 0.00349374 0.0116212 0.00876866 0.00597044 0.00329669 0.00244264 0.0016187
10 0.951953 0.00558859 0.00307135 0.0241918 0.000287176 0.00713565 0.0024204 0.00472684 0.000625636
10 0.942759 0.00430478 0.00998219 0.0130377 0.0153873 0.00291538 0.00347759 0.00293825 0.00519749
0 0.0522418 0.0300769 0.00169587 0.870736 0.000500405 0.0283643 0.00401636 0.00945841 0.00290955
10 0.980453 0.00314606 0.00287689 0.00440719 0.00230306 0.00123193 0.00229727 0.00142999 0.00185502
1 0.00788598 0.963592 0.00167771 0.013433 0.000374191 0.00503959 0.00172827 0.00574081 0.000528246
1 0.0104673 0.858178 0.0109977 0.0222773 0.0614468 0.00690946 0.0135356 0.00892295 0.00726515
10 0.964267 0.00306304 0.00894862 0.0116235 0.00463166 0.00176012 0.00180332 0.00165253 0.00225003
0 0.0511227 0.0297029 0.00157969 0.885087 0.000739894 0.0188523 0.0034217 0.00670216 0.00279176
1 0.0259774 0.754741 0.0112612 0.0462597 0.126479 0.00521789 0.0104316 0.00669936 0.0129337
1 0.00969662 0.899648 0.00573443 0.0168505 0.039972 0.00795418 0.00776027 0.0067241 0.00565981
10 0.93884 0.00484002 0.00429702 0.0106673 0.0284377 0.00369059 0.00311483 0.0040497 0.00206261
10 0.97073 0.00282865 0.00875578 0.00798715 0.00240314 0.00294835 0.00121312 0.00142325 0.00171007
10 0.962805 0.00486127 0.00142426 0.0239771 7.6797e-05 0.00311742 0.00125088 0.00222357 0.00026407
1 0.00790003 0.967974 0.00121688 0.0138749 0.000267338 0.0041096 0.00104798 0.00311795 0.000490954
1 0.00857548 0.906201 0.00811764 0.0184 0.031628 0.00456957 0.0125867 0.00440733 0.00551386
1 0.00920563 0.85058 0.00844095 0.0258016 0.0781676 0.00614274 0.00697916 0.00816613 0.00651586
10 0.959252 0.00350165 0.00917153 0.00847614 0.00630767 0.00461749 0.00227547 0.00244621 0.00395203
10 0.958135 0.00521354 0.00143603 0.0241473 5.44789e-05 0.00747095 0.00109839 0.00211965 0.000324369
10 0.979352 0.00455219 0.00205478 0.00797922 0.000185739 0.00276419 0.00115566 0.00158189 0.000373883
1 0.0076679 0.964039 0.0022861 0.0140065 0.00034727 0.00547499 0.0024935 0.00315558 0.000528843
1 0.00857548 0.906201 0.00811764 0.0184 0.031628 0.00456957 0.0125867 0.00440733 0.00551386
1 0.00920563 0.85058 0.00844095 0.0258016 0.0781676 0.00614274 0.00697916 0.00816613 0.00651586
10 0.942759 0.00430478 0.00998219 0.0130377 0.0153873 0.00291538 0.00347759 0.00293825 0.00519749
0 0.0521645 0.0325426 0.00340481 0.847756 0.000957279 0.0301845 0.0104901 0.0176822 0.00481763
10 0.983763 0.00304717 0.00281156 0.00223273 0.00133393 0.0024746 0.00107133 0.00138633 0.00187895
10 0.966601 0.00495742 0.00224197 0.01819 0.000195406 0.00312734 0.00238314 0.00188572 0.000417602
1 0.00759659 0.961841 0.00277517 0.0141179 0.000378663 0.00479545 0.00312193 0.00485101 0.000522208
1 0.00899394 0.869059 0.00989226 0.0231445 0.0556114 0.00513572 0.0146772 0.00754401 0.00594151
1 0.00663423 0.852636 0.00820333 0.0259071 0.0807278 0.00592644 0.00541179 0.00812372 0.00643011
10 0.97073 0.00282865 0.00875578 0.00798715 0.00240314 0.00294835 0.00121312 0.00142325 0.00171007
10 0.977718 0.0046671 0.00128099 0.0100203 7.60301e-05 0.0028836 0.00129427 0.00181206 0.000247594
1 0.00801195 0.965703 0.00111393 0.0148676 0.000226243 0.00519917 0.00094783 0.00301118 0.000919226
-3 0.020991 0.0118653 0.010803 0.0528542 0.0311752 0.83986 0.012297 0.00965186 0.0105026
-2 0.00855714 0.00467091 0.934264 0.0137195 0.0246835 0.00520313 0.0035039 0.000600605 0.00479745
-1 0.00663177 0.00543764 0.00629335 0.13862 0.816202 0.00543328 0.00925676 0.00343433 0.00869052
-1 0.0149711 0.00515046 0.0130546 0.0633897 0.877096 0.00796703 0.00615825 0.00634659 0.00586628
-1 0.0796266 0.00322633 0.00775555 0.024881 0.866103 0.0060494 0.00313542 0.00422105 0.00500146
10 0.950449 0.00408761 0.00982048 0.00977031 0.01486 0.00216399 0.00253973 0.00230689 0.00400218
1 0.00919214 0.959985 0.000573797 0.0156149 0.000113498 0.00800599 0.00070006 0.00534413 0.000470911
10 0.970932 0.00352779 0.00270762 0.00573749 0.00586721 0.00306823 0.00154042 0.00187128 0.00474811
-3 0.0100346 0.0148933 0.00578369 0.0509852 0.000966721 0.894915 0.00815669 0.00838998 0.00587508
-2 0.00779091 0.00344686 0.92165 0.0139 0.034766 0.00374152 0.00965996 0.000847128 0.00419739
-1 0.00140644 0.00188307 0.00206932 0.019285 0.964262 0.00337828 0.00298108 0.00127759 0.00345734
-1 0.00654783 0.00328491 0.00818932 0.0394607 0.925769 0.00447378 0.00241996 0.0044691 0.00538561
10 0.942759 0.00430478 0.00998219 0.0130377 0.0153873 0.00291538 0.00347759 0.00293825 0.00519749
0 0.0521167 0.0276715 0.00210389 0.870943 0.000556683 0.0273616 0.00567119 0.0102765 0.00329881
10 0.979505 0.00320103 0.00279425 0.00150906 0.00682485 0.00127374 0.00130942 0.00113456 0.00244844
1 0.00813036 0.962903 0.00175297 0.0135106 0.000240363 0.00646674 0.001274 0.00470207 0.00101953
-3 0.0219817 0.0149577 0.0140792 0.0602543 0.0492458 0.797812 0.0193131 0.0113331 0.0110233
-2 0.00837107 0.00375592 0.923789 0.0165551 0.0343036 0.00408277 0.00410261 0.000754165 0.00428557
-1 0.00125336 0.00104902 0.0012985 0.0203269 0.965633 0.00281782 0.00314733 0.00118962 0.00328491
-1 0.00620856 0.00436175 0.00948305 0.0406252 0.896377 0.00330675 0.0287274 0.00495268 0.00595787
-1 0.00516603 0.00348006 0.00747845 0.0310772 0.926349 0.00607641 0.00363812 0.0109539 0.0057809
10 0.964267 0.00306304 0.00894862 0.0116235 0.00463166 0.00176012 0.00180332 0.00165253 0.00225003
0 0.0508025 0.0306789 0.0031033 0.869082 0.00101078 0.0195556 0.0088485 0.0124249 0.00449308
1 0.0420672 0.771156 0.00849832 0.0181183 0.127031 0.0114137 0.00559081 0.00549224 0.0106324
10 0.966148 0.00362842 0.00288202 0.00630019 0.00876548 0.00350988 0.00191801 0.00201362 0.00483446
-3 0.0100404 0.0148878 0.00577379 0.0509844 0.000965629 0.894898 0.00815274 0.00842008 0.00587667
-2 0.00988566 0.00352899 0.919378 0.0140737 0.034834 0.00356513 0.00967724 0.000846312 0.00421107
-1 0.00128799 0.00106877 0.00128797 0.0201884 0.965808 0.00274731 0.00313749 0.00121746 0.00325694
-1 0.0051063 0.00402747 0.00941479 0.0322503 0.891302 0.0350578 0.0121703 0.00535994 0.00531113
-1 0.00765593 0.00450376 0.0124638 0.0350636 0.915819 0.00667938 0.0036147 0.00848667 0.00571342
10 0.961546 0.00496453 0.00442802 0.00520839 0.00995648 0.00268345 0.0031816 0.0025108 0.00552024
-3 0.0228542 0.0169591 0.0071878 0.0543398 0.00139633 0.864983 0.0095447 0.0163441 0.00639103
10 0.950811 0.00291085 0.00521943 0.0042344 0.0252184 0.00354796 0.00200924 0.000827236 0.00522198
0 0.0312384 0.0313083 0.00954575 0.863776 0.00730013 0.0275406 0.0122791 0.0109959 0.00601628
3 0.0434559 0.0383992 0.0444814 0.087658 0.124119 0.0266417 0.579415 0.0254237 0.0304055
4 0.0699003 0.0486708 0.048414 0.103917 0.0647983 0.0324561 0.0322535 0.570663 0.028927
10 0.922416 0.00490325 0.00699687 0.0147419 0.0322904 0.00771883 0.00312737 0.00298583 0.00481922
10 0.961239 0.00510717 0.00197228 0.0191895 0.000159721 0.00507976 0.00254487 0.00399048 0.000716982
-3 0.0234982 0.0177154 0.00822731 0.0535064 0.00169833 0.861718 0.00888869 0.016452 0.00829557
10 0.935941 0.00296689 0.00586491 0.00911268 0.0325974 0.00356489 0.00379641 0.000921571 0.00523418
0 0.0279206 0.0321981 0.00914903 0.856655 0.00902307 0.024934 0.0149265 0.0195424 0.00565092
3 0.0422036 0.0372657 0.0456971 0.0836439 0.123282 0.0258749 0.582224 0.0294943 0.030315
4 0.0559387 0.0487948 0.0482498 0.104133 0.0721952 0.0324971 0.0335249 0.575435 0.0292316
10 0.979146 0.00316039 0.00304371 0.00150977 0.00483552 0.0031445 0.00135041 0.00129649 0.0025131
10 0.968253 0.00501018 0.00245887 0.0126289 0.00014656 0.00514108 0.00255085 0.00288424 0.000926235
-3 0.0214772 0.01621 0.010847 0.0546432 0.00170164 0.85921 0.013201 0.016138 0.00657204
10 0.935941 0.00296689 0.00586491 0.00911268 0.0325974 0.00356489 0.00379641 0.000921571 0.00523418
0 0.0279206 0.0321981 0.00914903 0.856655 0.00902307 0.024934 0.0149265 0.0195424 0.00565092
3 0.0422036 0.0372657 0.0456971 0.0836439 0.123282 0.0258749 0.582224 0.0294943 0.030315
4 0.0559387 0.0487948 0.0482498 0.104133 0.0721952 0.0324971 0.0335249 0.575435 0.0292316
-2 0.0252502 0.0111234 0.901182 0.0144913 0.0126606 0.0100881 0.00712623 0.00990631 0.00817198
10 0.971925 0.00356984 0.00263615 0.00596503 0.00582795 0.00649282 0.0010674 0.000725973 0.00178966
10 0.968683 0.00494705 0.00240653 0.0127852 0.000187179 0.00490984 0.00239191 0.00277724 0.000912172
-3 0.0214772 0.01621 0.010847 0.0546432 0.00170164 0.85921 0.013201 0.016138 0.00657204
10 0.935941 0.00296689 0.00586491 0.00911268 0.0325974 0.00356489 0.00379641 0.000921571 0.00523418
0 0.0279206 0.0321981 0.00914903 0.856655 0.00902307 0.024934 0.0149265 0.0195424 0.00565092
3 0.0422036 0.0372657 0.0456971 0.0836439 0.123282 0.0258749 0.582224 0.0294943 0.030315
4 0.0559387 0.0487948 0.0482498 0.104133 0.0721952 0.0324971 0.0335249 0.575435 0.0292316
-2 0.0254922 0.00900209 0.907202 0.0122154 0.01549 0.00651544 0.00712691 0.00896431 0.00799116
-3 0.0224545 0.0151093 0.0114971 0.039253 0.153057 0.729233 0.00949155 0.00722862 0.012676
10 0.946951 0.00323969 0.00472648 0.00269338 0.03226 0.00345028 0.000820256 0.000685022 0.0051741
0 0.0552842 0.0311734 0.0115074 0.83589 0.00845504 0.0296511 0.00896268 0.0118887 0.00718729
3 0.0608204 0.0381173 0.0418096 0.132077 0.0849301 0.0236236 0.560449 0.023235 0.0349388
4 0.085222 0.0471461 0.0400996 0.135067 0.0372622 0.0318418 0.0385101 0.556418 0.0284332
10 0.968388 0.00495526 0.00292072 0.00565793 0.00131039 0.00510488 0.00314842 0.00752322 0.000990863
10 0.95859 0.00546997 0.00278467 0.017436 0.000408231 0.00666641 0.00272939 0.00531637 0.000599113
-4 0.0486601 0.0391799 0.031292 0.110065 0.0887947 0.0263022 0.021298 0.0214328 0.612976
-4 0.0347985 0.0302966 0.0324159 0.127622 0.0818769 0.0273817 0.0208015 0.0075357 0.637271
-2 0.0226193 0.00293704 0.9401 0.00509259 0.0155318 0.00496656 0.00332719 0.000342879 0.00508291
10 0.969173 0.00343041 0.00302266 0.0102366 0.00376234 0.0048614 0.00205135 0.00146796 0.00199463
-4 0.0196014 0.0167353 0.0205681 0.0285626 0.0545566 0.0281111 0.0109851 0.0141759 0.806704
-2 0.00901202 0.00254954 0.936301 0.00242318 0.0340059 0.00519396 0.00288412 0.000241196 0.00738879
10 0.946013 0.00272177 0.00350086 0.00108787 0.0323405 0.00568541 0.000996561 0.000501753 0.00715261
10 0.944041 0.00413472 0.00423284 0.00411229 0.0320168 0.00375175 0.00233623 0.00191749 0.0034566
-1 0.00729208 0.00718375 0.009956 0.00884857 0.935 0.0138065 0.00407161 0.00385065 0.00999098
10 0.944041 0.00413472 0.00423284 0.00411229 0.0320168 0.00375175 0.00233623 0.00191749 0.0034566
-1 0.00527443 0.00663173 0.0069282 0.00909054 0.952796 0.00654318 0.0022642 0.00289325 0.00757874
-1 0.00391344 0.0673836 0.00503307 0.00403027 0.895741 0.0067675 0.00173976 0.00136819 0.0140229
10 0.944041 0.00413472 0.00423284 0.00411229 0.0320168 0.00375175 0.00233623 0.00191749 0.0034566
-1 0.00632986 0.00343274 0.0093249 0.00960222 0.941956 0.0113193 0.00445527 0.00397843 0.00960146
-1 0.00289992 0.00191559 0.0069292 0.00651757 0.967669 0.00407913 0.00213871 0.00110283 0.00674761
-1 0.002245 0.00138811 0.00482085 0.00398963 0.973667 0.00490982 0.00164665 0.00136954 0.00596361
10 0.944041 0.00413472 0.00423284 0.00411229 0.0320168 0.00375175 0.00233623 0.00191749 0.0034566
-1 0.0803168 0.0339174 0.0203149 0.10774 0.714304 0.0159973 0.00861326 0.00775237 0.0110439
-1 0.0174253 0.0909484 0.00813385 0.0372969 0.820146 0.0102241 0.00526304 0.00308845 0.00747443
-1 0.0269855 0.010217 0.0161807 0.12951 0.784578 0.0126474 0.00687 0.00348728 0.00952345
-1 0.0228812 0.00921106 0.0204625 0.108067 0.802302 0.0134862 0.00820759 0.00511479 0.0102672
10 0.944041 0.00413472 0.00423284 0.00411229 0.0320168 0.00375175 0.00233623 0.00191749 0.0034566
-2 0.0134042 0.00715024 0.911368 0.00389231 0.0367323 0.00820349 0.00400537 0.00676026 0.00848366
-1 0.00768822 0.00232834 0.00221894 0.00969304 0.956444 0.0130909 0.000822436 0.000496923 0.00721754
-1 0.00292509 0.00159716 0.00566809 0.00572123 0.973317 0.00248522 0.00100212 0.00104129 0.00624319
-1 0.002245 0.00138811 0.00482085 0.00398963 0.973667 0.00490982 0.00164665 0.00136954 0.00596361
10 0.944041 0.00413472 0.00423284 0.00411229 0.0320168 0.00375175 0.00233623 0.00191749 0.0034566
-2 0.0243197 0.00863415 0.911505 0.0173426 0.0139562 0.00678653 0.00492491 0.00793387 0.00459742
-1 0.0395411 0.0106216 0.00497481 0.14345 0.774492 0.0146883 0.00252349 0.00180433 0.00790422
-1 0.0189243 0.0803581 0.00769445 0.0459419 0.827265 0.00468311 0.00529152 0.00307477 0.00676692
-1 0.0114312 0.00680117 0.0122698 0.110443 0.830326 0.00819524 0.00848058 0.00455133 0.00750133
-1 0.0173229 0.00745887 0.0200517 0.0943699 0.827642 0.0100068 0.00764696 0.00630484 0.00919633
10 0.944041 0.00413472 0.00423284 0.00411229 0.0320168 0.00375175 0.00233623 0.00191749 0.0034566
-3 0.014947 0.00574466 0.0133822 0.0144266 0.158232 0.754659 0.00792636 0.00295261 0.0277294
-2 0.0110641 0.00664641 0.92032 0.0057189 0.0341205 0.00718172 0.00200408 0.00063037 0.0123141
-1 0.00124823 0.000857009 0.000507722 0.00200718 0.988717 0.00168732 0.000351426 0.000224268 0.00439975
-1 0.00139752 0.025331 0.00246376 0.00263281 0.956566 0.00236185 0.000803258 0.00131292 0.00713058
10 0.944041 0.00413472 0.00423284 0.00411229 0.0320168 0.00375175 0.00233623 0.00191749 0.0034566
-3 0.014947 0.00574466 0.0133822 0.0144266 0.158232 0.754659 0.00792636 0.00295261 0.0277294
-2 0.0109463 0.00655484 0.920514 0.00329151 0.0344966 0.00837519 0.00200836 0.000620245 0.0131928
-1 0.00167035 0.000495806 0.000627603 0.00203681 0.985952 0.0030467 0.000662695 0.000305271 0.00520234
-1 0.00175449 0.00104642 0.00426839 0.00477257 0.97864 0.00171867 0.00127122 0.00137332 0.00515488
-1 0.00189896 0.00117497 0.00556991 0.00358039 0.975376 0.00345658 0.00158848 0.00172994 0.00562455
10 0.944041 0.00413472 0.00423284 0.00411229 0.0320168 0.00375175 0.00233623 0.00191749 0.0034566
-3 0.0189195 0.0140105 0.015225 0.0472741 0.0763782 0.790142 0.0119705 0.00998793 0.0160926
-2 0.0143869 0.0086786 0.907982 0.0133211 0.0357928 0.00813936 0.00307501 0.00088807 0.00773587
-1 0.00791294 0.00226835 0.00199074 0.0235445 0.951634 0.00686858 0.0010467 0.000684272 0.00404944
-1 0.0156499 0.0648629 0.00772176 0.0463576 0.845721 0.00477169 0.00525652 0.00307115 0.00658776
-1 0.0114312 0.00680117 0.0122698 0.110443 0.830326 0.00819524 0.00848058 0.00455133 0.00750133
-1 0.0173229 0.00745887 0.0200517 0.0943699 0.827642 0.0100068 0.00764696 0.00630484 0.00919633
10 0.944041 0.00413472 0.00423284 0.00411229 0.0320168 0.00375175 0.00233623 0.00191749 0.0034566
1 0.0134082 0.742828 0.010647 0.0153833 0.179716 0.00911504 0.00773475 0.00491541 0.0162522
10 0.944041 0.00413472 0.00423284 0.00411229 0.0320168 0.00375175 0.00233623 0.00191749 0.0034566
1 0.043219 0.740941 0.0108411 0.0359209 0.131775 0.00783144 0.00661468 0.0057695 0.0170874
1 0.0101747 0.921793 0.00448788 0.013492 0.0288754 0.0049261 0.00412351 0.00298846 0.00913909
1 0.0103831 0.883616 0.00693541 0.01918 0.0529664 0.00674535 0.00548031 0.00462794 0.0100653
10 0.944041 0.00413472 0.00423284 0.00411229 0.0320168 0.00375175 0.00233623 0.00191749 0.0034566
10 0.922597 0.00422389 0.00540193 0.0240152 0.0300636 0.00283912 0.00268981 0.00252778 0.00564153
1 0.00866497 0.965986 0.000874577 0.0128153 0.000277078 0.00556919 0.00101447 0.00416042 0.000637517
1 0.0098683 0.899236 0.00538516 0.013539 0.0450871 0.00607618 0.00496322 0.00501992 0.0108255
10 0.944041 0.00413472 0.00423284 0.00411229 0.0320168 0.00375175 0.00233623 0.00191749 0.0034566
10 0.92336 0.00653319 0.00657801 0.0221086 0.0282859 0.00305535 0.00264048 0.00221986 0.00521818
1 0.0105734 0.961446 0.000890412 0.0149915 0.000215122 0.00586689 0.000665498 0.0046153 0.000736305
1 0.0103824 0.929302 0.0039702 0.0127821 0.0236234 0.00459323 0.00361465 0.00265066 0.00908133
1 0.0103831 0.883616 0.00693541 0.01918 0.0529664 0.00674535 0.00548031 0.00462794 0.0100653
10 0.944041 0.00413472 0.00423284 0.00411229 0.0320168 0.00375175 0.00233623 0.00191749 0.0034566
10 0.938386 0.00393603 0.00535374 0.0210237 0.0141767 0.0061975 0.00248975 0.00278055 0.00565603
10 0.970756 0.00513571 0.0017443 0.0113032 0.000293012 0.00582233 0.00230481 0.00210394 0.000537068
1 0.00997599 0.958956 0.00164982 0.0141596 0.000374652 0.0075748 0.00138945 0.00496712 0.000952255
10 0.944041 0.00413472 0.00423284 0.00411229 0.0320168 0.00375175 0.00233623 0.00191749 0.0034566
10 0.93813 0.00552922 0.00656943 0.0195472 0.0135181 0.00662126 0.00246004 0.00244526 0.00517993
10 0.982853 0.0045204 0.00156957 0.00475198 0.000126268 0.0028565 0.00111664 0.0018504 0.000355062
1 0.0092669 0.965516 0.0013963 0.0129138 0.00033926 0.00551725 0.00111895 0.00317677 0.000755189
1 0.00937355 0.895826 0.00801718 0.0177246 0.0385657 0.00533553 0.0120019 0.0043513 0.00880392
1 0.0104918 0.831417 0.00838128 0.0240031 0.0938055 0.00705679 0.00673363 0.00796218 0.010149
10 0.944041 0.00413472 0.00423284 0.00411229 0.0320168 0.00375175 0.00233623 0.00191749 0.0034566
10 0.963879 0.00348444 0.00291823 0.00209015 0.0196325 0.00159919 0.00140404 0.00108037 0.00391245
1 0.00944131 0.961559 0.00171911 0.0125613 0.000285873 0.00759799 0.00118982 0.0041148 0.00153054
-3 0.0224826 0.0133817 0.0136259 0.0600787 0.0599139 0.789263 0.0187613 0.00944048 0.0130528
-2 0.00943009 0.00504724 0.926819 0.00797744 0.0342099 0.00533377 0.0047362 0.000700203 0.00574626
-1 0.00228194 0.0019969 0.0019984 0.010251 0.97039 0.00631855 0.00147355 0.00113501 0.00415491
10 0.944041 0.00413472 0.00423284 0.00411229 0.0320168 0.00375175 0.00233623 0.00191749 0.0034566
10 0.981261 0.00371527 0.00276707 0.00213428 0.00405914 0.00137454 0.00116468 0.000952724 0.0025709
1 0.0121061 0.959101 0.00118026 0.0156659 0.00028805 0.00683669 0.000856865 0.00310068 0.00086488
1 0.038604 0.799254 0.00820736 0.0243445 0.0942834 0.0080334 0.0106575 0.0051767 0.0114394
1 0.0192395 0.772994 0.00976993 0.0420751 0.111156 0.00894536 0.010937 0.00639722 0.0184853
-3 0.0181086 0.0148619 0.0140836 0.0695713 0.100388 0.735928 0.0174357 0.0140017 0.0156212
-2 0.00899697 0.00443337 0.937044 0.0068823 0.0273697 0.00470275 0.00461218 0.000781948 0.0051766
-1 0.00163613 0.00186667 0.00187805 0.0100734 0.97274 0.00571385 0.000950834 0.00108939 0.00405192
10 0.944041 0.00413472 0.00423284 0.00411229 0.0320168 0.00375175 0.00233623 0.00191749 0.0034566
-1 0.0861198 0.00925209 0.0178097 0.0466435 0.799094 0.0129629 0.00649498 0.00575639 0.0158671
-1 0.00699389 0.00616262 0.0034138 0.0195997 0.94971 0.0043121 0.00172104 0.00115537 0.00693116
-1 0.00223449 0.0461087 0.00339265 0.00319128 0.928409 0.00377772 0.00180896 0.00148644 0.00959108
10 0.944041 0.00413472 0.00423284 0.00411229 0.0320168 0.00375175 0.00233623 0.00191749 0.0034566
-1 0.0227223 0.0131457 0.0186925 0.0484076 0.838272 0.0152259 0.00897645 0.00717048 0.0273871
-1 0.00611659 0.00284063 0.0090191 0.00784556 0.949445 0.0128182 0.00254186 0.00137755 0.00799524
-1 0.0796544 0.00134406 0.0047899 0.0036962 0.896179 0.00455621 0.00158179 0.00130392 0.00689493
10 0.944041 0.00413472 0.00423284 0.00411229 0.0320168 0.00375175 0.00233623 0.00191749 0.0034566
-1 0.00628216 0.00663417 0.00932265 0.00862175 0.942733 0.00968895 0.00385986 0.0037482 0.00910928
-1 0.00415566 0.00147598 0.00599925 0.0053107 0.967429 0.00572187 0.00134018 0.00109198 0.00747536
-1 0.002463 0.00115127 0.00463407 0.0069639 0.973073 0.00198229 0.00226376 0.00112706 0.00634182
-1 0.00300856 0.00128201 0.00511271 0.00464547 0.938077 0.0369347 0.00373033 0.00151839 0.00569074
-1 0.00223846 0.00138445 0.00833454 0.00352728 0.972138 0.00358222 0.00162911 0.00175556 0.00541037
10 0.944041 0.00413472 0.00423284 0.00411229 0.0320168 0.00375175 0.00233623 0.00191749 0.0034566
-1 0.0373683 0.0126654 0.0168042 0.0502775 0.834248 0.0155117 0.00695282 0.00617677 0.0199949
-1 0.00349956 0.00159696 0.00556557 0.00567871 0.937002 0.0378903 0.00189269 0.000899378 0.00597481
-1 0.00217141 0.0368167 0.00690694 0.00311331 0.935387 0.00399812 0.00179422 0.0014622 0.00835003
10 0.944041 0.00413472 0.00423284 0.00411229 0.0320168 0.00375175 0.00233623 0.00191749 0.0034566
-1 0.00977618 0.00711326 0.00860134 0.00868045 0.936009 0.0126481 0.0039835 0.00379953 0.00938878
-1 0.00356338 0.00142811 0.00535741 0.00390041 0.93819 0.0383567 0.0015339 0.00100775 0.00666216
-1 0.00896394 0.00205314 0.0079727 0.00451852 0.962858 0.00463318 0.00118721 0.0010355 0.00677827
-1 0.00194906 0.000701635 0.00127478 0.00212141 0.983128 0.00260933 0.00111499 0.000975066 0.0061254
-1 0.00240446 0.00102724 0.00368366 0.00694474 0.974592 0.00174386 0.0022424 0.00112296 0.00623849
-1 0.0019393 0.000859297 0.00245844 0.00585075 0.977424 0.00132671 0.00331431 0.00151029 0.0053166
-1 0.00175007 0.000986667 0.00329184 0.00481808 0.977715 0.00168563 0.00288165 0.00182719 0.00504423
-1 0.00151698 0.000876276 0.00280868 0.00338701 0.981069 0.00270322 0.000743492 0.00167777 0.0052171
10 0.944041 0.00413472 0.00423284 0.00411229 0.0320168 0.00375175 0.00233623 0.00191749 0.0034566
-1 0.00958543 0.00725326 0.00902497 0.00878751 0.934326 0.0131357 0.00403356 0.00383437 0.010019
-1 0.00263522 0.00114577 0.00519397 0.0051388 0.973834 0.00299522 0.00122112 0.00104799 0.00678773
-1 0.00311714 0.00112796 0.00524965 0.00562561 0.936554 0.0374243 0.002794 0.00116154 0.00694569
-1 0.00247906 0.00156265 0.00807847 0.00543191 0.970051 0.00260122 0.0030078 0.00147292 0.00531538
-1 0.00140356 0.000625481 0.00124708 0.00155814 0.984269 0.00278734 0.00144599 0.00162257 0.0050408
10 0.944041 0.00413472 0.00423284 0.00411229 0.0320168 0.00375175 0.00233623 0.00191749 0.0034566
-2 0.0143634 0.00564296 0.883126 0.0121952 0.0378472 0.0132897 0.00357795 0.00715058 0.0228068
-1 0.0403157 0.00395384 0.0215415 0.00968138 0.909911 0.0062776 0.00149591 0.000842055 0.0059812
-1 0.00992917 0.0128837 0.00282038 0.012235 0.942923 0.00954929 0.00128415 0.0016196 0.00675539
10 0.944041 0.00413472 0.00423284 0.00411229 0.0320168 0.00375175 0.00233623 0.00191749 0.0034566
-2 0.0133721 0.00714945 0.911367 0.00389982 0.0367444 0.00821474 0.00401004 0.00676511 0.00847691
-1 0.00743409 0.00468463 0.00232287 0.00936571 0.957589 0.0107727 0.000754056 0.00044821 0.00662832
-1 0.00530223 0.00121676 0.00486382 0.0046264 0.972093 0.00327709 0.000625673 0.00102591 0.00696876
-1 0.002463 0.00115127 0.00463407 0.0069639 0.973073 0.00198229 0.00226376 0.00112706 0.00634182
-1 0.00300856 0.00128201 0.00511271 0.00464547 0.938077 0.0369347 0.00373033 0.00151839 0.00569074
-1 0.00223846 0.00138445 0.00833454 0.00352728 0.972138 0.00358222 0.00162911 0.00175556 0.00541037
10 0.944041 0.00413472 0.00423284 0.00411229 0.0320168 0.00375175 0.00233623 0.00191749 0.0034566
-2 0.0134042 0.00715024 0.911368 0.00389231 0.0367323 0.00820349 0.00400537 0.00676026 0.00848366
-1 0.00769759 0.00232828 0.0022232 0.00971908 0.956383 0.0131055 0.000823729 0.000497509 0.00722184
-1 0.00280313 0.00151963 0.00553564 0.0047826 0.97514 0.00217989 0.000951776 0.00102237 0.00606528
-1 0.00224005 0.00138636 0.00482994 0.00399943 0.973685 0.00491391 0.00164785 0.0013704 0.00592716
10 0.944041 0.00413472 0.00423284 0.00411229 0.0320168 0.00375175 0.00233623 0.00191749 0.0034566
-2 0.0264788 0.00538578 0.907973 0.0159647 0.0212197 0.00619195 0.00428747 0.00832045 0.00417758
-1 0.030252 0.0258416 0.00902641 0.140169 0.760543 0.0165485 0.00623058 0.0022786 0.0091103
-1 0.0176664 0.00515078 0.00947504 0.0472181 0.900768 0.00645113 0.00355663 0.00363879 0.00607462
10 0.944041 0.00413472 0.00423284 0.00411229 0.0320168 0.00375175 0.00233623 0.00191749 0.0034566
-2 0.0166782 0.00727139 0.910519 0.00387622 0.0345502 0.00792116 0.00388345 0.00674347 0.0085569
-1 0.0140179 0.00534014 0.00277337 0.00934706 0.945173 0.0146914 0.000923111 0.000523338 0.00721118
-1 0.00280406 0.0011372 0.00403432 0.00333824 0.961226 0.0200377 0.000753245 0.000952529 0.00571684
-1 0.00845543 0.0015479 0.00815102 0.00513363 0.963601 0.00392006 0.00128199 0.00107865 0.00683033
-1 0.00178221 0.000686649 0.00123094 0.00289361 0.983108 0.00148963 0.00209047 0.00104086 0.00567739
-1 0.00194784 0.000886551 0.00281241 0.00586472 0.976962 0.00135185 0.00331832 0.00151096 0.00534494
-1 0.001827 0.000830289 0.00277501 0.00528782 0.977725 0.00118492 0.00331257 0.0019219 0.005135
-1 0.00142616 0.000818811 0.00243099 0.00464231 0.981451 0.00140674 0.00123759 0.00176923 0.0048172
-1 0.00151698 0.000876276 0.00280868 0.00338701 0.981069 0.00270322 0.000743492 0.00167777 0.0052171
10 0.944041 0.00413472 0.00423284 0.00411229 0.0320168 0.00375175 0.00233623 0.00191749 0.0034566
-2 0.0173749 0.00716147 0.90693 0.00386351 0.0372995 0.00818535 0.00397797 0.00672539 0.00848208
-1 0.00791731 0.00227706 0.00222792 0.0100271 0.955907 0.0130862 0.000824204 0.00048953 0.00724316
-1 0.0044855 0.0021648 0.00560818 0.00533373 0.962869 0.00245146 0.00906485 0.00113494 0.00688754
-1 0.0027184 0.00146681 0.00352172 0.00363171 0.971983 0.00495832 0.0017232 0.00399044 0.00600644
10 0.944041 0.00413472 0.00423284 0.00411229 0.0320168 0.00375175 0.00233623 0.00191749 0.0034566
-2 0.0167227 0.00728187 0.910283 0.00386889 0.0345802 0.00807055 0.00388195 0.00673723 0.00857371
-1 0.0077072 0.00235343 0.00218569 0.00980412 0.956745 0.0127437 0.000809187 0.000486826 0.00716517
-1 0.0034967 0.00163286 0.00605597 0.00475393 0.936392 0.035957 0.00420589 0.00110343 0.00640194
-1 0.00304972 0.00175462 0.00842871 0.0039395 0.967758 0.0051677 0.00173358 0.00227147 0.00589634
10 0.944041 0.00413472 0.00423284 0.00411229 0.0320168 0.00375175 0.00233623 0.00191749 0.0034566
10 0.944041 0.00413472 0.00423284 0.00411229 0.0320168 0.00375175 0.00233623 0.00191749 0.0034566
-4 0.0196014 0.0167353 0.0205681 0.0285626 0.0545566 0.0281111 0.0109851 0.0141759 0.806704
-2 0.00901202 0.00254954 0.936301 0.00242318 0.0340059 0.00519396 0.00288412 0.000241196 0.00738879
10 0.946013 0.00272177 0.00350086 0.00108787 0.0323405 0.00568541 0.000996561 0.000501753 0.00715261
10 0.944041 0.00413472 0.00423284 0.00411229 0.0320168 0.00375175 0.00233623 0.00191749 0.0034566
10 0.944041 0.00413472 0.00423284 0.00411229 0.0320168 0.00375175 0.00233623 0.00191749 0.0034566
-4 0.0078449 0.00665516 0.0155521 0.00935354 0.0500503 0.0174754 0.00498623 0.00874244 0.87934
-4 0.00763255 0.00502189 0.0174305 0.00904972 0.047211 0.01737 0.0043924 0.00218466 0.889707
-2 0.0164066 0.00259232 0.938109 0.00241927 0.0247137 0.00524291 0.00288559 0.000231317 0.00739957
10 0.946013 0.00272177 0.00350086 0.00108787 0.0323405 0.00568541 0.000996561 0.000501753 0.00715261
10 0.944041 0.00413472 0.00423284 0.00411229 0.0320168 0.00375175 0.00233623 0.00191749 0.0034566
10 0.944041 0.00413472 0.00423284 0.00411229 0.0320168 0.00375175 0.00233623 0.00191749 0.0034566
10 0.944041 0.00413472 0.00423284 0.00411229 0.0320168 0.00375175 0.00233623 0.00191749 0.0034566
-4 0.0078449 0.00665516 0.0155521 0.00935354 0.0500503 0.0174754 0.00498623 0.00874244 0.87934
-4 0.00763255 0.00502189 0.0174305 0.00904972 0.047211 0.01737 0.0043924 0.00218466 0.889707
-2 0.0164066 0.00259232 0.938109 0.00241927 0.0247137 0.00524291 0.00288559 0.000231317 0.00739957
10 0.946013 0.00272177 0.00350086 0.00108787 0.0323405 0.00568541 0.000996561 0.000501753 0.00715261
-4 0.038775 0.0352646 0.0267882 0.0695332 0.0655256 0.0357342 0.0196458 0.0199972 0.688736
-2 0.0108594 0.00269032 0.934201 0.00300776 0.0341866 0.00510977 0.00296661 0.000267081 0.00671106
10 0.971871 0.00293701 0.00275087 0.00132187 0.010226 0.00504193 0.00124831 0.000726344 0.00387695
-4 0.0137575 0.0127509 0.0177386 0.0217696 0.0528491 0.0184661 0.00868364 0.0123679 0.841617
-4 0.0127756 0.00970068 0.0187628 0.0225785 0.0482952 0.0184424 0.00789672 0.00315702 0.858391
-2 0.0233319 0.00274212 0.934518 0.00299801 0.0212374 0.00516 0.00296608 0.000253574 0.00679309
10 0.971871 0.00293701 0.00275087 0.00132187 0.010226 0.00504193 0.00124831 0.000726344 0.00387695
