labels 1 2 3 4 5 6 7 8
1 0.975334 0.00435684 0.00721968 0.00325555 0.00220173 0.00255999 0.00317937 0.00189239
1 0.963592 0.00583511 0.00828309 0.00731127 0.00343488 0.00495932 0.00373282 0.00285168
1 0.942096 0.00542185 0.00729026 0.0109172 0.00289073 0.00599251 0.00993272 0.0154589
1 0.968204 0.00593497 0.00521092 0.00505625 0.00351158 0.00515012 0.00323091 0.00370085
1 0.970185 0.00561911 0.00503127 0.00436522 0.00343339 0.00450513 0.00318157 0.00367901
1 0.977889 0.00339804 0.00384107 0.00294479 0.0027705 0.0032011 0.00266118 0.00329472
1 0.967467 0.0059524 0.00685783 0.00476676 0.00350379 0.0045218 0.00322827 0.00370249
1 0.973286 0.00520422 0.00448226 0.00346745 0.00313778 0.00394407 0.00295978 0.00351889
1 0.970766 0.0042923 0.00593533 0.00434511 0.00344265 0.00435577 0.00318695 0.00367628
1 0.967073 0.00615473 0.00569596 0.00555548 0.0035942 0.00492177 0.00327664 0.00372777
1 0.968689 0.00592149 0.00557374 0.0048108 0.00351057 0.00456077 0.00323087 0.00370307
1 0.97672 0.00362286 0.00422185 0.00326341 0.00283396 0.00331573 0.00270503 0.00331707
1 0.966353 0.00600105 0.00719341 0.00522613 0.0035584 0.00469177 0.00326106 0.00371517
1 0.972137 0.00548769 0.00488158 0.00380235 0.00320946 0.00392348 0.00300988 0.00354826
1 0.968188 0.00545025 0.00654415 0.00483674 0.00351275 0.0045314 0.00323521 0.00370148
1 0.957492 0.00664321 0.00845359 0.00777889 0.00358628 0.00832855 0.00354582 0.00417215
1 0.961524 0.0063651 0.00837193 0.00685728 0.00356303 0.00613278 0.00342018 0.00376588
1 0.960974 0.0063762 0.00839974 0.00735038 0.0037058 0.00590294 0.00346877 0.00382241
1 0.947762 0.0060662 0.00945396 0.00989879 0.00281227 0.00497253 0.0049193 0.0141154
1 0.99419 0.000535134 0.000867989 0.000943685 0.00069517 0.000534254 0.00151316 0.000720154
1 0.954296 0.00352028 0.00527767 0.00634541 0.00199911 0.00274428 0.00722845 0.018589
1 0.980019 0.00351327 0.00699527 0.00184887 0.00179775 0.00177069 0.00241095 0.00164411
1 0.989403 0.00168139 0.00285104 0.000991724 0.00138993 0.00104166 0.00181638 0.000824484
1 0.996709 0.000235938 0.000487984 0.000328783 0.000659301 0.000344226 0.000971631 0.000262876
1 0.985863 0.00200657 0.00322663 0.00224628 0.00146576 0.00135423 0.00212141 0.00171621
1 0.988089 0.00168463 0.00310457 0.00121829 0.00163939 0.00138105 0.00186543 0.00101732
1 0.975029 0.00465016 0.00686194 0.00277479 0.00297912 0.00317862 0.00298662 0.00153931
1 0.985129 0.00205741 0.00300049 0.00192363 0.00219025 0.00216448 0.00228832 0.00124614
1 0.970855 0.00499395 0.00729731 0.00426277 0.00312488 0.00382414 0.00319977 0.00244206
1 0.971794 0.00443067 0.00726691 0.00357043 0.00316569 0.00378522 0.00311044 0.00287624
2 0.0130238 0.948899 0.00498374 0.00998488 0.00243376 0.00470833 0.00378321 0.0121829
2 0.0147812 0.967519 0.00387447 0.0038129 0.00176918 0.00193855 0.0022228 0.00408217
2 0.00309554 0.990353 0.00123103 0.000721736 0.00100741 0.000820952 0.00107843 0.00169204
2 0.00068335 0.995333 0.000835987 0.00078643 0.000962119 0.000601603 0.000430087 0.000367539
2 2.83208e-05 0.996884 0.000479851 0.00046392 0.000920194 0.000441708 0.000440976 0.000341255
2 2.20166e-05 0.99748 7.88935e-05 0.000277984 0.000762322 0.000419607 0.000489451 0.000469535
2 0.0139031 0.971419 0.00376723 0.00281177 0.00190795 0.00171285 0.00195853 0.00251928
2 0.00471536 0.98739 0.00156952 0.000880606 0.00135241 0.00102166 0.00133248 0.00173795
2 9.78446e-05 0.99365 0.000674015 0.00118639 0.00141393 0.00100751 0.00101412 0.000956361
2 8.86518e-05 0.994864 0.000220338 0.000688558 0.00119509 0.000853058 0.000976389 0.00111381
2 0.0146529 0.968101 0.00401372 0.00311401 0.0025094 0.00250402 0.00236306 0.00274219
2 0.00951721 0.974468 0.00418904 0.00245045 0.00235815 0.00228565 0.00216841 0.00256318
2 0.00156364 0.982568 0.00193546 0.0037112 0.00261521 0.00278392 0.00236029 0.00246201
2 0.00160811 0.983313 0.00181871 0.00328044 0.00252432 0.00265429 0.00226727 0.00253406
2 0.00345185 0.977808 0.00378464 0.00423486 0.00154792 0.00232119 0.00174618 0.00510564
2 0.00348146 0.987977 0.0016189 0.00127899 0.00118199 0.00105837 0.00114403 0.00225921
2 0.00428701 0.984972 0.00234018 0.00193491 0.00162585 0.00159673 0.00149689 0.00174623
2 0.0152723 0.962237 0.00537813 0.00472125 0.00224119 0.00282667 0.00326146 0.00406201
2 0.00233043 0.988801 0.00101597 0.00151668 0.00114262 0.00106601 0.00133112 0.00279573
2 0.00523655 0.973086 0.00726815 0.00430303 0.00215829 0.00253664 0.00224407 0.00316714
2 0.00696684 0.967391 0.00850892 0.00544206 0.00252446 0.00372249 0.00239998 0.00304454
2 0.0079828 0.963629 0.00890786 0.00567934 0.00296714 0.00533526 0.00260861 0.00288956
2 0.00968494 0.958082 0.00923959 0.008558 0.00319678 0.00584298 0.00278244 0.0026134
2 0.00307765 0.975988 0.00347627 0.00611697 0.00321005 0.00271617 0.00200437 0.00341061
2 0.00217592 0.98262 0.00214682 0.00377776 0.0016738 0.00189699 0.0033474 0.00236134
2 0.00937539 0.968193 0.00391962 0.00598568 0.00299993 0.003988 0.0026373 0.00290115
2 0.0107802 0.960402 0.00933394 0.00633642 0.00317817 0.00447989 0.0026746 0.00281516
2 0.00758255 0.966539 0.00859176 0.00557025 0.00303629 0.00319044 0.00248102 0.00300899
2 0.0074048 0.966583 0.00838249 0.005493 0.00301182 0.00337353 0.00258603 0.00316541
2 0.00869262 0.961642 0.00911783 0.00636233 0.00313152 0.00551357 0.00267843 0.00286125
2 0.0142074 0.97727 0.0013054 0.00113614 0.00139307 0.0011412 0.00169045 0.00185673
2 5.8272e-05 0.995859 0.000129794 0.000578984 0.00113514 0.000736771 0.000775084 0.000727111
2 0.0120368 0.978672 0.00150219 0.00132794 0.00161807 0.0012778 0.00166986 0.00189497
2 0.000541007 0.992144 0.000497119 0.0012728 0.00161404 0.00124904 0.00128675 0.00139514
2 0.0146613 0.968087 0.00398892 0.00311543 0.00255834 0.00255603 0.00235953 0.00267353
2 0.00162549 0.982352 0.00176209 0.00372719 0.00265965 0.00283219 0.00237774 0.00266404
2 0.00748 0.97035 0.00737078 0.00406611 0.00244669 0.00277869 0.00251959 0.0029877
2 0.00952736 0.964567 0.0088876 0.00537295 0.00266135 0.00357121 0.00250187 0.0029103
2 0.00173993 0.987052 0.00104333 0.00232218 0.00203931 0.00195586 0.001722 0.00212518
2 0.0108494 0.960255 0.00932957 0.00639261 0.00318182 0.00448916 0.00268297 0.00281949
2 0.0100695 0.964074 0.00898934 0.00531154 0.00296305 0.0031445 0.00254477 0.00290322
2 0.0082716 0.966057 0.0084697 0.00531848 0.00293787 0.00331207 0.00265478 0.00297827
2 0.014838 0.966543 0.00430482 0.00356434 0.00268436 0.00303701 0.00236706 0.00266165
2 0.0149729 0.966023 0.00450004 0.00366449 0.00270805 0.00307515 0.00238527 0.0026711
2 0.00285787 0.976086 0.00531965 0.00443 0.00281113 0.00338378 0.00243061 0.00268143
2 0.00702048 0.970164 0.0062661 0.00484208 0.00289015 0.00360664 0.00249123 0.00271886
3 0.00836405 0.00352445 0.957465 0.0079698 0.00227759 0.00426852 0.00336998 0.012761
3 0.00746809 0.00168252 0.978897 0.00280381 0.00162793 0.00163002 0.00191624 0.00397471
3 0.00145478 0.000926707 0.9928 0.000586781 0.000957748 0.000677009 0.000846919 0.00175029
3 0.000367574 0.000445808 0.996515 0.000579164 0.000877447 0.000506075 0.000357775 0.000351618
3 2.21997e-05 1.32486e-05 0.997757 0.000303944 0.000826231 0.000359423 0.000369368 0.000348385
3 2.27383e-05 1.87057e-05 0.997668 0.000231717 0.000755704 0.000361491 0.000410482 0.00053141
3 0.00700072 0.00154412 0.981615 0.00220242 0.00179249 0.00149004 0.00172128 0.00263436
3 0.0022649 0.000973073 0.990634 0.00079465 0.00134114 0.000940142 0.00116087 0.00189086
3 0.000358855 0.000539286 0.993482 0.00113518 0.00145077 0.000998285 0.000951296 0.00108471
3 0.000413987 0.000506493 0.99365 0.000845119 0.00136228 0.00094939 0.000962219 0.00131023
3 0.00754657 0.0026467 0.976504 0.00286362 0.00248961 0.00248234 0.0021377 0.00332978
3 0.00488663 0.00258656 0.980347 0.00234196 0.00241003 0.0023311 0.0019957 0.00310118
3 0.00136363 0.00144997 0.983131 0.00348348 0.00260515 0.00278143 0.00214628 0.00303904
3 0.00150576 0.00166521 0.982844 0.00328133 0.00263118 0.00281436 0.00213855 0.00311951
3 0.00298958 0.0029176 0.979471 0.00386321 0.00163694 0.00219781 0.0015673 0.0053564
3 0.00169049 0.000915805 0.991244 0.00101752 0.00116101 0.000873629 0.000978937 0.00211859
3 0.00342809 0.00415437 0.983732 0.00202613 0.00174945 0.00155787 0.00132799 0.00202435
3 0.00782259 0.00343647 0.97249 0.0040737 0.00219889 0.00269023 0.00294474 0.00434382
3 0.0023266 0.00472078 0.984114 0.00182802 0.00132542 0.00117756 0.00125707 0.00325065
3 0.000800494 0.00138432 0.991004 0.00162376 0.0014046 0.00111056 0.000984478 0.00168737
3 0.0047973 0.00590479 0.972361 0.00499184 0.00261935 0.00352231 0.00220078 0.00360268
3 0.00301621 0.00598278 0.973238 0.0050435 0.00255551 0.00471258 0.00184478 0.00360687
3 0.00697181 0.00633898 0.964021 0.00781091 0.00290979 0.00414179 0.00349432 0.00431091
3 0.00233654 0.00330398 0.98226 0.00297848 0.00244465 0.00253966 0.00173814 0.00239901
3 0.00714742 0.00628602 0.968255 0.00554521 0.00304777 0.00401815 0.00237099 0.00332927
3 0.00463296 0.00565053 0.973541 0.00474525 0.00292791 0.00284481 0.00216451 0.00349268
3 0.00459903 0.00575639 0.972736 0.00480191 0.00293258 0.00316215 0.00230956 0.00370269
3 0.00549285 0.00648147 0.969063 0.00547197 0.00299321 0.00477995 0.00235609 0.00336173
3 0.00716168 0.0015372 0.98455 0.00100871 0.00129474 0.00101555 0.00140088 0.00203169
3 0.000314701 0.00055606 0.994918 0.000678724 0.00118663 0.000761212 0.000726061 0.00085817
3 0.00612876 0.00135111 0.984944 0.00121271 0.00155863 0.00119683 0.00146508 0.00214337
3 0.00047904 0.000656152 0.992043 0.0012012 0.00158534 0.00122106 0.00117253 0.00164142
3 0.0075845 0.00261969 0.976502 0.00285613 0.00253478 0.0025228 0.00213202 0.00324766
3 0.00147027 0.00162264 0.982518 0.00349359 0.00264644 0.00283595 0.00216729 0.00324599
3 0.00102378 0.0019978 0.988662 0.00198043 0.00168715 0.00146782 0.00118964 0.00199103
3 0.00614529 0.00592541 0.971597 0.00473339 0.00261352 0.00331108 0.00223596 0.00343788
3 0.00244834 0.00357899 0.981021 0.00320197 0.00256075 0.00274065 0.00182306 0.00262485
3 0.00716256 0.00629827 0.968135 0.00560787 0.0030555 0.00403562 0.00237396 0.00333114
3 0.00636329 0.00590773 0.971698 0.00451169 0.00287417 0.00294671 0.00227159 0.00342684
3 0.00515909 0.00577564 0.972627 0.00460613 0.00285622 0.0031008 0.00236731 0.00350742
3 0.00285768 0.00239567 0.975354 0.00767285 0.00332703 0.00242734 0.00178816 0.00417682
3 0.00378988 0.00375463 0.971884 0.00796695 0.00333114 0.00303044 0.00207444 0.00416814
3 0.00610944 0.00530347 0.967282 0.00825376 0.0032627 0.00421569 0.00242708 0.00314539
3 0.0062659 0.00597456 0.966428 0.00785868 0.00323536 0.00428615 0.00244588 0.00350498
4 0.0115025 0.00418345 0.00574542 0.953553 0.000951793 0.00596745 0.00205219 0.0160441
4 0.00745842 0.00315153 0.00440249 0.957445 0.0136326 0.00444244 0.00327109 0.00619685
4 0.005361 0.00282969 0.00435701 0.948995 0.0101017 0.00428744 0.00362465 0.0204434
4 0.0106811 0.00398687 0.00735689 0.958225 0.00192792 0.00633617 0.00469659 0.00678973
4 0.00152056 0.000632807 0.00125163 0.992075 0.000843328 0.00143721 0.000715634 0.00152352
4 0.00115477 0.000708338 0.00126293 0.991965 0.000974448 0.00105919 0.00136338 0.0015119
4 0.00551175 0.00246082 0.00373718 0.963798 0.000771358 0.00362568 0.0125454 0.00754996
4 0.00129773 0.000606565 0.000987924 0.988246 0.000434793 0.00113863 0.00433825 0.00295057
4 0.00104692 0.000610935 0.00120704 0.994046 0.000640214 0.00105796 0.00060306 0.00078828
4 0.00063205 0.000379982 0.000641201 0.995647 0.000770015 0.000721809 0.00040603 0.000802177
4 0.00151757 0.00115552 0.0016168 0.982947 0.00325136 0.0012854 0.00529358 0.00293283
4 0.000887546 0.000736356 0.00108299 0.987157 0.0015776 0.000847227 0.00580649 0.00190517
4 0.00104541 0.000824553 0.0013944 0.9915 0.00216254 0.00115122 0.000773692 0.0011481
4 0.000757947 0.000565028 0.000874427 0.993806 0.00127205 0.000825462 0.000743931 0.00115516
4 0.0067563 0.00632368 0.00551411 0.964532 0.0026209 0.00511756 0.00378743 0.00534826
4 0.00330226 0.00180845 0.00731549 0.979295 0.0016915 0.002975 0.00137632 0.00223551
4 0.00790998 0.00611094 0.00878212 0.960434 0.00715036 0.00516002 0.00283255 0.00162033
4 0.00463904 0.00380421 0.00565924 0.97058 0.00248785 0.00769064 0.00265505 0.00248407
4 0.0054742 0.00331185 0.00506515 0.962177 0.00280317 0.00416827 0.0126578 0.00434255
4 0.0106368 0.00537141 0.00823107 0.957369 0.00403005 0.00518173 0.00522024 0.00395976
4 0.0029192 0.00480346 0.00322899 0.980165 0.00280364 0.00249782 0.00163663 0.00194532
4 0.00172481 0.00128339 0.00387085 0.986343 0.00247942 0.00165006 0.00102771 0.00162089
4 0.00614138 0.00419128 0.00859378 0.964234 0.00393831 0.00503973 0.0036509 0.00421064
4 0.007989 0.00557587 0.0081647 0.966106 0.00351008 0.00547161 0.00134213 0.00184013
4 0.010926 0.00490854 0.00742188 0.958849 0.00356306 0.00498406 0.00553649 0.00381069
4 0.00205261 0.000884328 0.00167969 0.989782 0.00129006 0.00126908 0.00148532 0.00155653
4 0.00699121 0.00365571 0.00550057 0.97151 0.00256192 0.0043345 0.00279634 0.00264978
4 0.0108929 0.00453324 0.00701268 0.96154 0.00350917 0.00453332 0.00345607 0.00452259
4 0.00507001 0.00360209 0.00577607 0.974072 0.0024699 0.00356892 0.00278322 0.00265801
4 0.00348113 0.00271448 0.003798 0.981407 0.00195439 0.0036881 0.00136855 0.00158831
5 0.00913668 0.0054732 0.00630945 0.0162986 0.942473 0.00597862 0.00558821 0.00874223
5 0.00913129 0.00711851 0.0085098 0.0171962 0.937734 0.0067438 0.00560397 0.00796286
5 0.00779657 0.0056655 0.00652388 0.0157578 0.949664 0.00552917 0.00353126 0.00553163
5 0.000913614 0.000586693 0.00073199 0.000157915 0.994946 0.000897959 0.000774139 0.000991233
5 0.00276842 0.00211887 0.00248388 0.00412339 0.982092 0.00237102 0.00176709 0.00227539
5 0.00763209 0.00664907 0.0073902 0.00280487 0.961071 0.00589244 0.0040698 0.0044909
5 0.00274984 0.00221188 0.00247206 0.00103153 0.985016 0.00238827 0.00192029 0.00221062
5 0.00966993 0.00959997 0.0110572 0.0186726 0.935122 0.00723377 0.00425586 0.0043883
6 0.0103296 0.00514721 0.00647796 0.0091518 0.00297298 0.947378 0.004182 0.0143601
6 0.0101393 0.00701334 0.00847937 0.00871832 0.0032248 0.942842 0.0035986 0.0159839
6 0.00862265 0.010033 0.0108462 0.00580859 0.00332083 0.955389 0.00282333 0.00315671
6 0.00358891 0.00411586 0.005174 0.00481404 0.00235163 0.976752 0.00154316 0.00166051
6 0.00707966 0.00922183 0.0103065 0.00810545 0.00348913 0.956362 0.00281376 0.00262186
6 0.004437 0.00959872 0.0110838 0.00598256 0.00278514 0.959348 0.00251105 0.00425402
6 0.00618315 0.0106418 0.0116227 0.00570946 0.00364154 0.955708 0.00285805 0.00363555
6 0.00335921 0.00641711 0.00735904 0.00651965 0.00260132 0.970015 0.00191652 0.00181263
6 0.00698945 0.0102409 0.0114448 0.00717989 0.00376229 0.953789 0.00293351 0.0036597
6 0.00460867 0.00314395 0.00421415 0.00560272 0.00240979 0.957489 0.00351807 0.0190139
6 0.00485601 0.00336667 0.0042016 0.00386911 0.00204353 0.974827 0.00206 0.00477584
6 0.00199627 0.00208218 0.00295279 0.00282074 0.00169158 0.985872 0.00119918 0.00138526
6 0.00248918 0.00253115 0.00320892 0.00283083 0.00181169 0.984829 0.00126686 0.00103199
6 0.00314573 0.00300681 0.00378891 0.00422655 0.00188025 0.971851 0.00228025 0.00982046
6 0.00492481 0.0103888 0.0116931 0.00562615 0.00349016 0.957281 0.00283264 0.00376292
6 0.00131607 0.0016239 0.00217667 0.00203453 0.00137424 0.989491 0.000989216 0.000994513
6 0.00577895 0.00942816 0.0106462 0.00770217 0.00364206 0.956315 0.00288404 0.00360371
6 0.00837942 0.00763724 0.00998707 0.00851225 0.00344228 0.953191 0.00340555 0.00544473
6 0.00735051 0.00807346 0.010523 0.00793386 0.00348896 0.958043 0.00261308 0.00197384
6 0.00745662 0.00984136 0.0117385 0.00755536 0.00366853 0.952037 0.00314672 0.00455623
6 0.00727605 0.00943891 0.0112104 0.00797073 0.00372191 0.953759 0.0030228 0.00360058
7 0.0194926 0.00797024 0.0104292 0.0232387 0.00424841 0.00967868 0.899906 0.0250364
7 0.00535071 0.00523965 0.00739438 0.0193834 0.0031584 0.00451061 0.952684 0.00227915
7 0.0199443 0.00619228 0.00796174 0.0119651 0.00383999 0.00654891 0.936166 0.00738147
7 0.0181039 0.00994927 0.0135201 0.0216332 0.00990237 0.00975284 0.905255 0.0118834
7 0.0222911 0.00834129 0.0111479 0.0152394 0.0072014 0.00772788 0.921073 0.00697813
7 0.0199915 0.00941971 0.0126877 0.0236038 0.00338007 0.0105064 0.902914 0.0174969
7 0.0197694 0.00384796 0.00504864 0.00930347 0.00309064 0.00514404 0.929957 0.0238388
7 0.0128216 0.00343651 0.00435614 0.0202187 0.00279838 0.00421961 0.938053 0.014096
7 0.0169195 0.00905432 0.0121305 0.0234278 0.00488816 0.00877671 0.903649 0.0211538
7 0.00527645 0.00451961 0.00625072 0.0199024 0.00338868 0.00442195 0.95341 0.00283012
7 0.0159776 0.010613 0.0142831 0.0235301 0.00582855 0.00866682 0.915691 0.00541017
8 0.0173556 0.00471496 0.00565284 0.0151331 0.00427325 0.00824332 0.00720949 0.937417
8 0.0145613 0.00404206 0.00534098 0.0177834 0.00407704 0.0090138 0.0101129 0.935069
1 0.957825 0.00683758 0.0088619 0.00672358 0.00338697 0.00423071 0.00303777 0.00909616
1 0.98801 0.00174257 0.00259175 0.00166355 0.00155469 0.0016143 0.00176893 0.00105444
1 0.972651 0.00486054 0.00687941 0.00362997 0.00319841 0.00379209 0.00298959 0.00199929
1 0.952177 0.00720182 0.00894511 0.00891698 0.00362395 0.00744396 0.00317804 0.00851299
1 0.954666 0.00648764 0.00896411 0.00912945 0.00328472 0.00677713 0.0036568 0.00703383
1 0.973627 0.00364011 0.00508175 0.00538685 0.00255025 0.00372797 0.00289643 0.00309008
1 0.98376 0.00171544 0.00239669 0.00433335 0.00159502 0.00167986 0.00177164 0.00274834
1 0.991818 0.000750254 0.00105933 0.00193966 0.00113089 0.00110711 0.00137306 0.000821865
1 0.977861 0.00302864 0.00419523 0.00383711 0.00282232 0.00336882 0.00274151 0.00214552
1 0.984509 0.00181637 0.00255796 0.00301041 0.00165689 0.00220994 0.00177566 0.00246336
1 0.960077 0.00611082 0.00841132 0.00836798 0.00376447 0.00570124 0.00362167 0.00394582
1 0.968693 0.00502486 0.00750098 0.00436608 0.00326203 0.00382975 0.00314152 0.00418171
1 0.984749 0.00178713 0.00269836 0.00217758 0.0021046 0.0022271 0.00221287 0.00204297
1 0.969087 0.00513177 0.00740887 0.00403283 0.00337489 0.00402365 0.00315982 0.00378153
1 0.966812 0.00544064 0.00775977 0.00524708 0.00329938 0.00449442 0.00315999 0.00378709
1 0.97902 0.00265368 0.00385164 0.00362115 0.00253073 0.00303667 0.00254137 0.00274466
1 0.961447 0.00607587 0.00845969 0.00756095 0.00374546 0.0054145 0.00344501 0.0038519
1 0.989292 0.000776665 0.00116441 0.0010582 0.00200095 0.00149091 0.00230739 0.00190928
2 0.010358 0.96316 0.0090044 0.00410906 0.00334762 0.00348908 0.00277676 0.00375463
3 0.00694786 0.00609529 0.969757 0.00377695 0.0032668 0.00333047 0.00250875 0.00431729
4 0.0108956 0.00542955 0.00803337 0.956825 0.00461643 0.0056425 0.00339761 0.0051597
5 0.0182572 0.00899998 0.0112003 0.0140462 0.925107 0.00698254 0.00903101 0.00637588
6 0.0105027 0.00742584 0.00961358 0.00797494 0.00443796 0.95219 0.00326955 0.00458583
7 0.0221912 0.0130036 0.0170592 0.0134812 0.0162658 0.00960277 0.90042 0.00797586
8 0.0176832 0.00509119 0.00549581 0.0090118 0.00498671 0.00573945 0.00455553 0.947436
1 0.980274 0.00210438 0.00282227 0.00199459 0.00411453 0.00281649 0.0035796 0.00229419
2 0.00540905 0.975195 0.00595482 0.0022471 0.00341022 0.00275557 0.00278931 0.00223926
3 0.00319725 0.00220841 0.981678 0.00199264 0.00322216 0.0025796 0.00245412 0.00266801
4 0.00758239 0.0040944 0.00601689 0.965777 0.00458843 0.00462288 0.00356688 0.00375087
5 0.00966155 0.00492508 0.00619674 0.00575681 0.955577 0.0048655 0.00991319 0.00310432
6 0.0060115 0.00451251 0.00592281 0.00327319 0.00381193 0.970554 0.00282773 0.00308632
7 0.00923126 0.00554387 0.00702317 0.0053631 0.0112864 0.00498444 0.952714 0.00385388
1 0.954288 0.00697899 0.00916064 0.00756243 0.00737888 0.00620741 0.0048167 0.00360655
2 0.00847844 0.964955 0.00830081 0.00458273 0.00418734 0.00380991 0.00305069 0.00263537
3 0.00537617 0.00580449 0.971316 0.00413626 0.00398678 0.00354987 0.00269109 0.00313951
4 0.00977409 0.00620932 0.0087525 0.956272 0.00542876 0.00588914 0.00376003 0.00391421
5 0.016806 0.0116847 0.0137706 0.0118455 0.919584 0.00859979 0.0135338 0.00417528
6 0.0101344 0.00928852 0.0113039 0.00708333 0.00553866 0.94947 0.0036139 0.00356703
7 0.0189443 0.0147564 0.017683 0.013826 0.0212341 0.0102816 0.897558 0.00571679
2 0.00117237 0.982885 0.00254899 0.00380179 0.000662911 0.00164913 0.000600373 0.00667899
2 0.00913589 0.972159 0.00586852 0.0066942 0.000814887 0.00146509 0.000776686 0.00308527
2 0.000879566 0.992798 0.000866408 0.000679984 0.00063047 0.000952931 0.000650756 0.00254226
2 0.00556555 0.983984 0.00409759 0.00169137 0.000863613 0.0010854 0.000878169 0.0018347
2 0.0018765 0.974483 0.00513845 0.00778183 0.000821663 0.00250322 0.00136908 0.00602647
2 0.00720302 0.968759 0.00838615 0.00756302 0.00096652 0.00223995 0.00151924 0.00336327
2 0.0145364 0.960326 0.00754973 0.00470831 0.002597 0.00284687 0.00222631 0.00520913
2 0.0143627 0.969018 0.00595041 0.0027328 0.00217886 0.00175753 0.00197607 0.00202408
2 0.0140011 0.964904 0.00791041 0.0032305 0.00260562 0.00258598 0.00230726 0.00245518
2 0.00260236 0.984925 0.00308095 0.00322999 0.0017018 0.00150561 0.00117613 0.00177779
2 0.00243221 0.986303 0.00297027 0.00225983 0.00182388 0.00135614 0.00147465 0.00137996
2 0.00332509 0.980594 0.00390614 0.00296026 0.00245453 0.00235151 0.0021262 0.00228273
2 0.0130716 0.962598 0.00897334 0.00349199 0.0025081 0.00280858 0.00226963 0.00427891
2 0.0134648 0.968094 0.00758492 0.00252805 0.00220606 0.0018783 0.00203893 0.00220529
2 0.0128389 0.964711 0.00874841 0.00329757 0.00264593 0.00265751 0.00234632 0.00275393
2 0.00249646 0.985195 0.00358485 0.00240949 0.00168408 0.00158604 0.00132745 0.00171658
2 0.00277024 0.983878 0.00436438 0.00224046 0.00192225 0.00157139 0.00164427 0.00160889
2 0.00376224 0.977251 0.00541319 0.00337146 0.00263573 0.00266006 0.00229609 0.00261023
2 0.00408064 0.978871 0.00381855 0.00508805 0.00158895 0.00220878 0.00169164 0.00265285
2 0.00665238 0.97828 0.00459934 0.0029341 0.00186224 0.00187579 0.00179958 0.00199622
2 0.0132601 0.962437 0.00885004 0.00427889 0.00279517 0.00313623 0.00244719 0.00279544
2 0.00856807 0.96325 0.00820293 0.00916006 0.00130906 0.00248796 0.00155181 0.00547048
2 0.00215151 0.984807 0.00595941 0.00313213 0.000824663 0.00110324 0.00071141 0.00131067
2 0.00319114 0.971126 0.00775107 0.00740407 0.00132165 0.00262154 0.00117027 0.00541443
2 0.00449615 0.967756 0.00848923 0.00646233 0.00250521 0.00497492 0.00225603 0.00306016
2 0.00368618 0.962601 0.00802712 0.00884518 0.00493601 0.00288026 0.00283616 0.00618843
2 0.00354688 0.965625 0.00785957 0.0086532 0.00135548 0.00277943 0.004353 0.00582788
2 0.00819564 0.964329 0.00849009 0.00826075 0.000906675 0.0024473 0.0015351 0.00583574
2 0.00846324 0.968474 0.00804156 0.00388063 0.00278504 0.00322365 0.00243972 0.00269199
2 0.00547525 0.964463 0.00851551 0.00781653 0.00469735 0.00285347 0.00177203 0.00440641
2 0.00346975 0.96664 0.00737045 0.00848724 0.00431901 0.00263794 0.00189901 0.00517687
2 0.00518844 0.969644 0.00808186 0.00435632 0.00263669 0.00494005 0.00234587 0.00280642
2 0.00725645 0.976738 0.00577327 0.00284674 0.00130698 0.00178799 0.00144341 0.0028467
2 0.00627474 0.969121 0.00794244 0.00523422 0.00282637 0.00311011 0.00245955 0.00303177
2 0.00270328 0.979795 0.00716943 0.00291141 0.00133996 0.00191565 0.00128489 0.00288005
2 0.00506851 0.969212 0.00817498 0.00556122 0.00259916 0.00422826 0.00231861 0.00283725
2 0.00305987 0.97891 0.00527729 0.00264262 0.00285753 0.00209662 0.00216313 0.00299329
2 0.00302207 0.980281 0.00518557 0.00250183 0.00135753 0.00204597 0.0027099 0.00289639
2 0.00585662 0.974717 0.00772809 0.00480052 0.000975204 0.00175347 0.00147452 0.00269419
2 0.00835712 0.968539 0.00798087 0.00393908 0.00280095 0.00323465 0.00245038 0.00269819
2 0.00576261 0.971027 0.00797245 0.00359952 0.00367368 0.00288983 0.00203333 0.00304187
2 0.00368039 0.971214 0.0080244 0.00667636 0.00318708 0.00241334 0.00192882 0.00287516
2 0.00586697 0.969043 0.00788695 0.00464499 0.00273855 0.00462376 0.00241485 0.00278121
1 0.96938 0.00529865 0.00407385 0.00491681 0.00394544 0.00408665 0.00357981 0.00471887
2 0.00117011 0.99373 0.000920908 0.000393735 0.00116521 0.000756584 0.000941468 0.000921758
3 0.00300974 0.00479006 0.9798 0.00215671 0.0025775 0.00230283 0.00191809 0.00344473
4 0.00693598 0.00637878 0.00571618 0.9654 0.0041264 0.00490307 0.00258764 0.00395218
5 0.00880334 0.0146563 0.00932406 0.00948769 0.939851 0.00559608 0.00687151 0.00541046
6 0.00604102 0.0114661 0.0081491 0.00710574 0.0039958 0.956109 0.00295737 0.00417559
7 0.0137004 0.0202075 0.0164954 0.0113098 0.0136402 0.00813028 0.909415 0.00710175
8 0.00524231 0.0058685 0.00366594 0.00804243 0.00459592 0.0045696 0.00421552 0.9638
1 0.978877 0.0016197 0.00283105 0.00177768 0.00461825 0.0035344 0.00371128 0.0030309
2 0.00511249 0.977819 0.00705384 0.00119327 0.00312387 0.00198534 0.00223899 0.00147333
3 0.004016 0.00100417 0.982401 0.00152825 0.00342251 0.00251085 0.00243303 0.00268403
4 0.00901321 0.00420941 0.00623223 0.963382 0.00501985 0.00511152 0.00347238 0.00355934
5 0.00889951 0.00393232 0.00545135 0.00392017 0.96164 0.00433065 0.00885862 0.00296708
6 0.00555331 0.00426485 0.00552136 0.00272757 0.00369599 0.972519 0.00270491 0.00301252
7 0.0086294 0.00473878 0.00653648 0.00415496 0.0111021 0.00461184 0.956484 0.00374216
1 0.957672 0.00541914 0.00874967 0.00711167 0.00703903 0.00585068 0.00460208 0.00355588
2 0.008233 0.965674 0.00819477 0.00446837 0.00414459 0.00376378 0.00301436 0.00250749
3 0.00483908 0.00243023 0.975776 0.00394571 0.00384126 0.00342153 0.00262516 0.00312064
4 0.00965153 0.00606925 0.0088405 0.956615 0.00538984 0.00580297 0.00373077 0.00390029
5 0.0160962 0.0106828 0.0137368 0.0113269 0.922952 0.00818581 0.0129065 0.004113
6 0.00991068 0.00928437 0.0113264 0.00713637 0.00547267 0.949765 0.0035581 0.00354626
7 0.0185707 0.0146923 0.017963 0.0135044 0.0211078 0.0100154 0.898481 0.00566524
3 0.000994729 0.00376212 0.979576 0.0044646 0.000700995 0.00181273 0.000601669 0.00808761
3 0.00482601 0.00199967 0.982932 0.00483295 0.000692917 0.00114524 0.0006517 0.00291996
3 0.00816095 0.0029011 0.970656 0.00469686 0.00238768 0.00282604 0.00212427 0.00624715
3 0.00055752 0.00344057 0.990466 0.000758467 0.000583567 0.000840423 0.000468845 0.00288489
3 0.00226087 0.00119273 0.991832 0.00101404 0.000708714 0.000731998 0.000585767 0.00167386
3 0.00669865 0.00255982 0.983299 0.00150046 0.00156242 0.00130216 0.000901583 0.00217593
3 0.00135658 0.00518212 0.974514 0.00767078 0.000811337 0.0023208 0.00111653 0.00702828
3 0.0038721 0.00409143 0.979293 0.00629848 0.00079833 0.00163753 0.00112607 0.00288345
3 0.008454 0.00613186 0.965024 0.00601196 0.00207517 0.0031253 0.00221462 0.00696313
3 0.00768768 0.00486773 0.970134 0.00419992 0.00254153 0.00275649 0.00194892 0.00586332
3 0.00714641 0.00251923 0.980106 0.00233131 0.00212403 0.00164708 0.00175521 0.00237045
3 0.00714505 0.00430806 0.975427 0.00289931 0.00256956 0.0025244 0.00208089 0.00304605
3 0.00152716 0.00246903 0.986636 0.00306054 0.00167266 0.00149456 0.0010659 0.00207403
3 0.00119841 0.001252 0.989413 0.00202054 0.00178079 0.0013019 0.00133973 0.00169374
3 0.00190368 0.00207827 0.983585 0.00272066 0.00243674 0.00234494 0.00195126 0.00297907
3 0.00741672 0.00444573 0.974191 0.0027488 0.00236511 0.00245076 0.00172401 0.00465822
3 0.00672494 0.00263996 0.980653 0.00198984 0.00210374 0.00166977 0.00170301 0.00251607
3 0.00748768 0.00500417 0.97386 0.0029885 0.00262142 0.0026017 0.00211822 0.00331854
3 0.00139159 0.00220906 0.988322 0.00201283 0.0015899 0.00143861 0.00107286 0.00196284
3 0.00133701 0.00138026 0.988769 0.001864 0.00184853 0.0014462 0.00142662 0.00192826
3 0.00218297 0.00276737 0.981318 0.00307323 0.00261731 0.00264042 0.00210784 0.00329289
3 0.00312826 0.00397402 0.980939 0.004749 0.00151264 0.00191099 0.00133337 0.00245302
3 0.00343613 0.00288274 0.984287 0.00252488 0.00176181 0.00162849 0.00150276 0.00197618
3 0.00792825 0.00510797 0.972029 0.00372965 0.00272697 0.00294133 0.00219287 0.00334402
3 0.00538687 0.00557672 0.969721 0.00809894 0.00128235 0.00242245 0.0014407 0.00607053
3 0.00369805 0.00520107 0.977405 0.00459368 0.00169509 0.00243199 0.00140358 0.00357143
3 0.000852248 0.00413705 0.984547 0.00603517 0.000554836 0.00113058 0.000400928 0.00234194
3 0.00248426 0.00591931 0.972984 0.00587493 0.00243023 0.00468969 0.00201526 0.00360195
3 0.00276054 0.0058785 0.965704 0.00842102 0.0048634 0.0028386 0.00259179 0.00694188
3 0.00251298 0.00564048 0.969251 0.00807546 0.00131136 0.00273088 0.00392781 0.00655007
3 0.00445475 0.00311138 0.976457 0.006359 0.00077793 0.00193724 0.0012911 0.00561162
3 0.0047629 0.00546583 0.975316 0.00335629 0.00269974 0.00299945 0.00217228 0.00322745
3 0.00345019 0.0059982 0.969562 0.00728581 0.00448266 0.00272364 0.0016175 0.00487976
3 0.00214479 0.00503803 0.970888 0.00764395 0.00416986 0.00255652 0.00170512 0.0058535
3 0.00292272 0.0055958 0.975024 0.00384325 0.0025488 0.00464347 0.00208405 0.00333827
3 0.00431093 0.00520161 0.981338 0.00231831 0.00118947 0.00149736 0.00105315 0.00309123
3 0.00358596 0.00545048 0.974926 0.00462363 0.00273593 0.00290403 0.00218958 0.00358449
3 0.00026307 0.00283704 0.99325 0.00109323 0.000446533 0.000539438 0.000347993 0.00122232
3 0.00284965 0.00564881 0.974594 0.00495953 0.0025205 0.00394243 0.00206709 0.00341817
3 0.0016836 0.00501507 0.981854 0.00231382 0.00259726 0.00174856 0.00154207 0.00324528
3 0.00139118 0.00482067 0.985026 0.00194598 0.00107352 0.00143677 0.00142262 0.00288285
3 0.00596306 0.00681087 0.965238 0.00625297 0.0026565 0.00356452 0.00469489 0.00481919
3 0.00260092 0.00232163 0.986085 0.00350729 0.000801605 0.00122384 0.00102848 0.00243097
3 0.00468622 0.00542809 0.975338 0.00341102 0.00271175 0.00301179 0.00218089 0.00323209
3 0.00309071 0.00537302 0.977935 0.00309043 0.00329227 0.00242349 0.00152115 0.0032738
3 0.00200849 0.00546142 0.976996 0.00609198 0.00287846 0.00201725 0.00142683 0.00311996
3 0.00335923 0.00541768 0.974788 0.00407163 0.00264147 0.00427204 0.00214278 0.00330749
1 0.969125 0.00250383 0.00724976 0.00489759 0.00391761 0.00406245 0.00356168 0.00468256
2 0.00490686 0.975409 0.0071936 0.00241335 0.00264945 0.0024133 0.00214159 0.00287279
3 0.000659752 0.000464881 0.994997 0.000320953 0.00107915 0.000669368 0.000741939 0.00106694
4 0.00666828 0.00346902 0.00855914 0.965923 0.00408429 0.00482187 0.00256315 0.00391113
5 0.00832011 0.00715988 0.0132887 0.00938321 0.944243 0.00552963 0.00672548 0.00535029
6 0.00567435 0.00561114 0.0123049 0.00655935 0.0039152 0.958876 0.00292487 0.00413388
7 0.0126169 0.010497 0.0206154 0.0109402 0.0130378 0.00791279 0.917364 0.00701607
8 0.00540496 0.0038719 0.00540288 0.00824661 0.00459105 0.00456476 0.00421941 0.963698
1 0.980024 0.00152038 0.00205382 0.0016913 0.00454101 0.0034758 0.00367907 0.00301433
2 0.00668754 0.978382 0.00184071 0.00177351 0.00360055 0.0027095 0.00276998 0.00223642
3 0.00276775 0.001167 0.98711 0.00090197 0.00283634 0.00168912 0.00183775 0.0016901
4 0.00889812 0.00394612 0.00614525 0.96397 0.00498978 0.00506068 0.00344957 0.00354073
5 0.0086671 0.00361203 0.0048187 0.00380702 0.963178 0.0042575 0.00871374 0.00294566
6 0.00545975 0.00382753 0.00559089 0.00260976 0.00366101 0.973161 0.00269171 0.00299837
7 0.00841444 0.00449568 0.00589049 0.00406068 0.0109144 0.00453188 0.957966 0.00372631
1 0.959915 0.0059043 0.00660084 0.00688633 0.00688567 0.00572204 0.00454647 0.00353949
2 0.00810636 0.969634 0.00428971 0.00453949 0.00410449 0.00371639 0.00300032 0.00260923
3 0.00520651 0.00572092 0.971911 0.00406164 0.00394949 0.00350347 0.00265671 0.00299024
4 0.00970095 0.00618595 0.00874855 0.956553 0.00539228 0.00580398 0.00372266 0.00389274
5 0.0161668 0.0112585 0.0127901 0.0112716 0.923367 0.00815947 0.0128779 0.00410882
6 0.00995705 0.00916963 0.0114638 0.00712566 0.00547564 0.94971 0.00356056 0.00353794
7 0.0186845 0.0146413 0.0179495 0.0134769 0.021115 0.00999698 0.898472 0.00566431
4 0.00216022 0.0039513 0.00446516 0.974829 0.00114834 0.00225845 0.00104552 0.0101422
4 0.000610021 0.000649356 0.000948898 0.99307 0.00065542 0.000801713 0.00038355 0.00288104
4 0.00634179 0.00651096 0.00841969 0.961236 0.0037794 0.00527348 0.00291793 0.00552085
4 0.00377785 0.00360269 0.00454666 0.976131 0.00298877 0.00339716 0.00189056 0.00366564
4 0.0011692 0.00368517 0.00552467 0.982547 0.00217258 0.00144926 0.000607329 0.00284447
4 0.000456902 0.000608379 0.00116653 0.994045 0.00120779 0.00064145 0.000361621 0.00151188
4 0.0063721 0.00626739 0.00862142 0.961484 0.00467436 0.00520692 0.00321791 0.00415578
4 0.00334763 0.00293736 0.00401545 0.978625 0.00282555 0.00285362 0.00212958 0.00326575
4 0.00145271 0.00453491 0.00584538 0.976645 0.00677689 0.00148811 0.000595834 0.0026616
4 0.0068039 0.00620839 0.00881049 0.960816 0.00411214 0.00548963 0.00317833 0.00458127
4 0.00751187 0.00628646 0.00932179 0.957852 0.00449296 0.00597239 0.0033692 0.00519316
4 0.00682293 0.00635237 0.00913396 0.960309 0.00169092 0.00398073 0.00294713 0.00876269
4 0.00381812 0.00496624 0.00484142 0.970725 0.0020268 0.00389247 0.00174963 0.0079806
4 0.00420923 0.00515867 0.00771776 0.967316 0.00205816 0.00389206 0.00180397 0.00784371
4 0.00475367 0.00491854 0.00679884 0.958054 0.0138261 0.0040095 0.00317552 0.00446368
4 0.00388614 0.00331655 0.00454804 0.965622 0.00320672 0.0117987 0.00268047 0.00494148
4 0.00464898 0.00638844 0.00864795 0.96062 0.00212851 0.00402783 0.00529047 0.00824738
4 0.0103319 0.00293714 0.00508308 0.967217 0.00306732 0.00335042 0.00269749 0.00531541
4 0.00393557 0.0049689 0.00408165 0.972025 0.00339834 0.00406543 0.00290782 0.00461703
4 0.00411435 0.00398861 0.00768566 0.969171 0.0034329 0.00408047 0.00291387 0.00461292
4 0.00374912 0.00620989 0.00833725 0.962916 0.00323756 0.00870696 0.00277998 0.0040629
4 0.00224091 0.00184729 0.00268994 0.985103 0.00114481 0.00175453 0.00137877 0.00384083
4 0.00145106 0.00142458 0.00161345 0.988269 0.00141801 0.00180757 0.000821022 0.00319483
4 0.00147386 0.00122258 0.00208022 0.98819 0.00136067 0.00171854 0.000824446 0.00312925
4 0.00124093 0.00102755 0.00179951 0.989467 0.00202158 0.00144216 0.000945232 0.00205573
4 0.00568886 0.00609518 0.00836568 0.955514 0.0125487 0.00454878 0.00312124 0.00411713
4 0.00374398 0.00356964 0.00484524 0.96758 0.00317297 0.0112114 0.00217416 0.00370241
4 0.00143095 0.00125099 0.00218288 0.988086 0.00131347 0.00160815 0.00112904 0.00299896
4 0.00420976 0.00129388 0.00262219 0.983036 0.0024129 0.00203856 0.00147518 0.00291136
4 0.00406571 0.00512652 0.00435582 0.971522 0.00343102 0.00414115 0.002928 0.00443023
4 0.0043406 0.00418535 0.00784342 0.968621 0.00346603 0.00417399 0.00294191 0.00442743
4 0.00733197 0.00636293 0.00880881 0.960057 0.00421808 0.00561781 0.0032493 0.00435412
4 0.00426963 0.00628247 0.00850232 0.962647 0.00333628 0.00806476 0.00284123 0.00405594
1 0.968917 0.00200436 0.00320279 0.00974795 0.00401708 0.00395241 0.00351707 0.00464137
2 0.00495502 0.973489 0.00605919 0.00546279 0.00267294 0.00233987 0.00213997 0.00288148
3 0.00310783 0.00417128 0.977541 0.0050401 0.00258459 0.00221895 0.00191253 0.00342396
4 0.00351707 0.0013355 0.00217481 0.984161 0.00267672 0.00261063 0.00147509 0.00204957
5 0.00903745 0.00657458 0.00801093 0.0176202 0.941041 0.00551254 0.00677559 0.00542758
6 0.00538837 0.00524409 0.00645211 0.00729609 0.00386482 0.964737 0.0028786 0.00413859
7 0.0147649 0.0105771 0.0142345 0.02089 0.0147582 0.00830103 0.909363 0.00711132
8 0.00517104 0.00339911 0.00313053 0.0161697 0.00452898 0.00432413 0.00413198 0.959145
1 0.97701 0.00196785 0.0029075 0.00255205 0.00495734 0.00380737 0.00375959 0.00303801
2 0.00709622 0.97454 0.0055345 0.00142358 0.00366438 0.00274114 0.00275795 0.00224243
3 0.00418533 0.00167238 0.98199 0.0011623 0.00343088 0.00248904 0.00240051 0.00266996
4 0.00861759 0.00345312 0.00495874 0.967479 0.00485455 0.00476357 0.00303987 0.00283382
5 0.00914209 0.00371505 0.0049402 0.00418173 0.961755 0.00451072 0.00878567 0.00296991
6 0.0054549 0.00352048 0.00467769 0.00283473 0.00364723 0.974201 0.00266417 0.00300024
7 0.00878217 0.00473663 0.00624324 0.00427255 0.0111751 0.00480551 0.956245 0.00373961
1 0.960404 0.00598515 0.00826498 0.00450072 0.00695253 0.00585697 0.00449598 0.0035398
2 0.00818009 0.967553 0.00811804 0.00286463 0.00406968 0.00367748 0.00293877 0.00259842
3 0.00513392 0.0056095 0.973584 0.00265039 0.00389034 0.00343166 0.00259055 0.00310957
4 0.00959309 0.0062353 0.00882565 0.956435 0.00539902 0.00585903 0.00374814 0.00390457
5 0.0161953 0.0112528 0.0133532 0.00928302 0.924741 0.0083347 0.012731 0.00410867
6 0.0095771 0.00864746 0.0106033 0.00504702 0.0053396 0.953791 0.00347237 0.0035222
7 0.0187935 0.014745 0.0178025 0.0130082 0.0212784 0.0102875 0.898412 0.00567312
5 0.00850862 0.0111652 0.0123189 0.0187452 0.927206 0.00652804 0.00384193 0.0116857
5 0.00189764 0.00217755 0.00251091 0.00346246 0.985669 0.00180368 0.00139061 0.00108815
5 0.00907445 0.0106214 0.0123498 0.0119854 0.934567 0.00681824 0.00816011 0.00642345
5 0.00217206 0.00230995 0.00270745 0.00244296 0.983547 0.00185746 0.00168093 0.00328222
5 0.00880106 0.00944861 0.0113849 0.0189617 0.933535 0.00702926 0.00522761 0.00561213
5 0.00261586 0.0026601 0.00310672 0.00364968 0.982503 0.00231001 0.0015966 0.00155785
5 0.000464913 0.000363026 0.000461302 0.000535143 0.996543 0.000556713 0.000513187 0.000562514
5 0.00330071 0.0030799 0.00367133 0.00647764 0.976374 0.00284207 0.00197175 0.00228289
5 0.00967666 0.0113862 0.0129082 0.0152719 0.936611 0.00714109 0.0040409 0.0029637
5 0.0107842 0.0121916 0.0138089 0.0166837 0.930298 0.00776688 0.00431605 0.00415034
5 0.00345338 0.00351465 0.00409313 0.00469478 0.977245 0.00288042 0.00205346 0.00206484
5 0.0110536 0.0119162 0.013524 0.0172959 0.929487 0.00795961 0.00436376 0.00439991
1 0.952771 0.0061221 0.00948537 0.00770316 0.00836383 0.00546618 0.00443211 0.00565666
2 0.00846447 0.962772 0.00854047 0.00510148 0.00457537 0.00385204 0.00286542 0.00382826
3 0.00575987 0.0061519 0.968378 0.00468309 0.0044078 0.0036624 0.00258908 0.00436764
4 0.00942922 0.00645324 0.00931063 0.953818 0.00607202 0.00615781 0.00350335 0.00525578
5 0.00256572 0.00144076 0.00189489 0.00183555 0.985521 0.00159032 0.00327322 0.00187815
6 0.00882878 0.00844857 0.0108241 0.00922284 0.00610281 0.948504 0.00338179 0.0046867
7 0.0167865 0.0132806 0.0171421 0.0129328 0.023354 0.00981223 0.898556 0.0081359
8 0.0110779 0.00931073 0.00986155 0.0136871 0.0147355 0.00743514 0.00479206 0.9291
1 0.971677 0.00336323 0.00470734 0.00330967 0.00541341 0.00417009 0.00418725 0.00317161
2 0.00674399 0.973719 0.00583854 0.00250123 0.0032548 0.00287905 0.00283306 0.00223057
3 0.00397048 0.0023061 0.980782 0.00215559 0.00300178 0.00264869 0.00249118 0.00264413
4 0.007877 0.00438363 0.00637143 0.964842 0.00440656 0.00477041 0.00359351 0.00375499
5 0.00646706 0.00315967 0.00406017 0.00337789 0.969042 0.00331318 0.00834233 0.00223733
6 0.00596388 0.00477414 0.00624386 0.00355988 0.00395644 0.969537 0.00286588 0.00309865
7 0.00870272 0.00539147 0.00679456 0.00517264 0.0106434 0.00495836 0.954474 0.00386265
1 0.953865 0.00696853 0.00919627 0.00766251 0.00757012 0.00628066 0.00484341 0.00361345
2 0.00836778 0.964948 0.00827349 0.00463954 0.00424463 0.0038357 0.0030543 0.00263644
3 0.00531335 0.00581318 0.971238 0.00418122 0.00404238 0.00357211 0.00269535 0.00314436
4 0.00970164 0.00624319 0.00880018 0.956149 0.00549528 0.00592244 0.0037669 0.00392126
5 0.0166379 0.0117653 0.0138998 0.0120026 0.919231 0.00869807 0.0135857 0.00418008
6 0.0100525 0.00931074 0.0113469 0.00713741 0.00561781 0.949332 0.0036261 0.00357685
7 0.0188451 0.014865 0.0178405 0.0139838 0.021138 0.0103935 0.897194 0.00573998
6 0.00956374 0.0100609 0.0117285 0.00668322 0.00368305 0.947588 0.00277814 0.00791449
6 0.00779419 0.00986239 0.0114787 0.00497916 0.00346638 0.957648 0.00268732 0.00208415
6 0.0033533 0.00697798 0.00801323 0.0033484 0.00258542 0.971285 0.00206867 0.00236753
6 0.00425562 0.0101015 0.0115607 0.00461511 0.0033196 0.960832 0.00261175 0.00270372
6 0.00630748 0.0102773 0.0118841 0.00581315 0.00371176 0.955477 0.0028884 0.00364089
