labels 1 2 3 4 5 6 7
1 0.915074 0.0313854 0.0157247 0.00543516 0.00420582 0.00818909 0.019986
1 0.906698 0.0371673 0.0166309 0.00532369 0.00404623 0.00750797 0.0226257
1 0.863556 0.0279763 0.0238164 0.0214705 0.0088017 0.0262446 0.0281349
1 0.896744 0.0420836 0.013974 0.0104594 0.00634513 0.0195442 0.0108495
1 0.914529 0.0300215 0.0127296 0.00910457 0.00594225 0.0171599 0.0105135
1 0.898981 0.0321304 0.0167126 0.0118824 0.00731575 0.0204112 0.0125668
1 0.909967 0.0321308 0.0120923 0.00913918 0.00584404 0.0201265 0.0107
1 0.900166 0.029354 0.0160984 0.0118745 0.00724618 0.0224232 0.0128376
1 0.913503 0.0248729 0.0151736 0.0123701 0.00712635 0.0159513 0.0110031
1 0.892495 0.0292311 0.0196808 0.0163 0.00871653 0.0205298 0.0130462
1 0.909467 0.0292098 0.0145201 0.0121856 0.00698853 0.0166864 0.0109425
1 0.889126 0.034562 0.0159408 0.0139733 0.0074248 0.0268886 0.0120842
1 0.933198 0.0254666 0.0112676 0.00471178 0.00359047 0.00756067 0.0142053
1 0.400703 0.103674 0.0889339 0.210967 0.0269274 0.0983215 0.0704732
1 0.910596 0.0183218 0.0181592 0.0134673 0.00580885 0.0154472 0.0181995
1 0.876726 0.0259621 0.024139 0.019549 0.00670966 0.0213496 0.025565
1 0.887349 0.0347879 0.0264737 0.013014 0.00625662 0.0149737 0.017145
1 0.600155 0.0761514 0.0652143 0.131635 0.0195919 0.0634192 0.0438335
1 0.929323 0.0142739 0.0149506 0.01042 0.00496329 0.0118947 0.0141743
1 0.902349 0.0206767 0.0202496 0.0153575 0.00580453 0.0160914 0.0194713
1 0.898989 0.0309691 0.0262146 0.0107383 0.00570124 0.012854 0.0145339
1 0.739956 0.0483582 0.043422 0.0781174 0.0155322 0.0455483 0.0290655
1 0.926849 0.013795 0.0140322 0.0114521 0.0058272 0.0134371 0.0146079
1 0.900875 0.0205886 0.0192171 0.0164098 0.00675548 0.0172035 0.0189503
1 0.885948 0.0348891 0.0285609 0.0128568 0.00680845 0.0152882 0.0156488
2 0.0663267 0.803539 0.036745 0.0368561 0.0101698 0.0267621 0.0196012
2 0.0979087 0.796559 0.0317191 0.0315335 0.00748519 0.0196039 0.0151905
2 0.037268 0.90435 0.0278127 0.0116203 0.00356514 0.00781184 0.00757161
2 0.00371297 0.970878 0.0130948 0.00398539 0.00200281 0.00347123 0.0028551
2 0.00305398 0.977456 0.0105425 0.00289049 0.00146114 0.00241318 0.00218219
2 0.00177107 0.98456 0.00854009 0.00157496 0.000857354 0.00133775 0.00135841
2 0.179215 0.719378 0.0301105 0.0316885 0.00701566 0.0186252 0.013967
2 0.0511749 0.88609 0.0329107 0.0111537 0.00353229 0.00750525 0.00763348
2 0.00417908 0.975174 0.011168 0.00294206 0.00158884 0.00252452 0.0024236
2 0.00245557 0.979518 0.0116234 0.00187535 0.00106817 0.00164657 0.00181311
2 0.320531 0.568735 0.0307277 0.0340727 0.00838634 0.0221766 0.0153713
2 0.00517556 0.960951 0.0211319 0.00379579 0.00202532 0.00341672 0.00350399
2 0.0422679 0.849181 0.0431326 0.024957 0.00746009 0.0181159 0.0148852
2 0.0524559 0.859133 0.0399521 0.0189614 0.00540982 0.0125277 0.0115604
3 0.0144697 0.344495 0.609087 0.00871297 0.0034004 0.00775052 0.0120849
2 0.0274055 0.841452 0.0544686 0.0302374 0.00410491 0.0332077 0.0091243
2 0.00185666 0.979713 0.00878099 0.0021005 0.00102834 0.00507832 0.00144234
2 0.00625853 0.948337 0.0165231 0.00642844 0.0126366 0.00508929 0.00472737
2 0.00610495 0.940429 0.0149951 0.00454854 0.00195935 0.00406197 0.0279008
2 0.00768653 0.948292 0.0284291 0.00477643 0.00195546 0.00379645 0.00506356
2 0.0791276 0.873535 0.0246795 0.00529345 0.00338585 0.00525244 0.00872614
2 0.00142191 0.985522 0.0083492 0.000998598 0.000950772 0.00108494 0.00167298
2 0.0907606 0.855999 0.029881 0.00575508 0.00343965 0.00539279 0.00877191
2 0.00187488 0.980366 0.0115003 0.00138261 0.00119581 0.00143798 0.00224245
2 0.133983 0.789232 0.04277 0.00935722 0.00488527 0.00851887 0.0112536
2 0.00442898 0.961418 0.021239 0.00325033 0.00224141 0.00321213 0.00421022
3 0.0283432 0.363641 0.57763 0.0060185 0.00363193 0.0061127 0.0146228
2 0.0039825 0.966951 0.0199087 0.00206035 0.001479 0.00195387 0.00366464
2 0.0683143 0.827993 0.0476066 0.0244268 0.0114901 0.00799221 0.0121765
2 0.0726295 0.813615 0.0501933 0.0278228 0.0116593 0.00915877 0.0149212
2 0.38104 0.532798 0.0252272 0.0153609 0.008228 0.0254162 0.0119298
2 0.0205837 0.908951 0.027578 0.0130234 0.0077357 0.0128965 0.0092322
3 0.0229607 0.0506139 0.875091 0.0176512 0.00515971 0.0125968 0.015927
3 0.000700668 0.00371562 0.988165 0.00165356 0.0010105 0.001653 0.00310119
3 0.0594281 0.064582 0.777333 0.0364353 0.00956461 0.0252188 0.0274381
3 0.0262073 0.048168 0.876252 0.0152507 0.00530491 0.0122765 0.0165405
3 0.00111817 0.00377528 0.98443 0.00223966 0.00144663 0.00246476 0.0045253
3 0.127668 0.0883035 0.663389 0.0435857 0.0131021 0.0331667 0.030785
3 0.0509284 0.05612 0.824567 0.0210187 0.00776522 0.018851 0.02075
3 0.00243072 0.00569437 0.977157 0.0043724 0.00191923 0.00392096 0.00450536
3 0.00627575 0.0134073 0.946671 0.00940843 0.00417168 0.00945942 0.010606
3 0.00406531 0.00666409 0.965387 0.00577892 0.00314966 0.00645998 0.00849548
3 0.0343543 0.0423913 0.837204 0.0323326 0.00782271 0.0232395 0.0226555
3 0.0404541 0.0490369 0.809514 0.0385147 0.00902002 0.0261331 0.0273275
3 0.0234902 0.0413997 0.894706 0.0123799 0.00429842 0.010061 0.0136649
3 0.0960749 0.0436642 0.792186 0.0169086 0.00785723 0.0166552 0.0266538
3 0.0022209 0.00571901 0.980932 0.00242064 0.00130178 0.0023653 0.00504046
3 0.0243774 0.0654041 0.789223 0.0461341 0.00563424 0.0535022 0.0157254
3 0.00519388 0.0550906 0.882925 0.0057555 0.00262069 0.0418752 0.00653903
3 0.015396 0.0216256 0.863329 0.0131469 0.00452152 0.0112734 0.0707076
3 0.00285003 0.00527535 0.976597 0.00320126 0.00183193 0.0033659 0.0068782
1 0.47783 0.271111 0.106058 0.0450183 0.0179389 0.0560856 0.0259577
3 0.0416027 0.100634 0.73892 0.0615894 0.016657 0.0186321 0.0219648
3 0.0553032 0.139454 0.618849 0.044049 0.0124961 0.103237 0.0266113
3 0.0466289 0.0530896 0.853493 0.0110544 0.00567277 0.0101959 0.0198653
3 0.000728482 0.0044611 0.986269 0.00135592 0.0012547 0.00156257 0.00436831
3 0.0464684 0.0510611 0.854638 0.0110814 0.00589365 0.0104984 0.020359
3 0.0815443 0.0580326 0.794957 0.016853 0.00827226 0.016324 0.0240165
3 0.00307868 0.00784158 0.963266 0.00548627 0.0036351 0.00614635 0.0105464
3 0.00282167 0.00590111 0.97436 0.00284576 0.00219113 0.00306973 0.00881099
1 0.5058 0.237706 0.101325 0.0493702 0.0195503 0.0581524 0.0280968
3 0.0711244 0.0680603 0.776945 0.0358068 0.0141407 0.0125248 0.0213978
3 0.0861262 0.0957468 0.709216 0.0486524 0.0168154 0.0161929 0.0272503
3 0.00621633 0.017014 0.920109 0.0311189 0.0102738 0.0080725 0.00719498
3 0.00271959 0.00573231 0.969134 0.0100724 0.00486874 0.00390371 0.00356964
3 0.00220315 0.0059415 0.975979 0.00646293 0.00323162 0.0029708 0.00321081
4 0.0495137 0.0309727 0.0288326 0.811904 0.00849957 0.0434133 0.0268644
4 0.0504203 0.0293197 0.027137 0.766149 0.0570068 0.0402922 0.0296746
4 0.00376438 0.00322725 0.00216185 0.979068 0.00549417 0.00442648 0.00185835
4 0.039373 0.0286029 0.0306353 0.530281 0.0104276 0.0358982 0.324782
4 0.0158338 0.0127356 0.0110923 0.853499 0.00419965 0.0185459 0.0840936
4 0.0104476 0.0100169 0.00858609 0.922031 0.00408908 0.0120218 0.0328073
4 0.00433372 0.00447071 0.00305515 0.972044 0.00220854 0.0062498 0.0076377
4 0.0124813 0.0104762 0.0100059 0.861597 0.0237798 0.0133134 0.068346
4 0.00272443 0.00277616 0.00211565 0.977184 0.00727763 0.00336365 0.0045586
4 0.00563911 0.0054767 0.00463863 0.951546 0.0145679 0.00612602 0.0120058
4 0.0494388 0.0318646 0.0283401 0.769559 0.0461923 0.0431134 0.0314912
4 0.0497472 0.0323804 0.0228614 0.812974 0.00797185 0.0431519 0.0309128
4 0.00976345 0.0074303 0.00461465 0.960354 0.00226637 0.0115289 0.00404183
4 0.00508338 0.0045257 0.00384954 0.949242 0.0102597 0.00635782 0.020682
2 0.0516473 0.546104 0.0345903 0.303883 0.0101845 0.0295661 0.0240247
4 0.00987229 0.00764923 0.00580937 0.920065 0.0462398 0.00661203 0.00375208
4 0.0143214 0.0160668 0.0131379 0.561887 0.00516153 0.0178223 0.371603
4 0.262637 0.0599875 0.0491982 0.381094 0.0471977 0.0384208 0.161465
4 0.00600458 0.05767 0.00541669 0.903184 0.0100092 0.00520886 0.0125064
4 0.00621958 0.00806194 0.0443432 0.902132 0.0154785 0.00713397 0.016631
4 0.00601156 0.00933598 0.149438 0.801769 0.0119374 0.00740161 0.0141069
4 0.00696532 0.00834191 0.00577049 0.957094 0.00511388 0.00773017 0.00898449
4 0.289405 0.0732351 0.0626906 0.290928 0.031935 0.0507706 0.201036
4 0.0055989 0.00451752 0.00315589 0.973768 0.0058946 0.00487572 0.00218925
4 0.00858427 0.00460816 0.00273111 0.96892 0.00630821 0.00638579 0.00246288
4 0.00515492 0.00470387 0.00312362 0.972351 0.00645843 0.00575733 0.00245132
4 0.00686127 0.00725546 0.00467188 0.95542 0.00301193 0.0119224 0.0108574
5 0.0584239 0.0215881 0.02017 0.0610942 0.79097 0.0261442 0.0216092
5 0.024009 0.0111232 0.00897508 0.00840869 0.92461 0.0115924 0.0112816
5 0.0459583 0.0203395 0.0193464 0.426874 0.451621 0.0227179 0.0131427
5 0.0159163 0.00531703 0.00521386 0.00629373 0.95579 0.0063973 0.00507222
5 0.00828476 0.003617 0.00321903 0.00118939 0.976192 0.0039213 0.00357691
5 0.0114191 0.00481007 0.00434881 0.00157868 0.969601 0.00486999 0.00337196
5 0.00869829 0.00478866 0.00381238 0.000962169 0.97431 0.00425642 0.00317219
6 0.0685872 0.02534 0.0219674 0.0545942 0.0110401 0.787237 0.0312338
6 0.062548 0.0225606 0.0166394 0.0388211 0.00822657 0.823633 0.0275712
6 0.0918738 0.0286014 0.0153694 0.0277495 0.00842153 0.804731 0.0232531
6 0.0207703 0.00820092 0.00505691 0.00823212 0.00349205 0.945658 0.00858991
6 0.0420584 0.0212551 0.0148289 0.0312908 0.00775034 0.858728 0.0240887
6 0.00807793 0.00461128 0.00348976 0.00635267 0.00249375 0.968351 0.0066238
6 0.0438782 0.0253737 0.0141591 0.0209883 0.007898 0.871829 0.0158738
6 0.0866984 0.0437575 0.0210559 0.0324485 0.0108926 0.7819 0.0232472
6 0.0596064 0.0196787 0.0147306 0.0332016 0.0076953 0.840455 0.0246323
6 0.00819738 0.00387469 0.00330931 0.00657018 0.00217128 0.970125 0.00575232
6 0.00924077 0.00362465 0.00287918 0.00541153 0.00211954 0.971096 0.0056284
6 0.0358875 0.0213077 0.0172751 0.0405222 0.00832522 0.849349 0.027333
6 0.0142716 0.0094751 0.00666566 0.0111015 0.00425452 0.944369 0.00986205
6 0.00568692 0.00352523 0.00293178 0.00569744 0.00205308 0.974616 0.00548935
6 0.0562025 0.0252575 0.0213083 0.0517098 0.009661 0.804337 0.0315243
6 0.0427473 0.025637 0.0165845 0.0305672 0.00871046 0.853183 0.0225703
6 0.0699068 0.0317583 0.0250705 0.0557679 0.0109832 0.77543 0.0310834
6 0.0454426 0.0333143 0.0233648 0.0473407 0.0105541 0.812305 0.0276786
6 0.013604 0.0103941 0.00755986 0.0133673 0.00437464 0.940786 0.00991443
6 0.015074 0.00724603 0.00576983 0.0107452 0.00338127 0.949779 0.00800456
7 0.0716171 0.0410002 0.0466687 0.0703235 0.0175683 0.0519843 0.700838
7 0.0062363 0.00718623 0.0112412 0.0116244 0.00459827 0.0103851 0.948729
7 0.0735714 0.0456035 0.0467256 0.0667946 0.104285 0.0497133 0.613307
7 0.0966487 0.0436711 0.0442529 0.0308629 0.0776027 0.038331 0.668631
7 0.0709183 0.0422278 0.047257 0.0688788 0.0154899 0.0512363 0.703992
7 0.0947341 0.0390656 0.0428944 0.024557 0.0159716 0.0384812 0.744296
7 0.0957749 0.0341724 0.0378377 0.0464754 0.0154649 0.0344193 0.735856
7 0.133719 0.0551764 0.0510286 0.062543 0.018612 0.0481594 0.630761
7 0.00688037 0.00795085 0.0124809 0.0105759 0.00536193 0.0100103 0.94674
7 0.0147086 0.014081 0.0175445 0.0177787 0.0215259 0.0144182 0.899943
1 0.798952 0.064888 0.0520724 0.0285837 0.0129933 0.0239556 0.0185554
1 0.878408 0.0393127 0.0316869 0.0145875 0.00824719 0.0153826 0.0123753
1 0.940973 0.0247764 0.00989475 0.00254684 0.00377179 0.00607804 0.011959
1 0.954896 0.0203774 0.00609421 0.00146598 0.00242626 0.00347516 0.0112654
1 0.941955 0.0228529 0.0154215 0.00262153 0.00350698 0.00489941 0.00874254
1 0.958831 0.0141291 0.00781832 0.00253636 0.00326784 0.00523954 0.00817744
1 0.961829 0.0147638 0.00617793 0.00159547 0.00299471 0.00383064 0.0088084
1 0.939146 0.0298494 0.00750964 0.00209842 0.00289924 0.00438368 0.0141133
1 0.905798 0.0419358 0.0289666 0.00327214 0.00428359 0.00614664 0.00959713
1 0.92566 0.031242 0.0229963 0.00275542 0.00359325 0.00545299 0.00829966
1 0.95508 0.0222047 0.00680255 0.00121728 0.00230819 0.0029149 0.0094724
1 0.937153 0.0212402 0.0149343 0.00337383 0.00515564 0.00664231 0.0115006
2 0.0610868 0.899099 0.0168553 0.00601305 0.00504077 0.00580161 0.00610326
3 0.0911476 0.192615 0.610892 0.0299733 0.019777 0.0266258 0.0289695
7 0.108679 0.0701572 0.0622014 0.0311224 0.124685 0.0320941 0.57106
6 0.0521019 0.0197717 0.0168774 0.0151435 0.00962457 0.868342 0.0181392
7 0.0831959 0.051248 0.0560511 0.0307297 0.0906521 0.0331935 0.654929
1 0.750104 0.0595063 0.0544315 0.0236986 0.0204442 0.0367567 0.0550587
2 0.126045 0.497863 0.193803 0.0447811 0.0289259 0.0504194 0.0581633
3 0.0782531 0.0527321 0.709571 0.0337496 0.0232513 0.045307 0.0571355
4 0.0690562 0.0517853 0.0549619 0.706367 0.023858 0.0410358 0.0529355
5 0.107142 0.0516584 0.0531435 0.0845038 0.575867 0.0464823 0.081203
2 0.0229168 0.84631 0.0924565 0.0163199 0.00784102 0.00884083 0.0053154
2 0.0999896 0.698882 0.143811 0.0247035 0.0118948 0.0124751 0.00824383
2 0.00855491 0.883396 0.0932457 0.00555945 0.00242238 0.00340165 0.00341971
2 0.0359751 0.798937 0.143962 0.00827822 0.00349956 0.00482269 0.00452588
2 0.0110728 0.901671 0.0596218 0.0134949 0.00393699 0.0057248 0.00447801
2 0.0437735 0.834379 0.0876054 0.0160418 0.00517057 0.0073673 0.00566269
2 0.0902157 0.711081 0.133688 0.0177188 0.0135842 0.0173275 0.0163845
2 0.0855855 0.77312 0.0970283 0.0115737 0.00917734 0.0116148 0.0119005
2 0.00810932 0.948505 0.0320372 0.00192127 0.00347987 0.0027824 0.00316478
2 0.00837599 0.954086 0.027346 0.00179716 0.00292826 0.00247953 0.00298719
2 0.00949744 0.953805 0.0234885 0.00267406 0.00337553 0.00341704 0.00374252
2 0.0718456 0.822921 0.0751443 0.00778042 0.0056976 0.00846994 0.00814152
2 0.00392312 0.9708 0.01884 0.00106774 0.00197616 0.00156718 0.00182535
2 0.00512417 0.966047 0.0221792 0.00116729 0.0018462 0.00164527 0.00199095
2 0.00879943 0.953911 0.0268965 0.00213023 0.00247722 0.0027814 0.00300462
2 0.00718358 0.951832 0.0321039 0.00161561 0.00231372 0.00200587 0.00294542
2 0.00892852 0.948546 0.0335658 0.00167349 0.00217911 0.00201924 0.00308773
2 0.0122747 0.939715 0.0348685 0.00280299 0.00288995 0.0031938 0.00425479
2 0.0311519 0.814278 0.135047 0.00706811 0.00348802 0.00468981 0.00427691
2 0.0233998 0.834225 0.0964126 0.0214374 0.0085698 0.0100841 0.00587128
2 0.0327672 0.792329 0.100695 0.0289143 0.00971723 0.0265199 0.00905792
2 0.0255921 0.847406 0.0862418 0.0143197 0.00850604 0.00933385 0.00860067
2 0.0737632 0.742376 0.127351 0.0269009 0.00945755 0.0120731 0.00807832
2 0.0505386 0.551674 0.164792 0.0488125 0.144689 0.0239745 0.0155195
2 0.0449299 0.570393 0.151971 0.062849 0.127216 0.0254298 0.0172112
2 0.0432939 0.763718 0.122493 0.0272236 0.0114934 0.0204545 0.0113239
2 0.00912494 0.83857 0.135985 0.00503168 0.00213625 0.0044042 0.0047479
2 0.00992354 0.881008 0.0879984 0.00513916 0.00735901 0.00384891 0.00472307
2 0.0104705 0.865472 0.105926 0.00541034 0.00296141 0.00403401 0.00572572
2 0.0281294 0.822352 0.127506 0.0095166 0.00303751 0.00476488 0.00469313
2 0.0796801 0.757194 0.0759652 0.031275 0.0125561 0.0276561 0.0156735
2 0.0180536 0.764058 0.141468 0.0162914 0.0448522 0.0085602 0.00671602
2 0.0146972 0.795109 0.114281 0.0197316 0.0415629 0.00804709 0.00657068
2 0.0274796 0.821529 0.108202 0.0163826 0.00653364 0.0108964 0.00897614
1 0.725291 0.148007 0.0746298 0.0137426 0.0167621 0.0129112 0.0086562
2 0.027383 0.818513 0.120815 0.0113902 0.00980606 0.00674302 0.00534939
2 0.0974978 0.390873 0.126641 0.0662214 0.0432458 0.256691 0.0188302
2 0.105525 0.538322 0.0965633 0.0280926 0.169731 0.0233859 0.03838
2 0.0729893 0.6559 0.199392 0.018061 0.0268263 0.015937 0.010894
4 0.0399009 0.0393907 0.0217457 0.836572 0.0320085 0.0154906 0.0148918
6 0.168292 0.237894 0.099642 0.0371978 0.0703496 0.36285 0.0237747
5 0.193133 0.252633 0.0853043 0.0384335 0.316068 0.03957 0.0748593
1 0.873406 0.0267689 0.0206163 0.011162 0.0283298 0.0224118 0.0173056
2 0.128463 0.474741 0.279014 0.0249959 0.0440067 0.0287338 0.0200455
6 0.213046 0.174284 0.080794 0.0418075 0.0878715 0.368891 0.0333064
5 0.221468 0.176448 0.07753 0.0457951 0.309538 0.0525183 0.116703
3 0.0426266 0.0464637 0.778182 0.0518682 0.0115346 0.0376678 0.0316572
3 0.0457946 0.067304 0.791571 0.0509414 0.0108342 0.0211366 0.0124175
3 0.00774248 0.105613 0.842674 0.0203213 0.00353662 0.0118991 0.00821296
3 0.0175833 0.0623592 0.876134 0.0185248 0.00371453 0.0126588 0.00902562
3 0.0116372 0.0419051 0.907658 0.0113312 0.00608655 0.0126343 0.00874739
3 0.00944856 0.148706 0.765167 0.0468982 0.00497774 0.0151051 0.00969814
3 0.0186354 0.043415 0.878701 0.017671 0.00829684 0.0182152 0.0150659
3 0.0361862 0.0998793 0.800141 0.0143046 0.0111955 0.0190064 0.0192871
3 0.0844435 0.152737 0.669845 0.0234853 0.0159941 0.0279089 0.0255861
3 0.0021636 0.0173675 0.961714 0.00324579 0.00406732 0.00515653 0.00628515
3 0.00357953 0.0180583 0.954895 0.00429945 0.00415833 0.00645628 0.00855355
3 0.0123383 0.036111 0.908947 0.00946247 0.00658505 0.0126942 0.0138622
3 0.0119481 0.146635 0.797314 0.00977963 0.00861641 0.014365 0.0113419
3 0.0526667 0.123699 0.750154 0.0186799 0.0115065 0.0234114 0.0198831
3 0.00201821 0.0180002 0.961139 0.00355029 0.00326439 0.00556469 0.00646278
3 0.00232055 0.0254511 0.956296 0.00291552 0.00294901 0.0045782 0.00548947
3 0.00362387 0.0235589 0.95214 0.00390757 0.00327008 0.00586841 0.00763156
3 0.0835843 0.136437 0.651447 0.0740777 0.0145154 0.0259617 0.0139774
3 0.0291413 0.138928 0.611234 0.0930552 0.0780339 0.0305411 0.0190664
3 0.0219997 0.116117 0.731611 0.0728096 0.0136894 0.0250813 0.0186924
2 0.0898304 0.650504 0.126969 0.0488039 0.0164498 0.0477423 0.0197
3 0.0279438 0.089418 0.647939 0.101661 0.0907345 0.0284026 0.0139013
3 0.0198633 0.081533 0.687323 0.0997971 0.0733136 0.0246335 0.0135363
3 0.0316899 0.143515 0.714032 0.0523585 0.0125505 0.0295513 0.016303
3 0.0346931 0.139672 0.771755 0.025679 0.00477901 0.0140482 0.00937349
3 0.00993741 0.161798 0.781815 0.0180408 0.00357569 0.0155078 0.00932544
3 0.00526031 0.114696 0.839992 0.0215747 0.00280589 0.00895037 0.00672104
3 0.0106348 0.1363 0.779357 0.0289106 0.0186443 0.0144272 0.0117262
3 0.012273 0.0686082 0.874255 0.0209093 0.0029828 0.011889 0.00908245
2 0.0929429 0.622463 0.143779 0.0526028 0.0170974 0.0495281 0.0215861
3 0.0230727 0.148483 0.752641 0.033733 0.00728132 0.0203749 0.0144145
1 0.630672 0.0668311 0.207236 0.0420827 0.0196589 0.0235286 0.00999114
3 0.0151734 0.426362 0.504447 0.0228487 0.00853032 0.0144483 0.00818971
3 0.0111973 0.104105 0.835798 0.0211002 0.00733615 0.0123865 0.00807713
4 0.00664033 0.00599717 0.00787235 0.959706 0.00678365 0.00590078 0.00710021
6 0.0549241 0.0798332 0.132498 0.106011 0.0340615 0.573194 0.0194788
3 0.0821843 0.174694 0.281063 0.110132 0.23162 0.0532657 0.0670412
1 0.841503 0.0222226 0.0654739 0.018519 0.021203 0.0204591 0.0106191
2 0.0369084 0.489003 0.400522 0.0217811 0.0186566 0.0208663 0.0122629
5 0.0388824 0.0131473 0.03011 0.0136804 0.87668 0.0167358 0.0107643
6 0.091471 0.0651619 0.092504 0.0386771 0.0496212 0.637903 0.0246622
5 0.132385 0.124329 0.161613 0.0683777 0.335927 0.0585038 0.118865
1 0.845682 0.0197567 0.0413857 0.0180644 0.0286045 0.0269344 0.0195723
2 0.0715566 0.486696 0.329335 0.0268324 0.0317197 0.0317589 0.0221011
3 0.0616637 0.112421 0.718129 0.0231948 0.0324156 0.0297427 0.022433
4 0.0365667 0.0221721 0.0271882 0.819177 0.0288662 0.0432459 0.0227841
5 0.0596027 0.0175113 0.0326706 0.0160373 0.828701 0.0228489 0.0226281
6 0.1312 0.0666434 0.0820628 0.043096 0.0653983 0.575719 0.0358802
5 0.154532 0.10852 0.12378 0.062416 0.287701 0.0632141 0.199838
4 0.0053865 0.00510583 0.0063945 0.963798 0.00261903 0.00946777 0.00722858
4 0.0227453 0.0285049 0.0589865 0.807908 0.013808 0.0510447 0.0170029
4 0.0165448 0.0186507 0.0565858 0.831502 0.0232153 0.0420874 0.011414
4 0.0219974 0.0253723 0.0615402 0.797336 0.0279303 0.0497484 0.0160752
4 0.0102005 0.00967475 0.0153678 0.923859 0.011132 0.0184614 0.0113041
4 0.0057312 0.00481722 0.00822478 0.957054 0.00631006 0.0108101 0.00705256
4 0.00908998 0.00893842 0.012136 0.937026 0.00550421 0.0160087 0.0112968
4 0.0178879 0.0206734 0.0502191 0.817379 0.0449775 0.0376713 0.0111921
4 0.0561046 0.134732 0.28631 0.350782 0.0770792 0.0623613 0.0326308
4 0.0871115 0.045907 0.0953151 0.681636 0.0119195 0.0615062 0.0166048
4 0.022855 0.067984 0.0698215 0.763709 0.0119967 0.0491287 0.0145049
4 0.0165536 0.021853 0.0330708 0.808139 0.0674829 0.033326 0.0195741
1 0.329348 0.0811401 0.15825 0.318669 0.0232399 0.067463 0.0218898
3 0.038445 0.173636 0.435809 0.244231 0.0218496 0.061012 0.0250176
3 0.0300446 0.11342 0.44453 0.328531 0.0153488 0.0482723 0.0198534
4 0.0284999 0.0432962 0.16795 0.409869 0.0107103 0.320954 0.0187204
4 0.0351417 0.0124599 0.0169634 0.905036 0.00345978 0.0173468 0.0095924
4 0.00693395 0.0146147 0.00892318 0.94672 0.0033277 0.0111117 0.00836878
4 0.00596318 0.0058959 0.00723093 0.959075 0.00316956 0.0103851 0.00828022
4 0.00310365 0.00210805 0.00262087 0.979499 0.00268998 0.00412471 0.00585416
4 0.00682943 0.00593181 0.00603919 0.940687 0.00460935 0.0244965 0.0114064
4 0.00679427 0.00663387 0.00903389 0.95027 0.00370478 0.0121692 0.0113936
4 0.216053 0.0415297 0.0712109 0.6121 0.0117757 0.0332132 0.014118
4 0.0355169 0.199691 0.160083 0.514906 0.020338 0.0448972 0.0245684
4 0.0224727 0.10294 0.121123 0.697306 0.0102104 0.0285098 0.0174383
4 0.00728726 0.00594515 0.00715023 0.95422 0.00614463 0.00933926 0.00991384
4 0.0080441 0.00858452 0.00914741 0.917896 0.0294644 0.0131151 0.0137489
4 0.0222222 0.0301563 0.0722427 0.672424 0.00808516 0.176917 0.0179522
1 0.675594 0.0332141 0.102933 0.0978064 0.0211777 0.0562076 0.0130676
3 0.0534214 0.1732 0.393249 0.221172 0.0399082 0.0904321 0.0286171
3 0.0456032 0.0896899 0.455692 0.270451 0.0352573 0.0793778 0.0239286
4 0.00526143 0.00308381 0.0048521 0.964575 0.00362953 0.0119709 0.00662727
5 0.0322807 0.0166503 0.0356339 0.161707 0.688357 0.0518133 0.0135575
4 0.084375 0.0753691 0.122309 0.267101 0.223828 0.12356 0.103459
1 0.834862 0.012784 0.052981 0.0347515 0.0209476 0.0310278 0.012646
3 0.056047 0.191531 0.529254 0.0996472 0.0377376 0.0586994 0.0270838
3 0.0373606 0.0483743 0.732515 0.0922522 0.0283192 0.0409481 0.0202301
4 0.0169677 0.00884275 0.0164107 0.891717 0.0132795 0.0401208 0.0126614
5 0.0350049 0.00864614 0.0234933 0.0253298 0.868346 0.0255656 0.0136145
6 0.0568621 0.0183473 0.029089 0.0276032 0.0281265 0.816838 0.0231342
5 0.112899 0.0654673 0.112975 0.0976168 0.31338 0.089197 0.208464
1 0.816357 0.01416 0.0505773 0.0305454 0.0283958 0.0344651 0.0254997
3 0.069064 0.236257 0.519539 0.0544222 0.0358521 0.0503504 0.0345152
3 0.0379728 0.0376451 0.806207 0.0373347 0.0242797 0.0323887 0.0241718
4 0.0356354 0.0179291 0.0321293 0.796299 0.0267968 0.0646974 0.0265128
6 0.0883924 0.0259962 0.0488715 0.0387743 0.0439391 0.714707 0.0393191
7 0.111424 0.0606314 0.110511 0.0695167 0.219932 0.0718002 0.356185
5 0.0859267 0.0815804 0.0791313 0.143568 0.431782 0.158967 0.0190444
5 0.042168 0.0346875 0.0281757 0.0510494 0.776264 0.0563732 0.0112825
5 0.0304934 0.0253991 0.0190152 0.0526041 0.820346 0.0380831 0.0140587
5 0.0196201 0.00909317 0.00864633 0.0216861 0.916123 0.0143236 0.0105076
5 0.0168897 0.00864688 0.00743944 0.0170035 0.931208 0.013957 0.00485566
5 0.044913 0.0277893 0.0269218 0.0571829 0.788543 0.0461581 0.00849143
5 0.0443393 0.0300256 0.02768 0.0560539 0.77176 0.0484458 0.0216948
5 0.0158063 0.00887894 0.00746749 0.0243644 0.92202 0.0137656 0.0076973
1 0.636574 0.102026 0.081316 0.0376962 0.0451804 0.0759728 0.0212348
3 0.0522035 0.137119 0.608536 0.0747777 0.036513 0.0692709 0.0215802
4 0.0310868 0.0248825 0.0189658 0.84598 0.0249666 0.040735 0.0133832
6 0.0348908 0.0207798 0.0135722 0.0212213 0.0176374 0.880758 0.0111404
5 0.113694 0.0964595 0.0889186 0.0683735 0.284135 0.119775 0.228644
1 0.76378 0.0483616 0.0711959 0.0188562 0.0311111 0.0432653 0.0234302
2 0.0728995 0.728016 0.0899116 0.0190429 0.0267099 0.0357432 0.027677
5 0.0454723 0.0195533 0.0272133 0.0144057 0.833317 0.0281103 0.0319287
6 0.0465589 0.0210952 0.0218406 0.015701 0.0210938 0.854358 0.019353
7 0.0922576 0.0621279 0.0831278 0.0413245 0.162124 0.0740119 0.485026
1 0.707877 0.039553 0.096637 0.0197795 0.0337688 0.0492689 0.0531162
2 0.096418 0.574686 0.139321 0.0266351 0.0381842 0.0524283 0.0723276
3 0.0337001 0.0849612 0.785922 0.0115424 0.0193821 0.0281729 0.036319
5 0.0642498 0.0324883 0.0640166 0.0229877 0.67012 0.0424809 0.103657
6 0.119504 0.0261394 0.0347391 0.101471 0.0306287 0.667308 0.0202103
6 0.105771 0.0360399 0.0356151 0.0816504 0.0253571 0.693066 0.0225009
6 0.0984067 0.0266506 0.031569 0.0820981 0.025552 0.715397 0.020326
6 0.0885423 0.0329389 0.0312345 0.0785839 0.0230983 0.723079 0.0225226
6 0.0887871 0.0499577 0.0400101 0.0785495 0.0226331 0.692486 0.0275768
6 0.102321 0.0254895 0.0351876 0.0891511 0.0269121 0.700766 0.0201727
6 0.0899295 0.0333562 0.0351535 0.071208 0.0222309 0.726215 0.0219071
6 0.0768979 0.0438753 0.0383759 0.0688786 0.0200423 0.725719 0.0262107
6 0.0539213 0.0186285 0.0192779 0.0489092 0.0131057 0.829872 0.0162857
6 0.0421755 0.0160021 0.0143753 0.0475917 0.00995131 0.854977 0.0149266
6 0.0546092 0.0301736 0.0288929 0.0552166 0.014154 0.794758 0.022196
6 0.0573876 0.0160441 0.0195946 0.0453672 0.0149394 0.830344 0.0163228
6 0.0596343 0.0259863 0.0227998 0.051762 0.0157182 0.803827 0.0202726
6 0.0518988 0.023644 0.0223446 0.0459838 0.013947 0.822573 0.0196085
6 0.0314435 0.00814824 0.00884178 0.0497014 0.0079356 0.881963 0.011967
6 0.0265802 0.00754924 0.00879985 0.0283548 0.00673274 0.910758 0.0112253
6 0.0330209 0.0141617 0.0135697 0.0331349 0.0089105 0.881968 0.0152341
6 0.0302569 0.0139264 0.0122498 0.0357612 0.00789928 0.885107 0.0147997
6 0.0653092 0.0170117 0.0204236 0.0665939 0.0178406 0.795663 0.0171583
6 0.0382085 0.0160184 0.0157299 0.0383717 0.0106144 0.864241 0.0168158
6 0.0573663 0.0188753 0.0204189 0.0531049 0.0158548 0.816489 0.017891
6 0.0421972 0.0205244 0.0178046 0.0401641 0.0116455 0.849053 0.0186113
6 0.0598557 0.0172122 0.0210932 0.0627548 0.0162452 0.80549 0.0173486
6 0.0371522 0.0164004 0.0163905 0.0383627 0.0101099 0.864476 0.0171089
6 0.0395559 0.0200438 0.018212 0.038563 0.0108737 0.854177 0.018575
6 0.0222017 0.00894461 0.00806199 0.0315255 0.00581011 0.910816 0.0126403
6 0.0244384 0.0068306 0.00586511 0.0594616 0.00583956 0.886931 0.0106333
6 0.024439 0.0122006 0.00915593 0.0361164 0.00635683 0.897779 0.0139518
2 0.167994 0.347941 0.0975666 0.108201 0.0482486 0.194842 0.0352059
6 0.16562 0.132988 0.18312 0.15526 0.0667697 0.248146 0.0480959
5 0.0844384 0.0158697 0.0217891 0.0691198 0.699883 0.0848735 0.024026
6 0.0580538 0.00818376 0.0111331 0.0248899 0.0145035 0.868228 0.0150083
7 0.161012 0.0450717 0.0577974 0.0983525 0.219395 0.188884 0.229487
2 0.179686 0.311058 0.156632 0.0925137 0.0623899 0.137254 0.0604664
3 0.113016 0.0930253 0.477693 0.107389 0.0516378 0.109911 0.0473281
4 0.0455573 0.0135967 0.0190866 0.809361 0.0233507 0.0641329 0.0249145
6 0.0821808 0.0116757 0.018797 0.0257783 0.0236183 0.809257 0.0286924
7 0.117257 0.0348096 0.0563089 0.0509791 0.153166 0.0943268 0.493152
1 0.795798 0.0155485 0.0481817 0.0244427 0.0266394 0.0398816 0.049508
2 0.158583 0.286159 0.223924 0.0641201 0.0617018 0.10489 0.100623
5 0.0914492 0.02699 0.0649549 0.0371775 0.610077 0.0514109 0.11794
6 0.100714 0.0204287 0.0423363 0.0352673 0.0326651 0.709588 0.0590014
1 0.507281 0.197115 0.109946 0.0807462 0.0199078 0.0489542 0.0360494
2 0.036327 0.890854 0.0298144 0.0162407 0.00501769 0.0118859 0.00986071
3 0.0638086 0.368827 0.457065 0.0373705 0.0146111 0.0307779 0.0275399
3 0.0319072 0.0644936 0.827039 0.0291569 0.00730102 0.0204712 0.0196308
3 0.0167061 0.0328042 0.878327 0.0208892 0.0110433 0.0216693 0.018561
3 0.0715173 0.313805 0.446528 0.0628017 0.0213443 0.0493082 0.0346959
2 0.0405765 0.507715 0.376958 0.0256778 0.00989365 0.0214798 0.0176985
3 0.0217195 0.0552811 0.817239 0.0336541 0.0173273 0.033625 0.0211542
3 0.0116229 0.0396349 0.892441 0.016804 0.00857342 0.0178814 0.0130426
1 0.711492 0.0882958 0.086005 0.0255975 0.0163344 0.0309729 0.0413024
3 0.228867 0.182121 0.354429 0.0523853 0.0382983 0.0617989 0.0821003
3 0.0844334 0.0624028 0.676666 0.0364869 0.0300785 0.0499026 0.06003
