labels 1 2 3 4 5 6 7
1 0.950244 0.00566489 0.00451375 0.0050179 0.0242009 0.00437124 0.00598745
1 0.972769 0.0108345 0.00429122 0.00161296 0.00608997 0.00200374 0.00239816
1 0.989302 0.00414123 0.00194796 0.000611677 0.000891464 0.00129489 0.00181034
1 0.972822 0.010585 0.00401776 0.00248264 0.00322125 0.00379986 0.00307166
1 0.959583 0.0121786 0.00524843 0.00257395 0.0133783 0.00397768 0.0030601
1 0.973203 0.0105989 0.00221164 0.00261158 0.00407855 0.00380082 0.00349512
1 0.98505 0.00362859 0.0016382 0.00165825 0.002718 0.00251683 0.00279049
1 0.995432 0.00160903 0.000441438 0.000238102 0.000491535 0.000578598 0.00120975
1 0.996425 0.000492188 0.000254853 0.00032237 0.000387624 0.000829036 0.00128915
1 0.984743 0.00282607 0.00124119 0.00204918 0.00306015 0.00331885 0.00276167
1 0.990162 0.00433404 0.00124102 0.000331646 0.0011779 0.00110413 0.00164879
1 0.956429 0.0113247 0.00920504 0.00628622 0.00711563 0.00529444 0.00434458
1 0.974809 0.0104276 0.00390679 0.00227188 0.00302421 0.00282182 0.00273835
1 0.986398 0.00290677 0.0015972 0.00155652 0.00266762 0.00247937 0.00239412
1 0.968091 0.011011 0.00432722 0.0027737 0.00626313 0.00417224 0.00336212
1 0.972146 0.010592 0.00401317 0.00248787 0.0039925 0.00369583 0.00307308
1 0.975467 0.00795974 0.00162629 0.00269752 0.00510472 0.00397392 0.00317039
1 0.960818 0.00955946 0.00847472 0.00535205 0.0068189 0.005162 0.00381529
1 0.994931 0.000204795 0.000126032 0.000164562 0.00242521 0.00080229 0.00134584
2 0.00375894 0.989835 0.00171866 0.000744488 0.00180557 0.00116573 0.000971646
3 0.00386859 0.00848971 0.982 0.000846697 0.00198915 0.00145681 0.00134877
4 0.00652115 0.00494826 0.00309355 0.974998 0.00616369 0.00288051 0.00139463
5 0.0421838 0.00823088 0.00501847 0.00210804 0.932358 0.00424743 0.00585301
6 0.0102488 0.0101837 0.00801513 0.00355861 0.00597919 0.95902 0.00299422
7 0.0173651 0.0197586 0.0184668 0.0382903 0.0212895 0.00810646 0.876723
1 0.977886 0.00161543 0.00164863 0.00168554 0.0122217 0.00259937 0.00234289
2 0.00455593 0.970019 0.0143098 0.00197457 0.00469846 0.00247877 0.00196332
3 0.00292387 0.000908349 0.986672 0.00156334 0.00372922 0.00220037 0.0020031
4 0.00804725 0.00530466 0.00541476 0.959388 0.0136327 0.00426346 0.00394929
5 0.0214981 0.0034433 0.00340099 0.00309825 0.958412 0.0043908 0.00575652
6 0.0093888 0.0070134 0.00825374 0.00446019 0.00931345 0.958123 0.00344712
7 0.0133916 0.0111305 0.0141433 0.0284159 0.0214665 0.00709849 0.904354
1 0.939176 0.010208 0.00973805 0.00803652 0.0218918 0.00685767 0.00409163
2 0.00443804 0.964056 0.0144888 0.00434396 0.00571933 0.00393992 0.00301362
3 0.00345165 0.00923968 0.972466 0.00347711 0.00529988 0.00326904 0.00279703
4 0.0116064 0.00994264 0.0122129 0.932847 0.0184544 0.00687515 0.00806198
5 0.0401988 0.0143788 0.014797 0.0146955 0.896659 0.00985326 0.00941736
6 0.0132611 0.0120381 0.0153902 0.00953002 0.0133947 0.931384 0.00500203
7 0.0182943 0.0175525 0.0232517 0.0389837 0.023907 0.0103709 0.86764
2 0.0048745 0.964144 0.0045326 0.00445596 0.0157985 0.00321584 0.00297866
2 0.00183626 0.985133 0.00443636 0.00188126 0.00432138 0.0016598 0.000732347
2 0.00537639 0.981203 0.00550967 0.00184578 0.00352584 0.00163263 0.00090689
2 0.000550909 0.994152 0.0020376 0.000684779 0.00107751 0.000842333 0.000655305
2 0.0029843 0.986237 0.00676259 0.000887206 0.00132035 0.000982044 0.000826688
2 0.00227944 0.970004 0.0141956 0.00371518 0.00503944 0.00260172 0.00216503
2 0.00491229 0.967792 0.0143587 0.00346508 0.00453403 0.00265361 0.00228457
2 0.0064007 0.975899 0.00789588 0.00224823 0.0036919 0.00218761 0.00167682
2 0.00735993 0.966123 0.0136811 0.00285055 0.0041793 0.00304028 0.00276603
2 0.00164242 0.992466 0.0030721 0.000700017 0.000834177 0.00078537 0.000500326
2 0.00138594 0.991574 0.00225901 0.00094784 0.00160754 0.00119532 0.00103003
2 0.00165931 0.987935 0.00245022 0.00141657 0.00276926 0.00188072 0.00188912
2 0.00306084 0.981649 0.0111937 0.00100787 0.0012209 0.0010688 0.000799341
2 0.00375901 0.975843 0.0138857 0.00136341 0.0021385 0.00158912 0.00142161
2 0.00407049 0.971506 0.0141302 0.00206743 0.00344954 0.00243644 0.00233975
2 0.00250645 0.977322 0.013933 0.00159857 0.0013967 0.00184595 0.00139689
2 0.00299618 0.973907 0.0140601 0.00212626 0.00253903 0.00236456 0.00200645
2 0.00427194 0.970071 0.0117907 0.00330842 0.00427547 0.00336171 0.00292065
2 0.00204662 0.988125 0.00409544 0.00166926 0.0016034 0.0012746 0.00118615
2 0.00421145 0.980703 0.00657413 0.00204084 0.00265326 0.00198164 0.00183576
2 0.00824006 0.964986 0.0130064 0.00327649 0.00428669 0.00329923 0.00290466
2 0.00598848 0.967619 0.0143387 0.0029778 0.00483174 0.00233779 0.00190601
2 0.0035199 0.96996 0.0139658 0.00360936 0.00524305 0.00239135 0.00131101
2 0.00317808 0.96734 0.0142648 0.00405311 0.0039598 0.0045977 0.00260609
2 0.00388536 0.965588 0.0145114 0.0028405 0.00840065 0.00229057 0.00248378
2 0.00474173 0.963655 0.0145194 0.00407584 0.00533038 0.00238386 0.00529374
2 0.00483642 0.97637 0.00838479 0.00263748 0.00387166 0.00210572 0.00179422
2 0.00431878 0.967414 0.0142876 0.00334442 0.00423292 0.00346434 0.00293836
2 0.00372357 0.968516 0.0142881 0.00379296 0.00470077 0.00255836 0.00242049
2 0.00340251 0.9689 0.014287 0.00366997 0.00473111 0.00249162 0.00251816
2 0.00353003 0.966615 0.0141365 0.00408437 0.00422467 0.00454849 0.00286076
2 0.0049031 0.974938 0.0135275 0.00171321 0.00188321 0.00161238 0.00142304
2 0.00333931 0.968004 0.0141015 0.00398841 0.00430794 0.00336652 0.00289199
2 0.00331326 0.970212 0.0139018 0.00371738 0.00355038 0.00298893 0.00231631
2 0.00348726 0.9673 0.0141549 0.00404651 0.00412271 0.00410058 0.00278755
2 0.00195156 0.975398 0.0138914 0.00219642 0.00291423 0.00178476 0.00186393
2 0.00200466 0.975282 0.0139362 0.0023202 0.00213529 0.00185462 0.00246699
2 0.00329509 0.978153 0.0118319 0.00210647 0.001861 0.00137135 0.0013811
2 0.00414518 0.967389 0.0142307 0.00349512 0.00426087 0.00351991 0.0029591
2 0.00295373 0.971305 0.0140277 0.00334979 0.00300027 0.00284516 0.00251873
2 0.00237406 0.972948 0.013977 0.00358424 0.00264385 0.00224607 0.00222706
2 0.00362234 0.966767 0.0141383 0.004086 0.00430582 0.00412501 0.00295585
1 0.97267 0.0100995 0.00221878 0.00145875 0.0094234 0.00203951 0.00209038
2 0.00140738 0.991155 0.00143416 0.000730668 0.00266832 0.00139736 0.00120722
3 0.0024805 0.00849052 0.982442 0.000725143 0.00274217 0.00158829 0.00153094
4 0.0076753 0.00960435 0.00872593 0.952511 0.013013 0.00447342 0.00399684
5 0.0252078 0.018053 0.00979166 0.00274794 0.934148 0.00429555 0.00575648
6 0.00842788 0.0137628 0.0123881 0.00497406 0.00912235 0.947633 0.00369162
7 0.0149345 0.0217688 0.0238583 0.0270049 0.0238441 0.00788226 0.880707
1 0.971411 0.00160944 0.00164098 0.00159805 0.0184439 0.00294343 0.0023533
2 0.00289419 0.980299 0.00560631 0.00155322 0.00535758 0.00235226 0.00193739
3 0.00281443 0.000782722 0.986342 0.00130965 0.00450062 0.00221503 0.00203553
4 0.00942588 0.00638364 0.00689838 0.944883 0.0208579 0.00512132 0.00643041
5 0.0158612 0.00304307 0.00225017 0.00174066 0.969194 0.00329509 0.00461634
6 0.00682506 0.00494768 0.00602029 0.00307085 0.0100036 0.966112 0.0030208
7 0.00932671 0.00722599 0.0100028 0.0170432 0.0191327 0.00516874 0.9321
1 0.949426 0.00676615 0.00706407 0.00647196 0.0212338 0.00560577 0.0034326
2 0.00354547 0.968755 0.0127418 0.00360354 0.00532773 0.0033588 0.00266774
3 0.00286842 0.00469928 0.979566 0.00272381 0.00484777 0.00279806 0.00249672
4 0.0100316 0.00827359 0.0102091 0.939104 0.0186826 0.00602152 0.0076775
5 0.0299838 0.00807844 0.00909575 0.0100616 0.928488 0.00696343 0.00732902
6 0.010549 0.0089857 0.0120183 0.00750955 0.0123654 0.944312 0.00426016
7 0.0144508 0.0132086 0.0183095 0.0306193 0.0220114 0.00830407 0.893096
3 0.00400937 0.00306662 0.969247 0.00334192 0.0148901 0.00265832 0.0027869
3 0.000910384 0.00510156 0.984913 0.00387785 0.00298035 0.00141609 0.000800967
3 0.00202919 0.00348334 0.985258 0.00435922 0.00264686 0.00128427 0.00093942
3 0.000555014 0.00826114 0.98606 0.00170104 0.00160583 0.000912005 0.000904999
3 0.000815413 0.00204293 0.992767 0.000903049 0.00164851 0.000849088 0.000974461
3 0.00156937 0.00773263 0.976701 0.00589361 0.00395522 0.00215557 0.00199283
3 0.00219316 0.00837157 0.976415 0.00508245 0.00374014 0.00211625 0.00208166
3 0.00245256 0.00466164 0.982754 0.0036361 0.0031378 0.00173169 0.00162624
3 0.00297902 0.00881254 0.975766 0.00321461 0.00397182 0.00262304 0.00263261
3 0.00101357 0.00221924 0.989929 0.00332346 0.00163111 0.00101884 0.000864722
3 0.00109149 0.00209598 0.990158 0.00201628 0.0021248 0.00122264 0.00129032
3 0.00145052 0.0040909 0.9859 0.00188758 0.0029236 0.00179185 0.00195576
3 0.00081605 0.00120533 0.993283 0.00127032 0.00162816 0.000873021 0.000924471
3 0.00121002 0.00169628 0.991148 0.00124849 0.00219051 0.0011478 0.00135854
3 0.00229971 0.00857321 0.979878 0.0019554 0.0032058 0.00195691 0.00213074
3 0.00146408 0.00365347 0.986652 0.00219063 0.00230299 0.00189217 0.00184488
3 0.00183074 0.00325087 0.985479 0.00225577 0.00296782 0.00208096 0.00213488
3 0.00318612 0.00911005 0.973963 0.00368826 0.00416152 0.00305998 0.00283085
3 0.00125164 0.00335203 0.985074 0.0047328 0.00240294 0.00154899 0.00163786
3 0.00174199 0.00473988 0.983432 0.00305426 0.00303932 0.00194511 0.00204775
3 0.00308529 0.00902177 0.974471 0.00366364 0.00409272 0.0028973 0.00276847
3 0.00218638 0.00769782 0.976281 0.00603 0.00418402 0.00193524 0.001686
3 0.00255843 0.00875101 0.976147 0.0033636 0.0040725 0.00256676 0.00254119
3 0.000728873 0.00536085 0.985054 0.00500463 0.00177361 0.00124998 0.000828162
3 0.00212446 0.00865136 0.97501 0.00517355 0.00373537 0.00289736 0.00240754
3 0.0018793 0.00745965 0.973484 0.00672365 0.00633912 0.0018873 0.00222692
3 0.00240929 0.00834866 0.973539 0.00573204 0.00481594 0.00207015 0.00308514
3 0.00207014 0.00644273 0.980281 0.00509591 0.00288468 0.00166666 0.0015588
3 0.00316149 0.00880749 0.974731 0.00318851 0.00413049 0.00313811 0.00284261
3 0.0022935 0.00900754 0.975209 0.00422739 0.00489011 0.00210864 0.00226428
3 0.00220022 0.00862778 0.974747 0.00518656 0.00493393 0.00206842 0.00223617
3 0.00257355 0.00882833 0.975646 0.00317903 0.00392094 0.00322088 0.00263098
3 0.00213793 0.00863063 0.979212 0.00371151 0.00280002 0.00172651 0.00178174
3 0.00230677 0.0089203 0.97558 0.00389137 0.00395993 0.00268832 0.00265311
3 0.000855654 0.00838603 0.984106 0.00197777 0.0017296 0.00146212 0.00148236
3 0.00239502 0.00894331 0.97516 0.0040972 0.00388621 0.00292592 0.00259216
3 0.00166882 0.00871056 0.978035 0.00411482 0.00360731 0.00175876 0.00210495
3 0.0017067 0.00873029 0.978508 0.00370636 0.00302852 0.00187436 0.00244547
3 0.0011657 0.00444515 0.984831 0.00450051 0.00223273 0.00128863 0.00153602
3 0.00315439 0.00885493 0.974552 0.00325947 0.00415202 0.00316633 0.00286091
3 0.00232454 0.00877882 0.977037 0.00283524 0.00410761 0.00245696 0.00245986
3 0.00201649 0.00835907 0.975785 0.00538954 0.00382125 0.00222365 0.00240475
3 0.00280632 0.00887404 0.974813 0.00351501 0.0040475 0.00319957 0.0027446
1 0.957403 0.00601411 0.0095807 0.00528853 0.0148796 0.00383818 0.00299574
2 0.0016585 0.974223 0.0140328 0.0016466 0.00400851 0.00241002 0.00202098
3 0.00161882 0.000948779 0.989806 0.000826147 0.00337141 0.00173337 0.00169502
4 0.00676784 0.00518244 0.0106844 0.952712 0.0143768 0.00474313 0.0055334
5 0.0185103 0.00856762 0.0174403 0.0104078 0.934718 0.00460957 0.00574603
6 0.00656964 0.0066356 0.0154049 0.0103827 0.0100833 0.946854 0.00406952
7 0.0134933 0.0131054 0.0260515 0.0325067 0.0257069 0.00792754 0.881209
1 0.969864 0.00128367 0.00174824 0.00225324 0.0186061 0.00365096 0.00259351
2 0.00313954 0.982264 0.00258883 0.00165034 0.00524023 0.00280511 0.00231176
3 0.00289595 0.00131352 0.984564 0.00152194 0.00499385 0.00247857 0.00223256
4 0.0115146 0.00648945 0.00844648 0.936899 0.0224689 0.00621273 0.00796877
5 0.0219453 0.00268367 0.00369639 0.00274335 0.959324 0.00432293 0.00528452
6 0.00646572 0.0037837 0.00573342 0.00361391 0.00939477 0.967915 0.00309345
7 0.00909869 0.00589706 0.00897931 0.0156156 0.0173903 0.00514043 0.937879
1 0.945964 0.00668901 0.00855191 0.00721934 0.0213741 0.0064475 0.00375443
2 0.00414567 0.964664 0.014374 0.00437251 0.00559585 0.00388158 0.00296609
3 0.00334308 0.0063495 0.975632 0.00350957 0.00519493 0.00321873 0.00275211
4 0.0112998 0.00909319 0.0123495 0.933537 0.0188611 0.00680223 0.00805684
5 0.0381462 0.00973068 0.0129487 0.0140818 0.907413 0.00906984 0.00860939
6 0.0123924 0.0101585 0.0149239 0.00868556 0.0131662 0.935845 0.00482797
7 0.0182197 0.0162057 0.0237043 0.0380974 0.0253406 0.0103182 0.868114
4 0.00751069 0.00342754 0.00360243 0.944391 0.0357542 0.0040596 0.00125427
4 0.00224828 0.00277956 0.00580977 0.964931 0.0203585 0.00234658 0.00152656
4 0.00140459 0.00175201 0.00333867 0.977982 0.0129085 0.00142579 0.00118884
4 0.0053957 0.00508748 0.00980479 0.95612 0.0136292 0.00520517 0.00475781
4 0.00444985 0.00419634 0.00782921 0.963321 0.0115163 0.0044503 0.00423721
4 0.00213795 0.00339429 0.00953432 0.965165 0.0151197 0.00261046 0.00203826
4 0.0012925 0.00172993 0.00398644 0.97826 0.0119024 0.00137655 0.00145248
4 0.00567777 0.00530455 0.0102862 0.95409 0.0145485 0.00518247 0.00491039
4 0.00359027 0.00321218 0.00584142 0.968977 0.0111489 0.00351841 0.00371217
4 0.00265034 0.00379389 0.0116603 0.946063 0.0309081 0.00281664 0.00210788
4 0.00605844 0.00562512 0.0105632 0.953829 0.0130129 0.00559174 0.00531965
4 0.00390432 0.00385955 0.00859051 0.966945 0.0101437 0.0036507 0.00290635
4 0.00384579 0.00488613 0.00934668 0.959405 0.0162857 0.00371275 0.00251799
4 0.00385766 0.00495539 0.00898132 0.95916 0.016704 0.00380117 0.00254049
4 0.00411095 0.00458232 0.0122966 0.940067 0.0306121 0.00375881 0.00457211
4 0.00372936 0.00353029 0.00629433 0.958118 0.0105029 0.0135858 0.004239
4 0.00461167 0.00518255 0.0107044 0.949629 0.0205642 0.00399419 0.00531435
4 0.00731524 0.00447201 0.00969806 0.958563 0.0122968 0.00357071 0.00408451
4 0.00428493 0.00378295 0.00864918 0.964263 0.00959715 0.00452406 0.00489854
4 0.0043084 0.00387633 0.00844586 0.964229 0.00963982 0.00457853 0.00492183
4 0.00374555 0.00341103 0.00776114 0.941747 0.0355649 0.00344235 0.0043277
4 0.00381166 0.00439564 0.00953494 0.960214 0.0088842 0.00853585 0.00462327
4 0.00232549 0.00228611 0.00432058 0.978407 0.0079344 0.00242226 0.00230396
4 0.00247277 0.00300703 0.0053127 0.972604 0.0119388 0.00256802 0.00209688
4 0.00248389 0.0030743 0.00505632 0.972534 0.0121211 0.00261412 0.00211657
4 0.00242884 0.00266553 0.00486786 0.973524 0.0112036 0.00256061 0.00274919
4 0.00509643 0.00527636 0.0121026 0.940419 0.0277158 0.00414979 0.00524016
4 0.00417209 0.00419011 0.00792495 0.954442 0.0108153 0.0138858 0.00456989
4 0.00365736 0.00436815 0.00829613 0.952837 0.0206699 0.00315618 0.00701531
4 0.00587613 0.00404011 0.00798546 0.964089 0.011008 0.00329348 0.00370749
4 0.00439671 0.00399304 0.00891469 0.963375 0.0096614 0.00464626 0.00501253
4 0.00440926 0.00399698 0.00868273 0.963474 0.00970878 0.00469995 0.00502785
4 0.00632142 0.00604472 0.010729 0.953598 0.0121573 0.00572524 0.00542448
4 0.00480094 0.00428148 0.00899819 0.938625 0.034696 0.0038285 0.00476946
4 0.00440628 0.00466358 0.00967012 0.959186 0.00919035 0.00807289 0.004811
1 0.960488 0.00184077 0.00482326 0.00920725 0.0165488 0.00413954 0.00295189
2 0.00302875 0.967068 0.014343 0.00461846 0.00502009 0.00323141 0.00269041
3 0.00186532 0.00141098 0.984591 0.00351508 0.0044059 0.00217494 0.00203681
4 0.00628068 0.00360835 0.00569431 0.959432 0.016394 0.00409908 0.00449176
5 0.01724 0.00363788 0.00513797 0.0188438 0.946724 0.00389209 0.00452462
6 0.00668592 0.00510292 0.00850684 0.00966291 0.0105313 0.955416 0.00409423
7 0.0137974 0.00936206 0.0150113 0.0401089 0.0328205 0.00806478 0.880835
1 0.976031 0.00103669 0.00119707 0.00238666 0.0137527 0.00325453 0.00234105
2 0.00315611 0.985011 0.00115794 0.00148005 0.00428378 0.00262237 0.0022884
3 0.0026127 0.00479538 0.981962 0.001504 0.00455788 0.00236252 0.00220584
4 0.0110425 0.00546668 0.00730699 0.943955 0.0193753 0.00573233 0.00712074
5 0.0258131 0.00236327 0.00313044 0.00364976 0.954852 0.0047539 0.00543788
6 0.00609545 0.00311853 0.00432749 0.00325889 0.00803797 0.97212 0.003042
7 0.00856666 0.00501087 0.00685271 0.0147244 0.0151147 0.00482055 0.94491
1 0.946125 0.00702718 0.00852146 0.00697127 0.0207961 0.00677273 0.00378638
2 0.00408488 0.967812 0.0117118 0.00404505 0.00553175 0.00386666 0.00294767
3 0.00331955 0.00916485 0.972942 0.00338624 0.00518772 0.00324044 0.00275962
4 0.011267 0.00888211 0.0124323 0.933866 0.0185629 0.00691048 0.0080787
5 0.0388523 0.0104534 0.0142339 0.015147 0.90241 0.0100094 0.0088938
6 0.0121306 0.00933571 0.0137356 0.00807714 0.012514 0.939406 0.0048006
7 0.01828 0.0155484 0.0225706 0.0388238 0.0251454 0.0104336 0.869198
5 0.0408091 0.00861244 0.00761649 0.0190525 0.907346 0.00853541 0.00802828
5 0.0134371 0.00574608 0.00843289 0.0184373 0.94093 0.00804631 0.00497049
5 0.0133821 0.00631613 0.00905816 0.018886 0.9345 0.00612957 0.0117281
5 0.00412948 0.0017239 0.00314406 0.00256907 0.9845 0.00199956 0.00193417
5 0.0136095 0.00625102 0.00870609 0.0183534 0.941255 0.00600528 0.00582008
1 0.960726 0.00188104 0.00312723 0.0057169 0.0210869 0.00476491 0.00269707
2 0.00326644 0.974871 0.00576483 0.00505645 0.00534255 0.00314535 0.00255387
3 0.00229851 0.00420931 0.979651 0.00396184 0.00509051 0.002537 0.00225162
4 0.00811962 0.00467044 0.00643698 0.945395 0.0250613 0.00528074 0.00503625
5 0.0153392 0.0022028 0.00346148 0.00572569 0.964871 0.00454906 0.00385119
6 0.00718411 0.0046637 0.00701169 0.00859719 0.0125934 0.956101 0.00384838
7 0.0124201 0.00776432 0.0101718 0.0281413 0.0362992 0.00762046 0.897583
1 0.979623 0.00116724 0.00123688 0.00161876 0.0116583 0.00270373 0.00199185
2 0.00216346 0.988224 0.00105044 0.00120529 0.00348823 0.00199294 0.00187611
3 0.00188181 0.00865109 0.980987 0.00110328 0.00361237 0.00186871 0.00189577
4 0.00834578 0.00464973 0.00601346 0.95445 0.0158782 0.00456344 0.00609952
5 0.0209206 0.00243199 0.00265665 0.0029632 0.961657 0.00443948 0.00493096
6 0.00553134 0.00297468 0.00386612 0.00283438 0.0075193 0.974485 0.00278889
7 0.00653357 0.00406797 0.00512329 0.0117415 0.0126719 0.0038383 0.956023
1 0.951735 0.00623571 0.00659389 0.00586277 0.0200869 0.00610358 0.00338181
2 0.00333123 0.973132 0.00931337 0.00320345 0.00511028 0.0033068 0.00260242
3 0.00271068 0.00795043 0.976977 0.00243747 0.00470327 0.00276974 0.00245109
4 0.00987654 0.00766069 0.0102755 0.940278 0.0181769 0.00619243 0.00754017
5 0.0300204 0.00774562 0.00996325 0.0109745 0.925521 0.00825131 0.00752421
6 0.00983392 0.00728491 0.0101458 0.00661615 0.0111811 0.950821 0.00411768
7 0.014223 0.0117787 0.0163813 0.0305812 0.0220719 0.00837127 0.896593
6 0.00917701 0.00525973 0.00556055 0.00543864 0.0241949 0.945675 0.00469445
6 0.00822111 0.00577505 0.00843052 0.00647589 0.019178 0.947547 0.00437218
6 0.00649525 0.0071158 0.011995 0.00907967 0.00419892 0.956616 0.00449913
6 0.00468398 0.00429094 0.006639 0.00590797 0.00501128 0.969939 0.00352756
6 0.00719921 0.00745161 0.0135593 0.0102884 0.00567986 0.951146 0.0046754
6 0.00759095 0.0089471 0.0158336 0.0091463 0.00663779 0.946932 0.00491212
6 0.0076233 0.00592686 0.00883169 0.00730164 0.0165824 0.9493 0.00443418
6 0.00635044 0.00685199 0.0118688 0.00943045 0.00442503 0.956579 0.00449406
6 0.00747266 0.00859214 0.0157137 0.00917737 0.00659582 0.947559 0.00488916
6 0.00352515 0.00281617 0.00428601 0.00429895 0.00816734 0.974003 0.00290323
6 0.00301144 0.00287266 0.00455697 0.00449905 0.0031392 0.979002 0.00291859
6 0.00363247 0.00390476 0.0067567 0.00473621 0.00417795 0.973647 0.00314515
6 0.00636051 0.00599146 0.00871151 0.00980803 0.00833757 0.956244 0.00454683
6 0.00641017 0.00664572 0.00949072 0.0103898 0.00663735 0.955751 0.00467528
6 0.00741591 0.00895588 0.0140116 0.0107231 0.00657403 0.947425 0.00489478
1 0.948126 0.00516617 0.00548844 0.00611692 0.0221656 0.0093863 0.00355068
2 0.00392119 0.963545 0.014546 0.00518539 0.00579503 0.00411773 0.00288992
3 0.00311867 0.00927908 0.972303 0.00383218 0.00536186 0.00341345 0.00269202
4 0.0116254 0.00858869 0.012033 0.92814 0.0228977 0.00899753 0.00771804
5 0.033427 0.00711944 0.00907704 0.00918539 0.917453 0.0159753 0.00776245
6 0.0107741 0.00744844 0.00975686 0.0101809 0.0136226 0.943521 0.00469621
7 0.0165987 0.0127965 0.0161204 0.0336991 0.0344196 0.0109852 0.875381
1 0.972177 0.0028201 0.00275027 0.00275531 0.0129888 0.00399718 0.00251111
2 0.00239377 0.982955 0.00464015 0.00179631 0.00374358 0.00237567 0.00209569
3 0.0020067 0.00765205 0.981245 0.00141545 0.00356864 0.0020662 0.00204592
4 0.00866517 0.00596691 0.00831923 0.952194 0.0128212 0.00517705 0.00685604
5 0.0319088 0.00617003 0.00680725 0.00722054 0.931655 0.00862774 0.00761067
6 0.00819734 0.00540374 0.00698933 0.00507252 0.00903655 0.961728 0.00357291
7 0.00886379 0.00667231 0.00870294 0.017638 0.0142905 0.00535672 0.938476
1 0.940883 0.0080367 0.00871652 0.00885682 0.0218537 0.0076692 0.00398426
2 0.00422605 0.964212 0.0144161 0.00446548 0.00567212 0.00401175 0.00299675
3 0.00338102 0.00922894 0.972413 0.0035679 0.00528791 0.00333544 0.00278531
4 0.0117217 0.00929856 0.0123388 0.932407 0.0187113 0.00730367 0.00821863
5 0.0397847 0.0111519 0.0131978 0.0164306 0.898707 0.0113299 0.00939795
6 0.0131305 0.0105408 0.0144382 0.0104803 0.013287 0.933138 0.00498552
7 0.0185097 0.0162626 0.0222851 0.0388608 0.0254377 0.0107971 0.867847
1 0.904638 0.00850821 0.00912789 0.00991697 0.0515015 0.00789884 0.00840839
2 0.000852197 0.994118 0.00255708 0.000585225 0.00054488 0.000734138 0.00060866
3 0.00257337 0.0123953 0.982058 0.000779088 0.000767675 0.000755076 0.000671159
1 0.971158 0.0108582 0.00175866 0.00310152 0.00556245 0.00412092 0.00344072
2 1.51731e-05 0.997284 0.00101563 0.000231741 0.000409392 0.00052505 0.000519235
3 0.00045099 0.00300886 0.994778 0.000265444 0.000474256 0.000468175 0.000553973
