labels 1 2 3 4 5 6 7
1 0.971206 0.0108341 0.00175976 0.00308848 0.00556089 0.00411096 0.00343956
1 0.981291 0.00243952 0.00698543 0.00168487 0.00230289 0.00250345 0.00279275
1 0.950408 0.00564553 0.00444804 0.00501367 0.0241976 0.00430927 0.00597803
1 0.956747 0.0111295 0.00934796 0.00607519 0.00684489 0.00602192 0.00383401
1 0.963078 0.0117614 0.00575787 0.00430005 0.00658427 0.00487051 0.00364758
1 0.962607 0.0117679 0.0060549 0.00435671 0.00657171 0.00500645 0.00363574
1 0.971738 0.0108511 0.00313505 0.00253264 0.00533793 0.00356384 0.0028416
1 0.95698 0.0105482 0.00964292 0.0063689 0.00695665 0.00560952 0.00389337
1 0.960581 0.0119686 0.00708083 0.00488075 0.00669933 0.00506682 0.00372243
1 0.960975 0.0120017 0.00674656 0.00483042 0.00668785 0.0050398 0.00371905
1 0.970834 0.0110153 0.00342153 0.00279631 0.00544368 0.0035833 0.00290588
1 0.964013 0.00985057 0.00596148 0.00477172 0.00668314 0.00501716 0.00370304
1 0.949681 0.0103842 0.0108633 0.00809323 0.00889908 0.00801709 0.00406174
1 0.957514 0.00974724 0.0101302 0.0059359 0.00708823 0.00575805 0.00382601
1 0.956961 0.0102183 0.00983914 0.00647849 0.00697795 0.00561731 0.00390795
1 0.95289 0.00568026 0.00483414 0.00460126 0.0241186 0.00412752 0.00374853
1 0.996834 0.000263803 0.000271041 0.000208046 0.000469456 0.000570478 0.00138315
1 0.977653 0.00322338 0.00345133 0.00362292 0.00396431 0.00249127 0.00559407
1 0.973042 0.00974441 0.00824616 0.00156937 0.0024058 0.00248091 0.00251112
1 0.997494 0.000257884 0.000271911 0.00015314 0.000157665 0.000552188 0.00111323
1 0.987609 0.00284183 0.00280286 0.00164227 0.00115358 0.00168192 0.00226823
1 0.986879 0.00330674 0.00264995 0.0011276 0.00174119 0.00211945 0.00217599
1 0.988633 0.00189157 0.00170936 0.00130176 0.00154897 0.00247766 0.00243766
1 0.966386 0.0099454 0.00891891 0.00372782 0.00346042 0.00412783 0.00343344
1 0.966134 0.00934657 0.00902749 0.00273471 0.00538305 0.00407496 0.00329948
2 0.00485491 0.964332 0.00449981 0.00443367 0.0157188 0.00318691 0.00297416
2 1.53927e-05 0.997264 0.00107281 0.000205754 0.000405351 0.000522047 0.00051431
2 1.01644e-05 0.997784 0.000675822 0.000350496 0.000232754 0.000494907 0.000451915
2 0.000740719 0.992458 0.000844198 0.00151214 0.00133331 0.00168446 0.0014275
2 0.00590183 0.976391 0.0049377 0.00290717 0.00518407 0.00242348 0.0022546
2 4.36331e-05 0.995599 0.000641667 0.000774431 0.000801888 0.00112067 0.00101849
2 0.00100248 0.98941 0.00146979 0.00190411 0.00231245 0.00207867 0.00182223
2 0.00669578 0.972861 0.00715897 0.00297932 0.00440551 0.00308867 0.00281048
2 0.00187133 0.980955 0.00764953 0.00187825 0.00315116 0.00233514 0.00215989
2 0.00314013 0.973192 0.00774051 0.00449402 0.00452114 0.00381314 0.00309874
2 0.00252996 0.969541 0.00530253 0.00355074 0.0143768 0.00274544 0.00195326
2 0.0030096 0.979719 0.00482143 0.00218144 0.00668695 0.00202103 0.00156024
2 0.00708093 0.968152 0.00673916 0.00371111 0.008196 0.00288672 0.00323388
2 0.00408864 0.966482 0.0139685 0.00441557 0.00420099 0.00395973 0.00288476
2 0.00523796 0.961494 0.0148067 0.00554516 0.00469968 0.00494643 0.00327022
2 0.00211246 0.981548 0.00434463 0.00351838 0.00417819 0.00234971 0.00194865
2 0.00155255 0.985644 0.00216397 0.00302698 0.00173769 0.0019255 0.00394905
2 0.0058625 0.960116 0.0147669 0.00643607 0.00485906 0.00457776 0.00338162
2 0.00405153 0.965494 0.0144453 0.00457859 0.0045687 0.00376556 0.00309617
2 0.00541672 0.960135 0.0148014 0.00651187 0.00486313 0.00488377 0.00338814
2 0.00625373 0.989631 0.00115884 0.00051081 0.00078906 0.00084825 0.000808773
2 0.00299542 0.990173 0.00183185 0.000847128 0.00161134 0.00128305 0.00125857
2 0.00686547 0.974887 0.00708217 0.00234474 0.0035948 0.00274053 0.00248579
2 0.00233656 0.97684 0.00560613 0.00407698 0.00444409 0.00365311 0.00304299
2 0.00598655 0.96006 0.0147423 0.00641757 0.00485125 0.00456314 0.00337915
2 0.00762511 0.96917 0.00788345 0.00409087 0.00440428 0.00377076 0.00305601
2 0.00549762 0.965918 0.0114313 0.0051975 0.0046302 0.00411444 0.00321073
2 0.00745323 0.958452 0.0141525 0.00689872 0.0049263 0.00469355 0.00342344
3 0.00399213 0.0030421 0.969329 0.0033382 0.0148669 0.00264729 0.00278411
3 0.000440967 0.00255832 0.995267 0.00025977 0.000467605 0.000455711 0.000550438
3 0.00513335 0.00345593 0.98039 0.0021184 0.00481807 0.00196022 0.0021245
3 0.000693911 0.00196763 0.990444 0.00146305 0.00208157 0.00164936 0.00170022
3 0.00127273 0.00498664 0.984928 0.0015694 0.00307982 0.00202665 0.00213692
3 0.00253096 0.00479347 0.978771 0.00360582 0.00424831 0.00317225 0.00287818
3 0.00235155 0.00300555 0.974399 0.00269233 0.0134236 0.00229006 0.00183777
3 0.00537093 0.00172339 0.982121 0.00152662 0.00613871 0.00162308 0.00149578
3 0.00558066 0.0025952 0.979147 0.00197757 0.00680622 0.00179267 0.00210035
3 0.00589699 0.00455956 0.973746 0.0027567 0.0075914 0.00241829 0.00303136
3 0.00342527 0.00896399 0.973634 0.0036873 0.00417268 0.00333687 0.00277967
3 0.00231613 0.00548715 0.978182 0.00367997 0.00427407 0.00320003 0.00286112
3 0.00514979 0.00375901 0.988252 0.000478447 0.00077646 0.000733115 0.000850886
3 0.000702434 0.00209141 0.9912 0.00141436 0.00150869 0.00156461 0.00151882
3 0.00525753 0.00294401 0.986951 0.000759833 0.00161175 0.00114662 0.00132893
3 0.000803191 0.00179424 0.989648 0.00163918 0.00239431 0.00184313 0.00187805
3 0.00158508 0.00334669 0.98179 0.0032487 0.00416379 0.00303839 0.00282772
3 0.00162033 0.00454658 0.984205 0.00222074 0.00306195 0.00222084 0.00212494
3 0.0026636 0.00601786 0.977226 0.0037007 0.00427156 0.00321445 0.00290543
3 0.00533493 0.00895603 0.97201 0.00350249 0.00425241 0.00306365 0.00288003
3 0.00421806 0.00858853 0.972656 0.00545932 0.00294795 0.00330939 0.00282094
3 0.00463978 0.00933592 0.967903 0.00619307 0.00468917 0.00402946 0.00320956
4 0.00789525 0.00458587 0.00432294 0.936127 0.0360407 0.00465858 0.00637013
4 0.0124068 0.00807226 0.0107861 0.929726 0.0252928 0.00633824 0.00737783
4 0.00119335 0.00115801 0.0016486 0.990542 0.0022264 0.00116812 0.00206364
4 0.00128497 0.000833278 0.000946182 0.988637 0.00612534 0.00103137 0.00114219
4 0.00051858 0.000491013 0.000622101 0.996219 0.000968499 0.000717953 0.000462543
4 0.00205776 0.00178447 0.00191796 0.971375 0.00332778 0.00149444 0.0180425
4 0.000729042 0.000798885 0.000987388 0.994196 0.00138501 0.000931054 0.000973053
4 0.00104335 0.001297 0.00177977 0.991268 0.00129193 0.00131295 0.00200657
4 0.00658682 0.00336049 0.00329735 0.941665 0.0359269 0.00404172 0.00512122
4 0.00143307 0.00103805 0.00158429 0.991055 0.00290648 0.00139107 0.000591861
4 0.00530322 0.00314729 0.00323914 0.945546 0.0191955 0.00312006 0.0204484
4 0.000584402 0.000527894 0.00063057 0.992386 0.00159535 0.000604924 0.00367063
4 0.000859727 0.000814323 0.00115214 0.994133 0.00103246 0.00100672 0.00100173
4 0.00765336 0.00870976 0.0069953 0.950977 0.0147842 0.00503329 0.00584747
4 0.00326552 0.00229763 0.00758293 0.978476 0.00440341 0.00273142 0.00124301
4 0.00226966 0.00492288 0.003261 0.982595 0.0028279 0.00214652 0.00197659
4 0.0062426 0.00585019 0.00959747 0.955986 0.0102056 0.00534892 0.00676969
4 0.00618515 0.00615063 0.00858919 0.968644 0.00338047 0.00463893 0.00241182
4 0.0106018 0.00786648 0.0100806 0.947093 0.00934249 0.00515833 0.00985747
4 0.00245988 0.00197975 0.00241953 0.985892 0.00304476 0.00156898 0.00263501
4 0.0107767 0.00782374 0.00971449 0.950392 0.0102801 0.00507058 0.00594283
4 0.00486282 0.00548629 0.00704923 0.96966 0.00508938 0.00351944 0.00433273
4 0.00666942 0.00729196 0.00942452 0.960737 0.00528684 0.00480526 0.00578489
5 0.0174056 0.00798616 0.00682852 0.0178902 0.938783 0.00510324 0.00600374
5 0.0189698 0.0119004 0.0123347 0.016822 0.926732 0.00626962 0.00697103
6 0.0164246 0.0104819 0.00843269 0.00792779 0.0160691 0.935363 0.00530136
6 0.0124544 0.0142437 0.00978153 0.00572072 0.00706088 0.946035 0.00470365
6 0.00657367 0.00939473 0.00921261 0.00480558 0.00337591 0.963655 0.00298277
6 0.00814167 0.0140687 0.00903834 0.00607269 0.0088054 0.949093 0.0047805
6 0.00780791 0.0136593 0.01479 0.00788493 0.00655699 0.944403 0.00489773
6 0.00633628 0.0130483 0.0105583 0.00570443 0.00485315 0.955439 0.00406041
6 0.00765879 0.0144507 0.0121181 0.00690967 0.00640786 0.94767 0.00478509
7 0.016263 0.0074369 0.00765917 0.0230029 0.0415234 0.00774019 0.896374
7 0.00195485 0.00298115 0.00357347 0.00191102 0.0024158 0.00232342 0.98484
7 0.0259423 0.00718902 0.00769811 0.0116387 0.0212889 0.00629591 0.919947
7 0.00820564 0.00935735 0.0116981 0.0340543 0.00997491 0.00693431 0.919775
7 0.0091656 0.0100535 0.0120999 0.040716 0.0125812 0.00728834 0.908095
7 0.00444007 0.00587481 0.00719627 0.0413081 0.00416085 0.00461191 0.932408
7 0.0176022 0.00494351 0.00576069 0.0387835 0.0137703 0.00454654 0.914593
7 0.0214836 0.0124434 0.0162554 0.0430761 0.0144825 0.00869158 0.883567
7 0.00256842 0.00259304 0.0034535 0.0110424 0.00263892 0.00238205 0.975322
7 0.0130937 0.0133553 0.0186518 0.0435449 0.0112009 0.00910126 0.891052
1 0.972812 0.0108157 0.00427614 0.00161278 0.00608485 0.00200039 0.00239778
1 0.989322 0.00413236 0.00193886 0.000611598 0.000890741 0.00129429 0.00181021
1 0.959648 0.0121549 0.00523197 0.00257307 0.0133696 0.00396374 0.00305918
1 0.973239 0.0105816 0.00220192 0.00260963 0.00407712 0.00379693 0.00349421
1 0.985079 0.00361846 0.00163018 0.00165355 0.00271673 0.00251314 0.00278942
1 0.984758 0.00281881 0.00123575 0.00204851 0.00305964 0.00331825 0.00276147
1 0.990184 0.00432578 0.00123454 0.000331675 0.00117618 0.00109959 0.00164827
1 0.956526 0.0113253 0.00916552 0.00625129 0.00711125 0.0052799 0.00434113
1 0.974845 0.0104098 0.00389045 0.00227193 0.00302383 0.00282106 0.00273828
1 0.975519 0.00793912 0.00161613 0.00268673 0.00510315 0.00396646 0.00316933
1 0.960933 0.00955442 0.00842588 0.0053136 0.00681481 0.00514587 0.00381253
3 0.00384536 0.00843419 0.9821 0.000843222 0.00198303 0.0014475 0.00134676
4 0.00651882 0.00495693 0.00307524 0.975021 0.00616096 0.00287351 0.00139364
7 0.0173562 0.0197922 0.0184083 0.0382401 0.0212795 0.0080927 0.876831
2 0.00452875 0.970265 0.0141816 0.00193334 0.00467088 0.00246804 0.0019526
3 0.00290914 0.00090774 0.986703 0.00156039 0.00372223 0.00219677 0.00200112
5 0.0214951 0.00343657 0.00338203 0.00309343 0.958458 0.00438003 0.00575483
6 0.00938054 0.00699445 0.00824711 0.00444052 0.00930712 0.958185 0.00344553
7 0.0133877 0.0111677 0.0141296 0.0283883 0.0214646 0.0070889 0.904373
4 0.0116014 0.0099519 0.0122044 0.932868 0.0184499 0.00686416 0.00806019
6 0.0132525 0.0120484 0.0153713 0.00950171 0.0133883 0.931438 0.00500016
2 0.00297084 0.986455 0.00656177 0.000889201 0.00131302 0.000984404 0.000825536
2 0.00226756 0.970212 0.0140553 0.00370082 0.00501427 0.00258987 0.00215985
2 0.0048889 0.967982 0.0142462 0.00344771 0.0045117 0.00264204 0.00228097
2 0.00137905 0.991611 0.00224404 0.000944261 0.00159845 0.00119498 0.00102859
2 0.00374417 0.975996 0.0137649 0.0013618 0.0021272 0.0015864 0.00141939
2 0.00405358 0.971673 0.014018 0.0020607 0.00343246 0.00242721 0.00233492
2 0.00297554 0.974143 0.0139074 0.00209859 0.00252418 0.00235103 0.00200019
2 0.00424734 0.970282 0.0116679 0.00328893 0.00425426 0.00334727 0.00291277
2 0.00418353 0.980837 0.00648867 0.00202399 0.00264 0.00199225 0.00183408
2 0.00350636 0.970153 0.0138455 0.00358909 0.00521731 0.00238126 0.00130758
2 0.00386567 0.96583 0.0143605 0.00282842 0.00835716 0.00227997 0.00247856
2 0.00471848 0.963883 0.0143948 0.00404725 0.00530395 0.00237408 0.00527863
2 0.00482393 0.976382 0.00842699 0.00262266 0.00385246 0.00210054 0.00179145
2 0.0037062 0.968735 0.0141526 0.00376641 0.00467738 0.00254775 0.00241421
2 0.00351501 0.96681 0.0140413 0.00405923 0.00420343 0.00451598 0.0028549
2 0.00330476 0.970369 0.0137768 0.00371988 0.00353396 0.00298412 0.00231125
2 0.00194319 0.975536 0.0137878 0.00218511 0.00289882 0.00178984 0.00185963
2 0.00199591 0.975461 0.013791 0.00230536 0.00212448 0.00186018 0.00246238
2 0.00328469 0.978283 0.0117079 0.00210547 0.00185233 0.00138707 0.00137961
2 0.00412751 0.967614 0.014094 0.00347013 0.00423981 0.00350158 0.00295342
2 0.00236645 0.973104 0.0138432 0.00356332 0.00263206 0.00226912 0.00222139
2 0.0013995 0.991226 0.0014113 0.000716704 0.00265265 0.00139345 0.00120081
4 0.00766968 0.00960418 0.00870672 0.952549 0.0130079 0.00446783 0.00399517
5 0.0251969 0.0180017 0.00977057 0.00274649 0.934236 0.00429301 0.00575568
6 0.00842483 0.0137405 0.0124374 0.00495428 0.00912026 0.947632 0.00369089
7 0.0149252 0.0218033 0.0238306 0.0269472 0.0238356 0.00787525 0.880783
4 0.00942221 0.00638165 0.0068936 0.944903 0.0208561 0.00511448 0.00642878
5 0.0158604 0.0030417 0.00224676 0.00173831 0.969205 0.00329188 0.00461569
6 0.00682312 0.00494609 0.00602494 0.00306222 0.0100026 0.966121 0.00302026
2 0.0035321 0.968859 0.0127069 0.00359131 0.00530236 0.00334618 0.00266229
3 0.002856 0.00458153 0.97971 0.0027183 0.00483891 0.00280074 0.00249429
7 0.0144457 0.0132498 0.0183076 0.030583 0.0220089 0.00829481 0.89311
3 0.000905991 0.00504218 0.984994 0.00386399 0.00297446 0.00141865 0.000800353
3 0.00201839 0.00344366 0.985322 0.00434803 0.00264201 0.00128738 0.000938687
3 0.000552138 0.00821119 0.986118 0.00169795 0.00160279 0.000913496 0.000904264
3 0.000810798 0.00203118 0.992786 0.000901752 0.00164562 0.00085107 0.000973711
3 0.00156243 0.00768337 0.976773 0.00588182 0.0039487 0.00215959 0.0019914
3 0.00218234 0.00831443 0.976506 0.00506377 0.00373408 0.00211981 0.00208006
3 0.00296521 0.00876411 0.975836 0.00320784 0.00396625 0.00263027 0.00263077
3 0.00100778 0.00218454 0.989982 0.0033108 0.00162791 0.00102278 0.000864073
3 0.000811439 0.0011852 0.993313 0.00126668 0.00162523 0.000875097 0.000923755
3 0.00228836 0.0085117 0.979958 0.00195076 0.00320079 0.00196112 0.00212899
3 0.00145681 0.00361147 0.986713 0.00218029 0.00229904 0.00189605 0.00184337
3 0.00317138 0.00904181 0.974069 0.00367256 0.0041547 0.00306231 0.00282799
3 0.00254687 0.00870069 0.976221 0.00335284 0.00406683 0.00257228 0.00253931
3 0.00205927 0.00636262 0.980396 0.00507582 0.00287929 0.00166914 0.00155753
3 0.00314833 0.00875411 0.974803 0.00318373 0.00412471 0.00314566 0.00284061
3 0.00219027 0.00857043 0.974831 0.00517821 0.00492493 0.00207029 0.00223442
3 0.00256313 0.00876849 0.975724 0.00317215 0.00391535 0.00322832 0.00262898
3 0.00166118 0.00866845 0.978099 0.00410643 0.00360094 0.00176063 0.00210328
3 0.00115962 0.00440876 0.984884 0.00449334 0.00222894 0.00129017 0.00153479
3 0.00314141 0.00880888 0.974616 0.00325406 0.00414626 0.00317484 0.00285883
3 0.00200713 0.0083013 0.975868 0.00538157 0.00381496 0.00222443 0.00240276
1 0.957443 0.00601075 0.00955453 0.00528342 0.0148745 0.00383835 0.00299542
3 0.00288313 0.00127981 0.984617 0.00151917 0.00498593 0.00248389 0.00223077
4 0.0115099 0.00648272 0.00844405 0.936924 0.0224664 0.00620615 0.00796646
3 0.00332903 0.00620617 0.975806 0.00350046 0.00518557 0.00322306 0.00274943
4 0.0075073 0.00343532 0.00357502 0.944452 0.0357542 0.00402499 0.00125165
4 0.00224804 0.0027748 0.00580792 0.964939 0.0203562 0.00234703 0.00152648
4 0.00444709 0.00418992 0.00782607 0.963342 0.0115124 0.00444606 0.00423635
4 0.00567448 0.0053005 0.0102821 0.954113 0.0145436 0.00517682 0.00490948
4 0.00358766 0.00320415 0.00583855 0.968999 0.0111449 0.0035141 0.00371132
4 0.00265 0.00378101 0.0116579 0.946079 0.030908 0.00281636 0.00210765
4 0.00129219 0.0017225 0.00398535 0.978271 0.0119009 0.00137535 0.0014522
4 0.0060538 0.00561218 0.0105585 0.953866 0.013008 0.00558353 0.00531818
4 0.00140434 0.00174887 0.00333767 0.977988 0.0129068 0.00142556 0.00118869
4 0.00213749 0.00337749 0.00953149 0.96519 0.0151169 0.0026085 0.0020379
4 0.00410978 0.00457487 0.0122937 0.940083 0.0306122 0.00375557 0.00457129
4 0.00372845 0.00352318 0.00628796 0.958137 0.0105002 0.0135843 0.00423855
4 0.00428437 0.00377013 0.00864571 0.964283 0.00959606 0.00452291 0.0048982
4 0.00381083 0.00439333 0.00953115 0.960225 0.00888259 0.00853451 0.00462278
4 0.00248338 0.00306912 0.00505413 0.972546 0.0121179 0.00261336 0.00211628
4 0.00509367 0.0052673 0.0120995 0.940441 0.0277144 0.00414565 0.00523889
4 0.00417089 0.00418536 0.00791624 0.954462 0.0108124 0.0138839 0.00456925
4 0.00440836 0.00399277 0.00867977 0.963488 0.0097072 0.00469707 0.00502731
4 0.00631706 0.0060429 0.0107257 0.95362 0.0121533 0.00571765 0.00542317
1 0.960505 0.00183912 0.00481059 0.00920652 0.0165475 0.00413943 0.0029516
3 0.00185778 0.00138938 0.984627 0.00350716 0.00439947 0.00218389 0.00203543
5 0.0172339 0.00362966 0.00513154 0.0188426 0.946747 0.00389124 0.00452388
6 0.00668162 0.00509222 0.00849583 0.00966131 0.0105277 0.955448 0.00409339
2 0.00314458 0.98508 0.00114437 0.00147047 0.00426207 0.00261342 0.0022854
3 0.0026012 0.00468711 0.982088 0.00149975 0.00454996 0.00236975 0.00220392
6 0.00609373 0.00311579 0.00432782 0.00325949 0.0080371 0.972125 0.00304154
1 0.946139 0.00704286 0.00850571 0.0069661 0.0207947 0.00676651 0.00378539
2 0.00406547 0.968136 0.0115003 0.00400544 0.00550215 0.00384786 0.00294233
5 0.0388507 0.0104706 0.0142231 0.0151418 0.90242 0.0100022 0.00889197
6 0.012131 0.0093627 0.013747 0.00807408 0.0125144 0.939371 0.0048002
7 0.018276 0.0156179 0.0225743 0.0387893 0.0251444 0.0104233 0.869175
5 0.0407989 0.0085831 0.00754032 0.0190487 0.907569 0.00843915 0.00802034
5 0.0134325 0.00573503 0.00842082 0.0184369 0.940959 0.00804605 0.00496971
5 0.0133768 0.00630323 0.00904702 0.0188855 0.934539 0.00612361 0.0117252
5 0.00412833 0.00171847 0.003138 0.00256883 0.984514 0.00199835 0.00193373
5 0.0136037 0.0062362 0.00869397 0.0183532 0.941298 0.00599698 0.00581842
2 0.00325421 0.975005 0.00571183 0.00502814 0.00531628 0.00313503 0.00254995
5 0.0153377 0.00219893 0.00345829 0.00572535 0.96488 0.00454921 0.00385068
7 0.012416 0.00776502 0.0101718 0.0281406 0.0362992 0.0076137 0.897594
2 0.00215525 0.988277 0.00103704 0.00119876 0.00346996 0.0019878 0.00187391
3 0.00187331 0.00858241 0.981069 0.00109978 0.00360587 0.00187509 0.00189418
3 0.00269955 0.00794814 0.976997 0.00243199 0.00469625 0.0027782 0.00244938
5 0.0300198 0.00775868 0.00995343 0.0109719 0.925527 0.00824651 0.00752277
7 0.0142205 0.0118323 0.016384 0.0305583 0.0220718 0.00836334 0.89657
6 0.00917455 0.00523108 0.00557456 0.00543626 0.0241928 0.945697 0.00469366
6 0.00821526 0.00576471 0.00841128 0.00647611 0.0191726 0.947589 0.00437087
6 0.00719145 0.00746042 0.0135228 0.010258 0.005676 0.951218 0.00467357
6 0.00758205 0.00894762 0.0158093 0.00910518 0.00663423 0.947012 0.0049099
6 0.00746399 0.00858278 0.0157009 0.0091372 0.00659233 0.947636 0.00488695
2 0.00390539 0.963761 0.0144252 0.00515471 0.00576645 0.00410284 0.00288473
4 0.0116215 0.00859777 0.0120298 0.928149 0.0228954 0.00898958 0.00771657
5 0.0334246 0.00711713 0.00906552 0.00918569 0.917473 0.0159735 0.007761
6 0.0107686 0.00745204 0.0097364 0.0101809 0.013618 0.943549 0.0046949
7 0.0165947 0.0128296 0.0161222 0.0336896 0.0344207 0.0109751 0.875368
2 0.00238433 0.983048 0.00459501 0.00178756 0.00372412 0.00236861 0.00209253
5 0.0319086 0.00617392 0.00679876 0.00722089 0.931663 0.00862561 0.00760953
1 0.940896 0.00805854 0.0087004 0.00884749 0.0218526 0.00766219 0.00398317
3 0.00336727 0.00915415 0.972514 0.00355899 0.00527934 0.00334312 0.00278295
4 0.0117181 0.00930989 0.0123355 0.932417 0.0187079 0.00729498 0.00821651
5 0.0397838 0.0111747 0.013185 0.0164206 0.898717 0.0113231 0.00939603
6 0.0131251 0.0105644 0.0144235 0.010461 0.0132831 0.933159 0.00498412
