labels 1 2 6 7 8 3 4 5
3 0.0103931 0.00614657 0.00551202 0.004637 0.0165209 0.941051 0.0127043 0.00303555
3 0.00860725 0.00301092 0.00224283 0.00249696 0.00520156 0.971764 0.00475759 0.00191892
3 0.00186889 0.00214998 0.000873934 0.00118691 0.00140433 0.990179 0.00126846 0.00106869
3 0.000221308 0.000669808 0.00063794 0.000668739 0.000467001 0.99552 0.000820446 0.000994271
3 0.00240445 0.00198375 0.00131585 0.00149043 0.00200897 0.987317 0.00186945 0.00160979
3 0.000473691 0.00108444 0.00142626 0.00122346 0.00132992 0.990254 0.00239525 0.0018131
3 0.000499967 0.0010021 0.00138283 0.00128581 0.00142503 0.990683 0.00200498 0.00171589
3 0.00589924 0.00483306 0.00350123 0.00255242 0.00366759 0.970325 0.00588023 0.00334165
3 0.00331529 0.00402044 0.00438696 0.00288865 0.00368587 0.969854 0.00812006 0.00372827
3 0.00506194 0.00373703 0.00157785 0.00183554 0.00712752 0.975788 0.00352811 0.0013439
3 0.0294029 0.0155502 0.00504568 0.00820784 0.0144985 0.907812 0.0162094 0.00327384
3 0.00139556 0.00203104 0.00191848 0.0015204 0.00135785 0.986072 0.00373979 0.0019652
3 0.00771724 0.0154442 0.00761266 0.00313057 0.00407592 0.937282 0.0206497 0.00408769
2 0.165936 0.432927 0.0619913 0.0145329 0.0104704 0.137184 0.152391 0.0245671
3 0.00747209 0.0153788 0.00585481 0.00326817 0.00460258 0.942762 0.0157977 0.00486358
2 0.0917137 0.409954 0.0840503 0.0139058 0.0108626 0.222167 0.144425 0.0229215
3 0.00832275 0.00293327 0.00146187 0.00231556 0.00183874 0.979473 0.00206393 0.00159053
3 0.000411503 0.00104942 0.00110528 0.00120564 0.000817653 0.992337 0.00153231 0.00154141
3 0.00592653 0.00217928 0.00156761 0.00195355 0.00232531 0.981712 0.00241549 0.00192007
3 0.00061207 0.0011105 0.0017087 0.0016094 0.00180874 0.98854 0.00256862 0.00204185
3 0.00911809 0.00456047 0.00362646 0.00268956 0.00375019 0.966474 0.00631239 0.00346845
3 0.00307552 0.00360391 0.00430995 0.00288406 0.00372234 0.970815 0.00788543 0.00370395
3 0.00672984 0.00978028 0.00485121 0.0029083 0.00397932 0.958096 0.0100654 0.00358942
3 0.00322675 0.00412484 0.00424924 0.00268981 0.00332327 0.971649 0.007083 0.00365438
2 0.169102 0.426943 0.0630593 0.0147291 0.0105791 0.134961 0.155672 0.0249551
3 0.00591148 0.00935016 0.00453165 0.00298792 0.0040998 0.959514 0.0096364 0.00396862
3 0.00411591 0.00692848 0.00438326 0.0024475 0.00391075 0.95711 0.0165972 0.00450642
3 0.00702913 0.00973232 0.00613461 0.0031633 0.00345751 0.949507 0.0164075 0.00456832
3 0.00718685 0.0105128 0.00617709 0.00318228 0.00360597 0.949665 0.0151749 0.00449466
2 0.00790943 0.950932 0.00427835 0.00418039 0.0153485 0.00543838 0.00958132 0.00233204
2 0.00895222 0.967804 0.00221872 0.00273866 0.00581871 0.00585766 0.0048891 0.0017213
2 0.00218924 0.986717 0.000989729 0.00144175 0.00151329 0.00460868 0.00158143 0.000958919
2 2.55258e-05 0.996195 0.000440534 0.000639183 0.000348027 0.000708586 0.000875761 0.000767061
2 0.00210089 0.985098 0.00126002 0.00168602 0.00205564 0.00477568 0.00171972 0.00130448
2 0.000691131 0.98987 0.00135119 0.0013377 0.00120213 0.0016577 0.00239866 0.00149185
2 0.000756947 0.990906 0.00119757 0.00134057 0.0013085 0.00133107 0.00185937 0.00129977
2 0.00430749 0.973853 0.00268798 0.00250676 0.00341861 0.00686617 0.00401413 0.00234543
2 0.00226196 0.97711 0.00321965 0.00264219 0.00332928 0.00312048 0.00571767 0.00259881
2 0.00388584 0.97633 0.00147931 0.00155276 0.00717858 0.0049766 0.00339648 0.00120001
2 0.00917689 0.956388 0.00315791 0.00402779 0.0102464 0.00718041 0.00753381 0.00228903
3 0.00515129 0.408938 0.00359045 0.00274503 0.00308301 0.561688 0.0119674 0.00283667
2 0.00601691 0.949337 0.00540262 0.00274723 0.00323034 0.017017 0.0135626 0.00268611
2 0.00631159 0.953998 0.00658301 0.00298423 0.00380313 0.0125804 0.0104567 0.0032833
2 0.00250756 0.978895 0.00211031 0.00372115 0.00134379 0.00399318 0.00569833 0.00173026
2 0.008774 0.954125 0.00571249 0.00314894 0.0037333 0.0101392 0.0107557 0.00361114
2 0.00553059 0.959822 0.00353823 0.00270844 0.00295944 0.0133474 0.00906633 0.0030279
2 0.00742073 0.952096 0.00725033 0.00315133 0.00380997 0.0112915 0.0113838 0.00359656
2 0.00609767 0.980452 0.00129988 0.00225313 0.00172761 0.00487417 0.0019516 0.001344
2 0.000596097 0.992792 0.000974999 0.00111838 0.000696353 0.00115306 0.00147584 0.00119305
2 0.00457518 0.981062 0.00150707 0.00211337 0.00228317 0.00471549 0.00216607 0.00157763
2 0.000780174 0.989101 0.00149981 0.00164086 0.0016791 0.00139193 0.00232217 0.00158516
2 0.00663547 0.970129 0.00297027 0.00272836 0.00352576 0.00673219 0.00471747 0.00256197
2 0.00219898 0.976294 0.0033897 0.00276487 0.00351405 0.00300277 0.00610154 0.00273387
3 0.00596791 0.407922 0.00352254 0.00302371 0.00321796 0.564008 0.00930906 0.00302841
2 0.00627611 0.959458 0.0039082 0.00276916 0.00339756 0.0132333 0.00828488 0.00267323
2 0.00878721 0.954202 0.00572796 0.00315344 0.00374054 0.00999166 0.0107758 0.00362167
2 0.120118 0.847824 0.00527212 0.00319881 0.0037973 0.0087362 0.00753941 0.00351439
2 0.00702114 0.967247 0.0037377 0.00277907 0.00351599 0.00681892 0.00604669 0.002833
2 0.00834976 0.962291 0.00441735 0.00290293 0.00358668 0.00755568 0.00776095 0.00313549
4 0.0115494 0.0059488 0.00721165 0.00244027 0.0193975 0.00427249 0.947639 0.00154043
4 0.0072931 0.00467773 0.00560816 0.00441846 0.00862569 0.00352381 0.950949 0.0149042
4 0.00515464 0.00446385 0.00549874 0.00415178 0.0240056 0.00363552 0.940717 0.0123725
4 0.00197326 0.00157368 0.00259416 0.00112046 0.00155915 0.00128686 0.988186 0.00170594
4 0.00153122 0.00165166 0.00195366 0.00177486 0.00154303 0.00134619 0.98846 0.00173959
4 0.00582607 0.00450478 0.00508807 0.0172995 0.00934532 0.00337885 0.952983 0.00157475
4 0.00200686 0.0025866 0.00270578 0.00129625 0.000892574 0.00173199 0.98689 0.00188956
4 0.00181394 0.00215466 0.00205711 0.00667116 0.00330714 0.00190149 0.977868 0.00422684
4 0.00136116 0.00160609 0.00144312 0.0077602 0.00203048 0.00153215 0.981961 0.00230602
4 0.00190923 0.00254377 0.00262959 0.00115428 0.00128093 0.00191307 0.985228 0.00334144
4 0.00113646 0.0013164 0.00175097 0.000796294 0.000760343 0.000942385 0.991734 0.00156284
4 0.001305 0.00157415 0.00188489 0.00106504 0.001155 0.001216 0.989793 0.00200653
4 0.010582 0.00659584 0.00864728 0.00704283 0.0082365 0.0058287 0.949654 0.00341261
4 0.00154597 0.00117027 0.00182099 0.00679827 0.00319598 0.00105483 0.983483 0.000930988
4 0.00334327 0.00308725 0.00446556 0.00190428 0.00233629 0.00493032 0.977066 0.00286742
4 0.00730132 0.009555 0.00740268 0.00361857 0.00179303 0.00634869 0.955345 0.00863549
4 0.0130003 0.0218469 0.0132949 0.00271475 0.00242877 0.0120804 0.926707 0.00792666
4 0.0102499 0.00895116 0.00705877 0.00753517 0.00435929 0.00557456 0.951986 0.00428526
4 0.00244915 0.00210615 0.00223343 0.001997 0.00162901 0.00155669 0.986095 0.00193384
4 0.00706244 0.00642583 0.00656304 0.00348332 0.00288413 0.00431553 0.965288 0.00397763
4 0.0102575 0.0082124 0.00637647 0.00450522 0.00539798 0.00493964 0.956185 0.00412582
1 0.934491 0.00848907 0.00618046 0.0113213 0.0200441 0.00571468 0.0102025 0.00355645
1 0.693222 0.0992887 0.0160493 0.0095723 0.0717458 0.0635015 0.0326779 0.0139426
1 0.94059 0.0205763 0.00417244 0.00373966 0.00668902 0.0141673 0.00573747 0.00432819
1 0.962031 0.0092617 0.00442302 0.00369242 0.00452229 0.00669918 0.00514468 0.00422551
1 0.938347 0.0118598 0.00856693 0.00401422 0.0135552 0.00738078 0.0112863 0.00499004
1 0.982824 0.00290985 0.00211384 0.00245151 0.00231761 0.00236228 0.00272624 0.0022946
1 0.974204 0.00417849 0.00375775 0.00326217 0.00326962 0.00338289 0.00444873 0.00349598
1 0.969151 0.00577912 0.00415116 0.00335598 0.00363995 0.00379016 0.00689145 0.003241
1 0.884733 0.0433353 0.00833514 0.00578075 0.0093536 0.0254647 0.0158509 0.00714711
1 0.961167 0.00952521 0.00458234 0.00373497 0.00432173 0.00679722 0.00558689 0.00428421
1 0.95798 0.0101679 0.00509242 0.00376005 0.0044591 0.00693029 0.00735784 0.00425197
1 0.974142 0.00311613 0.00302673 0.0041933 0.00479511 0.00311717 0.00350266 0.00410685
3 0.0142535 0.0232368 0.0067451 0.00430082 0.00878793 0.924776 0.0114866 0.00641333
4 0.00988568 0.0098935 0.00798044 0.00377579 0.00650483 0.00638867 0.949909 0.00566253
5 0.0152427 0.0147394 0.00800172 0.0121907 0.00904028 0.0102629 0.0194445 0.911078
1 0.969304 0.00432813 0.00404116 0.00496242 0.00343033 0.00382597 0.00425246 0.00585598
7 0.010781 0.00878396 0.00550134 0.942271 0.0039386 0.00679761 0.00644637 0.0154802
1 0.942033 0.0110668 0.00769877 0.00614732 0.00413599 0.00874809 0.0102628 0.00990695
2 0.0130389 0.892184 0.00919838 0.00592259 0.00440661 0.0464054 0.019776 0.00906758
4 0.0228979 0.0250533 0.0169 0.00876034 0.00654908 0.01658 0.889969 0.0132903
5 0.0162511 0.0148373 0.00952743 0.0168077 0.00499388 0.0122272 0.0139861 0.911369
6 0.012562 0.0125269 0.933178 0.00459012 0.00357642 0.0104301 0.0157595 0.00737663
1 0.888007 0.0424984 0.00888213 0.00862021 0.00401965 0.0232152 0.0181516 0.00660534
1 0.705434 0.115663 0.0262569 0.0127728 0.00615409 0.0546223 0.0647686 0.0143283
1 0.95835 0.010684 0.00602762 0.00382931 0.00422043 0.00485497 0.00747782 0.00455568
1 0.94023 0.0249139 0.00619648 0.00408641 0.00441775 0.00694879 0.00827685 0.00492974
1 0.95739 0.010543 0.00545558 0.00385711 0.00423407 0.0062869 0.00764173 0.00459168
1 0.962693 0.00998163 0.00484287 0.00370939 0.00415697 0.00454163 0.00576064 0.00431354
1 0.952409 0.00987302 0.00666385 0.00442669 0.00467523 0.00735528 0.00912218 0.00547474
1 0.957383 0.0108266 0.00576857 0.00388389 0.0042505 0.00515182 0.00806238 0.00467288
1 0.958742 0.0106114 0.00538654 0.00384134 0.00422387 0.00525934 0.00736621 0.00456932
1 0.956269 0.0106218 0.00566069 0.00389406 0.00424828 0.00639167 0.0082386 0.00467592
1 0.966729 0.00924927 0.0040071 0.00336286 0.00387493 0.00393363 0.00503334 0.00380953
1 0.958219 0.0105487 0.00533499 0.00383843 0.00422289 0.00589373 0.00737635 0.00456603
1 0.951188 0.0111371 0.00707134 0.00416334 0.00440322 0.00678841 0.0103844 0.00486406
1 0.952523 0.0109886 0.00718544 0.00405903 0.00435163 0.00669396 0.0095972 0.00460078
1 0.992348 0.000971917 0.000654437 0.0021657 0.00103718 0.000895372 0.00101225 0.000915331
1 0.951201 0.00656844 0.00280933 0.00630363 0.0206924 0.00434678 0.00563085 0.00244773
1 0.970589 0.0079846 0.00275618 0.00375437 0.00223605 0.00641123 0.00339035 0.00287833
1 0.985592 0.00369271 0.00125003 0.00229636 0.00113969 0.00279559 0.00143599 0.00179728
1 0.995659 0.000508859 0.000370683 0.00134141 0.000280189 0.000479725 0.000429957 0.000929747
1 0.981595 0.00417452 0.00164833 0.00268377 0.00223591 0.00297701 0.00276059 0.00192497
1 0.983641 0.00367575 0.0018408 0.00258657 0.0012168 0.00295329 0.00178247 0.00230297
1 0.98241 0.00333318 0.00237323 0.00275844 0.00138219 0.00272135 0.00229238 0.00272934
1 0.963101 0.00919503 0.00434607 0.00372988 0.00280478 0.00681964 0.00603322 0.00397084
1 0.9654 0.00845432 0.00419336 0.00364284 0.00299958 0.00660719 0.00472811 0.00397426
6 0.0126042 0.00636726 0.935048 0.00512996 0.0165378 0.00553636 0.0154441 0.00333243
6 0.021666 0.0206037 0.889658 0.00505918 0.0222499 0.0143801 0.0195363 0.00684689
6 0.0104498 0.0131437 0.942323 0.00342495 0.00385403 0.0090433 0.0133199 0.0044417
6 0.00644417 0.0118908 0.950072 0.00307467 0.00509338 0.00800283 0.0115146 0.00390776
6 0.00920612 0.0230717 0.920289 0.00406734 0.0045795 0.0144656 0.018872 0.00544851
6 0.0291181 0.0552006 0.806485 0.00746874 0.00685682 0.0362516 0.0474756 0.0111436
6 0.00654565 0.0119019 0.953783 0.00286716 0.00239156 0.00783797 0.0110621 0.00361109
6 0.0194841 0.0418936 0.857404 0.00599974 0.00541993 0.0271516 0.0340037 0.00864369
6 0.00317206 0.00532816 0.973007 0.00177623 0.00338874 0.003423 0.00760903 0.00229606
6 0.0028282 0.00517253 0.976498 0.00185563 0.0017601 0.0032756 0.00641838 0.00219142
6 0.0075102 0.0119314 0.941687 0.00338609 0.00349943 0.00762438 0.0199804 0.0043813
6 0.017441 0.0267374 0.884802 0.00544111 0.00509636 0.0183896 0.0342934 0.0077991
6 0.00868204 0.0122454 0.930499 0.00375304 0.016424 0.00934428 0.014035 0.00501734
6 0.00682354 0.0127678 0.944688 0.00331115 0.0047038 0.00909298 0.0142436 0.00436916
6 0.00702392 0.0116293 0.932509 0.00360049 0.0164538 0.00915364 0.01491 0.00472034
6 0.00561322 0.0120778 0.952758 0.00299141 0.00296778 0.00846476 0.0113009 0.00382575
6 0.00287156 0.00449885 0.97297 0.00185977 0.00440968 0.00367093 0.00721366 0.0025057
6 0.00748492 0.0109718 0.941775 0.00321613 0.00346222 0.00838752 0.0201548 0.00454711
6 0.00734448 0.0124587 0.94121 0.00344041 0.00365336 0.00821715 0.0191696 0.00450676
6 0.0124248 0.0183561 0.919593 0.00432229 0.0038014 0.0135151 0.0219494 0.00603745
6 0.00857133 0.0124435 0.939828 0.00355342 0.00383264 0.00975199 0.0172375 0.00478125
6 0.00582298 0.00809516 0.959728 0.00272058 0.00217004 0.00638309 0.0114006 0.00367916
6 0.0186273 0.026783 0.884665 0.00550249 0.00392164 0.0193688 0.0331151 0.00801687
1 0.942016 0.0105329 0.0111296 0.00515626 0.00719806 0.00898143 0.00878031 0.00620527
3 0.00592162 0.00960074 0.00672465 0.00333151 0.00538045 0.955429 0.00905867 0.00455343
4 0.00899521 0.0103741 0.0119656 0.00434952 0.00641763 0.00727858 0.944913 0.00570639
5 0.0116884 0.0144608 0.0165421 0.0120293 0.00869771 0.0111673 0.019035 0.906379
6 0.00683293 0.00667053 0.960554 0.00332928 0.00398207 0.00558642 0.00844918 0.00459515
8 0.0079604 0.00562577 0.00947641 0.00384596 0.958234 0.0052278 0.0054362 0.00419304
2 0.00478878 0.960454 0.00409713 0.00324998 0.00331144 0.0134564 0.00655588 0.00408636
3 0.00435722 0.00405798 0.00365144 0.00306937 0.00294867 0.972555 0.00502264 0.0043373
4 0.0066765 0.00669213 0.00632544 0.00416094 0.00414062 0.00482446 0.962303 0.00487714
5 0.00883033 0.0081076 0.00696784 0.0105943 0.00384971 0.00675697 0.00927802 0.945615
7 0.0189208 0.0183755 0.012345 0.889037 0.00533051 0.0151108 0.0134841 0.0273959
1 0.849138 0.0350217 0.019382 0.00870911 0.00545456 0.0272702 0.0334673 0.0215576
2 0.0107489 0.894695 0.0100011 0.00498273 0.00433687 0.0433209 0.0228245 0.00909057
4 0.00881689 0.010102 0.00884443 0.00464429 0.00464574 0.00719142 0.948997 0.00675817
6 0.0111239 0.0126351 0.933191 0.00420841 0.00358054 0.0106503 0.0171626 0.00744867
7 0.051833 0.0639389 0.0333949 0.668409 0.00899743 0.0543146 0.0475783 0.0715335
1 0.944101 0.011049 0.00798768 0.00423299 0.00940569 0.00684837 0.0120857 0.00429003
1 0.950698 0.0103531 0.00434306 0.00406623 0.00962929 0.00795115 0.00847258 0.00448641
1 0.95066 0.0107783 0.00678531 0.00428027 0.00457652 0.00657163 0.011395 0.00495318
1 0.964662 0.00916195 0.00382043 0.00345362 0.00365142 0.00642899 0.0050691 0.00375228
1 0.973684 0.00493952 0.0034774 0.00307046 0.00307359 0.00355293 0.00496331 0.00323918
2 0.00683427 0.955341 0.00388991 0.00312806 0.00548754 0.0137895 0.00793388 0.0035961
7 0.0228278 0.0213432 0.0106407 0.882408 0.00950035 0.0157359 0.0149632 0.0225807
5 0.00972621 0.0077715 0.00552603 0.0125434 0.00389044 0.00610731 0.00850256 0.945933
6 0.00734717 0.0066236 0.962303 0.00345157 0.00304621 0.00535555 0.00711837 0.0047548
3 0.00670726 0.00993567 0.00535904 0.00380235 0.00361953 0.955653 0.00902373 0.00589927
2 0.00432926 0.908994 0.00362252 0.00195077 0.0602356 0.00837215 0.00979878 0.00269668
2 0.00663426 0.966504 0.00180526 0.00111857 0.00911571 0.00779134 0.00574621 0.00128489
2 0.00115587 0.982698 0.00141843 0.00102301 0.00707013 0.00349283 0.00209297 0.00104859
2 0.00330313 0.982064 0.00121462 0.00109459 0.00299386 0.00625017 0.00207279 0.00100731
2 0.00533006 0.959511 0.00262748 0.00164329 0.00464285 0.0147185 0.00973202 0.00179471
2 0.00832964 0.953494 0.00337125 0.00275592 0.0103273 0.0125609 0.00621254 0.0029482
2 0.0198344 0.948997 0.00336311 0.00292341 0.00286209 0.0134209 0.00570617 0.00289275
2 0.00254128 0.977876 0.00187615 0.00149282 0.00338397 0.00566081 0.00528911 0.00187998
2 0.00216241 0.981462 0.00168106 0.00180314 0.00170364 0.0056843 0.00369338 0.00180971
2 0.00429776 0.972922 0.00209861 0.00230053 0.0026085 0.0102935 0.00341141 0.00206724
2 0.00216835 0.978339 0.00197287 0.00164102 0.00301705 0.0066057 0.004428 0.00182757
2 0.00188598 0.980335 0.00183906 0.00190689 0.00199845 0.00679499 0.00339658 0.00184296
2 0.00341941 0.97034 0.00269632 0.00182639 0.00297089 0.00775128 0.00884018 0.00215535
2 0.00399772 0.975009 0.00224687 0.00202142 0.00207963 0.00754558 0.00505826 0.00204132
2 0.00853566 0.961819 0.00363614 0.00279755 0.00351513 0.00998061 0.00682451 0.00289187
2 0.00203293 0.978442 0.00141361 0.000963894 0.00291059 0.0081789 0.00494671 0.00111133
2 0.00236258 0.958249 0.0029773 0.00153096 0.0107655 0.0116726 0.0105066 0.00193528
2 0.00332924 0.949338 0.00349651 0.00759096 0.0129948 0.0109724 0.0100452 0.00223297
2 0.00490411 0.963733 0.00349303 0.00275199 0.00349389 0.0132953 0.00554024 0.00278889
2 0.00338367 0.954146 0.00317048 0.00207171 0.00752967 0.0118242 0.01253 0.00534447
2 0.00624984 0.841536 0.00781242 0.00367791 0.0238084 0.0253326 0.0596229 0.0319602
2 0.005205 0.973068 0.00194849 0.00171644 0.00346931 0.00902839 0.00402293 0.00154167
2 0.0107768 0.695157 0.0178565 0.00468498 0.00581844 0.219251 0.0406765 0.00577841
2 0.00239918 0.97016 0.00239924 0.00272454 0.00394187 0.0100686 0.00496459 0.00334214
2 0.002329 0.970874 0.00232886 0.00365263 0.00379523 0.011041 0.00428105 0.00169851
2 0.0236191 0.779408 0.0110265 0.00517481 0.00510573 0.147819 0.0213053 0.0065418
2 0.00361688 0.918718 0.00436663 0.0025799 0.00593477 0.0239575 0.0302311 0.0105952
2 0.0162489 0.540846 0.0230776 0.00553558 0.00599268 0.364032 0.0367057 0.00756235
5 0.0073229 0.01629 0.0059316 0.00921496 0.00730492 0.00884557 0.0118446 0.933246
8 0.005738 0.00619599 0.00245723 0.00360213 0.97098 0.00373121 0.00352931 0.00376573
1 0.967538 0.00302033 0.00506894 0.0047429 0.00361384 0.0042756 0.0042688 0.00747109
2 0.00320499 0.964478 0.00207114 0.00243569 0.0022345 0.0204007 0.00216454 0.00301088
4 0.00902444 0.00954149 0.00772943 0.00480347 0.00505876 0.00675927 0.950627 0.00645649
5 0.00773548 0.00571973 0.00464081 0.00964291 0.00363657 0.00549412 0.00567483 0.957456
7 0.0152383 0.0112158 0.00782422 0.918047 0.00459319 0.010749 0.00808001 0.0242528
1 0.923684 0.0119378 0.010985 0.00683948 0.00453845 0.0132046 0.0141061 0.0147046
4 0.0230544 0.0289858 0.0166971 0.00821893 0.00651771 0.0179383 0.885095 0.0134929
5 0.0151212 0.0165056 0.00924863 0.0133425 0.0049451 0.0123617 0.0136015 0.914874
7 0.0410047 0.0392217 0.0220203 0.77058 0.00759983 0.0363797 0.0275975 0.0555961
3 0.00195219 0.00955888 0.00398846 0.00181866 0.0081041 0.957805 0.0150911 0.00168119
3 0.0155545 0.0236444 0.00667958 0.00351761 0.0130246 0.917977 0.016016 0.00358671
3 0.0368724 0.0187202 0.00457024 0.00318252 0.00368886 0.920602 0.00833504 0.00402857
3 0.00253703 0.00555234 0.0024648 0.00160161 0.00281897 0.976635 0.00594454 0.00244614
3 0.0022276 0.0041896 0.00208943 0.00181656 0.00196204 0.981363 0.00409124 0.00226053
3 0.00386249 0.0066321 0.00335599 0.00225276 0.00586699 0.970005 0.00509617 0.00292801
3 0.00294826 0.00442882 0.00230848 0.00208226 0.00278727 0.979312 0.00372409 0.0024093
3 0.00899258 0.0163575 0.00573952 0.00322033 0.00361001 0.946133 0.0118244 0.00412275
3 0.0369304 0.045989 0.012576 0.00562274 0.0060537 0.8588 0.0258727 0.0081554
3 0.00120684 0.00763582 0.00219108 0.000950601 0.00301265 0.969104 0.0142627 0.00163609
3 0.0168815 0.195409 0.11384 0.00844939 0.0108782 0.485169 0.159048 0.010325
3 0.00808613 0.0232473 0.0103773 0.0116117 0.014724 0.860525 0.0420162 0.0294124
3 0.0073364 0.00865041 0.00401857 0.00221144 0.00767098 0.954512 0.0136894 0.0019108
3 0.00581645 0.00863787 0.00439485 0.00286181 0.00368213 0.963506 0.007342 0.00375849
3 0.00382804 0.0103491 0.00396977 0.00255615 0.00531724 0.953821 0.0143929 0.00576607
3 0.019086 0.29853 0.0756975 0.00683884 0.00739965 0.523936 0.0591025 0.00940972
3 0.00437727 0.00763341 0.00195076 0.00158344 0.00308002 0.975868 0.00374755 0.00175936
3 0.000188782 0.00320569 0.000715077 0.000481607 0.00100871 0.992223 0.00151481 0.000661889
3 0.00159654 0.0051073 0.00190959 0.00196613 0.00285065 0.981618 0.0032869 0.00166492
3 0.00356808 0.0118515 0.0032503 0.00202207 0.00348034 0.965806 0.00649727 0.00352431
3 0.00232546 0.00882925 0.00254275 0.00175429 0.00328386 0.965702 0.0123819 0.00318009
2 0.00435339 0.57753 0.00337911 0.00283923 0.00304068 0.401327 0.00426422 0.00326668
4 0.00536656 0.00618918 0.00655159 0.00359749 0.00389458 0.00637748 0.963617 0.00440648
5 0.0125271 0.0145224 0.00850598 0.0137511 0.00707012 0.079075 0.0186018 0.845946
8 0.00987853 0.0103644 0.00679022 0.00519654 0.488331 0.452833 0.0206655 0.00593997
2 0.00356118 0.970596 0.0025067 0.00292131 0.00257435 0.0126931 0.00220464 0.00294224
4 0.0146365 0.0140432 0.0104523 0.00696336 0.00468897 0.00891525 0.932551 0.00774964
5 0.0137482 0.0103521 0.00749462 0.0161332 0.00473908 0.0123691 0.00938665 0.925777
1 0.94674 0.0115081 0.00724339 0.00598218 0.00401874 0.00704899 0.00895957 0.00849951
2 0.00496105 0.968425 0.00395219 0.00344816 0.00333134 0.00580213 0.00604385 0.00403629
3 0.0126867 0.0464978 0.00875305 0.00583427 0.00377158 0.903406 0.0102552 0.00879557
4 0.0352574 0.043643 0.0213075 0.0118481 0.00681315 0.019923 0.845884 0.0153241
5 0.0277805 0.0333352 0.0153371 0.0269698 0.00644538 0.0183491 0.0222393 0.849544
7 0.0216956 0.0224543 0.0111404 0.886234 0.00567344 0.0154777 0.013435 0.0238891
4 0.000506367 0.00108561 0.00133043 0.000823522 0.00238769 0.000833675 0.992091 0.000941334
4 0.00358127 0.00677702 0.0059168 0.00290422 0.00403966 0.00420749 0.96887 0.00370392
4 0.00122997 0.00433866 0.00255226 0.00132747 0.00304143 0.00457073 0.97817 0.0047694
4 0.0019395 0.00721944 0.00267737 0.00167144 0.00289446 0.00525196 0.96911 0.00923618
4 0.000420237 0.000962901 0.0010537 0.00062488 0.00132973 0.000917484 0.993248 0.00144319
4 0.00348681 0.00737062 0.00413388 0.00338802 0.0122379 0.00489464 0.961811 0.00267751
4 0.00597558 0.00943364 0.00725928 0.00420278 0.00486144 0.00674381 0.955634 0.00588965
4 0.00584336 0.00961488 0.00730628 0.0043116 0.00618145 0.00645092 0.95568 0.00461199
4 0.0153744 0.0234029 0.0158074 0.00510917 0.00716127 0.0151717 0.907981 0.00999203
4 0.00421824 0.00842318 0.00568332 0.00359836 0.0090265 0.00393307 0.961201 0.00391585
4 0.0141129 0.0332153 0.0139781 0.0095407 0.008057 0.0205223 0.721004 0.17957
4 0.0168108 0.0384335 0.0154974 0.0493484 0.0200016 0.0309322 0.81841 0.0105661
4 0.397191 0.0580596 0.00997981 0.00656189 0.00909549 0.0368004 0.474697 0.00761513
4 0.0061847 0.0160763 0.00758852 0.00480994 0.00653614 0.038199 0.915517 0.00508793
4 0.00445856 0.00713123 0.00603767 0.00343028 0.00408051 0.0047859 0.965922 0.00415413
4 0.00374071 0.00993674 0.0138084 0.00368947 0.00473684 0.0043131 0.956066 0.00370832
4 0.00101922 0.00205868 0.0023857 0.00158627 0.00346116 0.00165019 0.986265 0.00157364
4 0.0028475 0.005506 0.0163714 0.00278923 0.00391481 0.00332847 0.96163 0.0036126
4 0.00169245 0.0039691 0.00325495 0.00514143 0.00335083 0.00291493 0.977566 0.00211009
4 0.0093938 0.00647389 0.00472925 0.00278931 0.00311939 0.00395423 0.966178 0.00336177
4 0.0036711 0.0077341 0.00559066 0.00356051 0.00463016 0.0021007 0.968839 0.00387353
4 0.00408681 0.0067381 0.00571685 0.00387174 0.00512247 0.00575752 0.964694 0.00401239
4 0.0152119 0.025096 0.0155055 0.00628568 0.00622198 0.0140146 0.909668 0.00799678
4 0.00522267 0.00879521 0.00630274 0.00427155 0.00509471 0.0057179 0.95006 0.014535
4 0.00766279 0.0203101 0.0219257 0.00488737 0.00551237 0.00918521 0.924873 0.0056438
1 0.960075 0.00530446 0.00472414 0.00403967 0.0044123 0.00381375 0.0123788 0.00525233
2 0.00269384 0.964197 0.00239309 0.00218085 0.00275133 0.0127048 0.0104866 0.00259211
4 0.0017981 0.00218712 0.0032254 0.00167246 0.00163955 0.00168676 0.985443 0.00234736
7 0.0289926 0.0340243 0.0169051 0.789952 0.00993101 0.0256366 0.0553025 0.0392556
8 0.0124 0.0112769 0.00758858 0.00621796 0.558517 0.0183779 0.37849 0.00713103
2 0.00346487 0.976695 0.00246527 0.00257325 0.00255207 0.00722972 0.00190906 0.00311069
3 0.00798954 0.00496603 0.00578303 0.00385731 0.00309775 0.964226 0.0034195 0.00666034
5 0.00800065 0.00602888 0.00495772 0.00816133 0.00362826 0.00456171 0.0063615 0.9583
6 0.00553976 0.00458282 0.972539 0.00294078 0.00281052 0.00386937 0.00351142 0.00420642
7 0.0279528 0.0224994 0.0140029 0.852406 0.00611251 0.0163516 0.0193439 0.0413304
2 0.00519711 0.964908 0.00403249 0.00313387 0.00332165 0.0105886 0.00450911 0.00430914
3 0.0138886 0.031106 0.00974665 0.00510564 0.00430932 0.917841 0.00792899 0.0100737
4 0.0300711 0.0389849 0.0190751 0.00895712 0.00608254 0.0194496 0.862475 0.0149046
7 0.0544776 0.055859 0.0277669 0.708412 0.0085387 0.0397592 0.0356513 0.0695353
5 0.00739358 0.0133572 0.00671952 0.00473597 0.0192396 0.0100669 0.0218075 0.91668
5 0.00175763 0.00298767 0.00202579 0.00213419 0.00143296 0.00263846 0.00739897 0.979624
5 0.00824362 0.0139535 0.00746186 0.0083219 0.00897469 0.0101073 0.0148199 0.928117
5 0.00845642 0.0137038 0.00800672 0.00628689 0.00715397 0.00973114 0.0214511 0.92521
5 0.0032897 0.00495284 0.00342619 0.00265496 0.00207427 0.00413682 0.0075425 0.971923
5 0.000364395 0.000448163 0.00057957 0.000869221 0.000693889 0.000569118 0.00111551 0.99536
5 0.00342182 0.00469746 0.00330772 0.00290171 0.00280896 0.00369048 0.00880342 0.970368
5 0.00195514 0.00329017 0.00205876 0.00217631 0.00482398 0.00249546 0.00348465 0.979716
5 0.0156193 0.025428 0.0129051 0.00621537 0.0052509 0.017117 0.028274 0.88919
5 0.00371205 0.00562248 0.00366802 0.00293903 0.00252728 0.00413564 0.00702921 0.970366
2 0.00515532 0.95584 0.00406577 0.00303541 0.00531878 0.0138752 0.0077558 0.00495359
3 0.00621163 0.00956391 0.00513112 0.00324648 0.00560861 0.954586 0.0093543 0.00629762
4 0.00903302 0.0102547 0.00831853 0.00358794 0.00650379 0.0071878 0.947823 0.00729106
5 0.00208727 0.00185022 0.00164455 0.00277647 0.00251967 0.00176005 0.00224321 0.985119
6 0.0100348 0.0117673 0.931887 0.00389466 0.00538205 0.00914725 0.0199234 0.00796395
7 0.0390428 0.0430285 0.0216422 0.727029 0.0183347 0.0332947 0.0288104 0.0888174
1 0.965093 0.00552201 0.00473403 0.00464483 0.00362002 0.00454999 0.00527338 0.00656307
2 0.00355999 0.97336 0.00276246 0.00285156 0.00298058 0.00791786 0.00354331 0.0030243
4 0.00649759 0.00632532 0.00580797 0.00377102 0.00414402 0.00444734 0.964407 0.00459975
5 0.00586027 0.00442332 0.00342734 0.00733763 0.00276665 0.00368262 0.00441369 0.968088
6 0.00715863 0.00673988 0.96226 0.00333211 0.00302626 0.00545628 0.00714884 0.00487815
7 0.0170172 0.0142704 0.00870566 0.902555 0.00601606 0.0111744 0.0103225 0.0299387
3 0.00616289 0.00920379 0.005065 0.00368389 0.00357854 0.958073 0.0085315 0.00570102
6 0.00970336 0.0137628 0.933201 0.00349952 0.011073 0.00952094 0.0147591 0.00448035
6 0.00784741 0.0131541 0.942633 0.00347016 0.00359704 0.00939597 0.0153216 0.0045811
6 0.00327915 0.00398654 0.978421 0.00170498 0.00225946 0.00301482 0.00532848 0.0020058
6 0.00113945 0.00162163 0.990211 0.00100047 0.000923534 0.00120662 0.00270891 0.00118858
6 0.00233058 0.00485907 0.97698 0.00188808 0.00214549 0.0033479 0.00618556 0.00226308
6 0.00910114 0.0125239 0.940699 0.00345537 0.00347979 0.00973212 0.0163301 0.00467843
6 0.00444592 0.00707671 0.961954 0.00249517 0.00687693 0.00539796 0.00859276 0.00316067
6 0.00833051 0.0130673 0.941374 0.00352598 0.00334591 0.00971499 0.0159141 0.00472709
6 0.00385245 0.00579038 0.970414 0.00222855 0.00235653 0.00432556 0.00823291 0.00279992
6 0.00854864 0.0126833 0.938865 0.00357299 0.00386165 0.00902625 0.0186575 0.00478476
2 0.00490979 0.956141 0.00551004 0.00313716 0.00513132 0.0139212 0.00775558 0.00349339
7 0.0187075 0.0211187 0.0185873 0.877931 0.00919785 0.01669 0.0150745 0.0226929
1 0.94578 0.00995751 0.00813633 0.0055407 0.00416888 0.00818602 0.00947298 0.00875803
3 0.00621958 0.00996921 0.00569111 0.00346353 0.00361628 0.955222 0.00986634 0.00595186
5 0.0137943 0.0155995 0.0109404 0.0119006 0.00501525 0.0129918 0.0169742 0.912784
8 0.0172083 0.00514489 0.00501169 0.00586155 0.95031 0.00455312 0.00846905 0.00344123
8 0.0129976 0.00500199 0.00543813 0.00673215 0.953543 0.00442401 0.00852458 0.00333845
2 0.00761319 0.968756 0.00214123 0.00239622 0.00243172 0.0103166 0.00415493 0.00219042
2 0.00415445 0.972801 0.0029382 0.00260805 0.00278574 0.00706836 0.00505747 0.0025866
2 0.00628467 0.958228 0.00329617 0.00270748 0.00783605 0.0136623 0.00525251 0.00273256
2 0.00736697 0.964487 0.00299659 0.00265809 0.00324018 0.0119962 0.00465241 0.00260286
2 0.00682722 0.954224 0.00286668 0.0020242 0.0110054 0.0102005 0.0108648 0.00198738
2 0.00273704 0.96015 0.00814603 0.00257842 0.00416155 0.00768449 0.0120286 0.00251405
2 0.00354658 0.945441 0.00381493 0.00439384 0.0141098 0.00926365 0.0108636 0.00856657
2 0.00358003 0.96212 0.00341682 0.00277183 0.00399386 0.0134427 0.00785956 0.00281542
2 0.00102715 0.983794 0.000926499 0.00121083 0.00174884 0.00876251 0.00124055 0.00128917
4 0.00437633 0.00885958 0.00564619 0.00306872 0.00586382 0.00442257 0.963647 0.00411599
6 0.006578 0.0129697 0.944254 0.00354992 0.00462947 0.00707218 0.016056 0.00489058
7 0.0139326 0.0232755 0.00835232 0.902679 0.00818754 0.0146588 0.010755 0.0181592
3 0.00433527 0.00119598 0.00351063 0.00310297 0.00303415 0.976949 0.0033712 0.00450074
2 0.0049019 0.959681 0.00409689 0.00328838 0.00339531 0.0135347 0.00667383 0.00442765
3 0.00602996 0.00804261 0.00513645 0.00348562 0.00357807 0.959561 0.00844818 0.00571853
4 0.0014147 0.00134598 0.00181018 0.00078371 0.000632703 0.00108611 0.990629 0.00229749
1 0.941634 0.0108123 0.00630435 0.00488763 0.00761459 0.00900245 0.00905665 0.0106875
3 0.00441773 0.00364096 0.003669 0.00309711 0.00295798 0.973328 0.00478999 0.00409873
1 0.942526 0.0115064 0.00740154 0.00603355 0.00411317 0.00814981 0.0104504 0.00981886
2 0.00512478 0.959279 0.00402334 0.0034673 0.00338485 0.0135824 0.0067184 0.00441964
6 0.0121838 0.0128853 0.933548 0.00453993 0.00355472 0.0100026 0.0159466 0.0073392
5 0.00817114 0.00715866 0.00612875 0.00694292 0.0106402 0.00586447 0.01924 0.935854
5 0.00819905 0.00985823 0.00723023 0.00661259 0.00922593 0.00735789 0.0125993 0.938917
5 0.00445416 0.00477664 0.00423133 0.00279551 0.00389457 0.00427127 0.446579 0.528998
5 0.000912263 0.000878611 0.00101333 0.00114635 0.00118917 0.000875307 0.00223638 0.991749
5 0.00247991 0.00292057 0.00262484 0.00244772 0.00270007 0.00249245 0.00620102 0.978133
5 0.00658453 0.00858077 0.00630106 0.00509417 0.00526896 0.00662486 0.0195867 0.941959
5 0.00251049 0.00309314 0.00269824 0.0026204 0.00262815 0.00244638 0.00297098 0.981032
5 0.00874476 0.0129656 0.00775331 0.0053803 0.00519475 0.00857951 0.0211604 0.930221
4 0.00650653 0.00955215 0.00774384 0.00408714 0.00533769 0.00677645 0.9548 0.00519655
4 0.00581805 0.00923378 0.00556227 0.00380475 0.00903106 0.00689893 0.95627 0.00338153
4 0.000951304 0.00213175 0.0026129 0.00131655 0.00283431 0.00114158 0.987104 0.00190726
4 0.00113165 0.00189685 0.0023 0.00133461 0.00193601 0.00149929 0.987967 0.001935
3 0.00415457 0.00932528 0.00401557 0.00270545 0.00324767 0.961866 0.0106285 0.00405748
5 0.00715447 0.00868777 0.00598043 0.0077151 0.00602882 0.00754192 0.0204169 0.936475
6 0.00580142 0.00603357 0.949823 0.00325702 0.00376827 0.00585617 0.0208487 0.00461188
1 0.971921 0.00373542 0.00439906 0.00401999 0.0032138 0.00314006 0.00358482 0.00598582
4 0.00882997 0.0091681 0.00773063 0.00428865 0.00314825 0.00551806 0.955096 0.00622043
5 0.0154302 0.0164286 0.00950359 0.0121251 0.00486578 0.0108123 0.0127258 0.918109
7 0.0218491 0.0105352 0.00903763 0.899131 0.0280408 0.00976652 0.0161742 0.00546523
7 0.00525754 0.00727048 0.00448031 0.95494 0.00279278 0.00654005 0.0143742 0.00434489
7 0.0263497 0.00851509 0.00656758 0.925686 0.0107029 0.00825477 0.00874526 0.00517852
7 0.0221103 0.0162415 0.0109369 0.888328 0.0142183 0.0127392 0.0194872 0.0159386
7 0.0392721 0.0156774 0.00997782 0.883319 0.00980402 0.0125586 0.0161647 0.0132267
7 0.022635 0.0133568 0.0102209 0.898408 0.0206258 0.0115612 0.0187251 0.0044671
7 0.0450321 0.0145211 0.00965577 0.834795 0.0641253 0.0115827 0.0134263 0.00686148
7 0.0864594 0.0804714 0.0409424 0.542606 0.0838823 0.0611187 0.0826997 0.0218206
7 0.00746602 0.00950735 0.00629037 0.942263 0.00427641 0.00883098 0.0155798 0.00578591
3 0.00187981 0.0069131 0.00343985 0.00148939 0.0103542 0.962664 0.0110314 0.00222864
3 0.00597691 0.00419835 0.00199567 0.00129256 0.00332475 0.97495 0.00657204 0.0016902
3 0.0104575 0.0077675 0.00427305 0.00306465 0.00811006 0.954557 0.0084334 0.00333668
3 0.00062864 0.00285981 0.00111495 0.000690939 0.0026989 0.989741 0.00140135 0.000864258
3 0.00183477 0.00184668 0.000928464 0.000776378 0.00182966 0.99022 0.00158837 0.000975397
3 0.00767148 0.00653072 0.00207486 0.00131259 0.00297794 0.974317 0.00324663 0.00186859
3 0.0050511 0.00976372 0.00333819 0.00192195 0.00441887 0.961394 0.0123708 0.00174147
3 0.00770189 0.00816164 0.00399586 0.00280715 0.00354673 0.963292 0.00687649 0.00361777
3 0.00177171 0.0043376 0.00222979 0.0014613 0.00248554 0.98159 0.00399796 0.00212612
3 0.00703801 0.0102398 0.00381027 0.00296527 0.00677577 0.951053 0.0147171 0.00340076
3 0.00505398 0.00858287 0.0037335 0.00218611 0.00405311 0.963927 0.00937172 0.00309183
3 0.00330966 0.0101431 0.00425613 0.00739684 0.00745536 0.95032 0.0136509 0.00346831
3 0.00310093 0.007361 0.00392169 0.00239927 0.00650667 0.953099 0.0172003 0.00641132
3 0.00447052 0.0089271 0.00430572 0.00287605 0.0040354 0.961727 0.00989088 0.00376748
3 0.00374021 0.0101525 0.00629441 0.00271283 0.00387282 0.957766 0.0120176 0.00344362
3 0.00276881 0.00500909 0.00198372 0.00146186 0.00327536 0.977666 0.00652435 0.00131071
3 0.00648139 0.00930135 0.00459183 0.00290976 0.00371255 0.961236 0.00792378 0.00384336
3 0.00466301 0.00966056 0.00679218 0.00285154 0.00377865 0.958564 0.00996173 0.00372791
3 0.000657572 0.00033187 0.000952232 0.00103829 0.000888695 0.994448 0.000542137 0.00114133
7 0.0140704 0.0137329 0.00830832 0.905591 0.00690721 0.0243986 0.0107843 0.0162074
1 0.975251 0.00251602 0.00386227 0.00436113 0.00318784 0.00284496 0.00294285 0.00503408
6 0.00637747 0.00540612 0.967657 0.00323503 0.00285183 0.0052388 0.0050567 0.00417741
7 0.0103725 0.00761644 0.00513947 0.94665 0.00377853 0.00720191 0.00530465 0.0139361
6 0.0120623 0.013086 0.935468 0.00452491 0.00348687 0.00971462 0.0149006 0.00675675
1 0.965704 0.00971587 0.00405089 0.0033222 0.00384389 0.00450791 0.00511309 0.0037426
1 0.970276 0.00626907 0.00387015 0.00322903 0.00375685 0.0039256 0.00504614 0.00362687
1 0.939162 0.00933106 0.00528767 0.00592476 0.0188053 0.00810867 0.00996497 0.00341552
1 0.969163 0.00833338 0.00340216 0.00350191 0.00180449 0.00634362 0.00370106 0.00375012
2 0.000573829 0.994414 0.000684629 0.000528803 0.000457268 0.00119898 0.00122774 0.0009143
2 3.04725e-05 0.99593 0.000421267 0.000500629 0.000301911 0.000969167 0.000963487 0.000882826
2 0.00619874 0.973294 0.00207865 0.00237855 0.00339914 0.00652766 0.0042576 0.00186615
2 0.00309911 0.958946 0.00291536 0.00233118 0.0168298 0.00725444 0.00690737 0.00171716
2 0.00663091 0.958245 0.00616618 0.0029501 0.00172987 0.00941674 0.0116144 0.00324731
2 0.00697329 0.959013 0.00460808 0.00297702 0.00378131 0.00906826 0.0103258 0.00325281
2 0.00211947 0.981187 0.00236449 0.00211598 0.00275512 0.00280523 0.00453984 0.00211332
2 0.00676004 0.959465 0.00347412 0.00280577 0.00320071 0.0131466 0.00817128 0.0029768
2 0.00531278 0.959379 0.00366169 0.0028709 0.00388801 0.0136574 0.00822774 0.00300222
2 0.00590425 0.964135 0.00441595 0.0029128 0.00359257 0.00792358 0.00796675 0.00314867
3 0.00760837 0.00277167 0.0021576 0.00218996 0.0032169 0.975701 0.0041933 0.00216081
3 0.00903985 0.00460544 0.00369902 0.0028122 0.00383249 0.96624 0.00636252 0.00340883
3 0.000367567 0.000971662 0.000745902 0.000502309 0.000455929 0.994536 0.00128273 0.00113787
3 0.00410112 0.00781754 0.00322004 0.00316172 0.017254 0.952833 0.00961714 0.0019951
3 0.00465716 0.00980596 0.00691505 0.0025295 0.00227137 0.959889 0.0105104 0.00342137
3 0.00772054 0.010816 0.00587124 0.00413406 0.00476933 0.948209 0.0144419 0.004038
3 0.00356275 0.00513328 0.0045403 0.00269661 0.00312367 0.968859 0.00837672 0.00370775
3 0.0069456 0.00953449 0.00429959 0.00293314 0.00374592 0.959527 0.00908146 0.00393235
4 0.00628898 0.00925564 0.00703133 0.0054306 0.00634322 0.0042807 0.957284 0.00408557
4 0.0051711 0.00535122 0.00567269 0.0172242 0.00508647 0.00382852 0.954111 0.00355492
4 0.00963468 0.00948947 0.0072238 0.00621053 0.0046421 0.00600148 0.951895 0.00490307
4 0.00346218 0.00821503 0.00453809 0.00210745 0.00205362 0.00313372 0.972493 0.00399679
4 0.00589794 0.00704692 0.00701713 0.00472433 0.00499705 0.00698068 0.958639 0.00469699
4 0.00512819 0.00635407 0.00549737 0.00345441 0.00287629 0.00450567 0.968345 0.00383939
4 0.00452424 0.00642085 0.00675846 0.00221909 0.00173483 0.00387739 0.970926 0.00353908
6 0.0116728 0.0102087 0.932676 0.0039577 0.0167335 0.00609983 0.0150156 0.00363594
6 0.0107196 0.0130635 0.944207 0.00338163 0.00330843 0.0069733 0.0143421 0.00400422
6 0.00908445 0.0125782 0.942282 0.00338503 0.00268498 0.00733018 0.0184165 0.00423883
6 0.00547604 0.0123469 0.950646 0.00303188 0.00462806 0.00616883 0.014406 0.00329599
6 0.00450016 0.00917738 0.957049 0.00243134 0.00196252 0.00503949 0.0166756 0.00316494
6 0.00881323 0.0132105 0.940441 0.00353598 0.00363039 0.0089094 0.0167457 0.00471331
6 0.00839086 0.013181 0.943602 0.0034638 0.0036116 0.00868012 0.0145148 0.00455609
6 0.00596904 0.00527413 0.967266 0.00244556 0.00526572 0.00332546 0.00809106 0.00236309
6 0.0026613 0.0033383 0.978891 0.00147725 0.00185435 0.00267463 0.00710188 0.00200093
6 0.00345215 0.00418382 0.967907 0.00244696 0.00961146 0.00302314 0.00730677 0.00206911
6 0.00767055 0.013261 0.939258 0.00357727 0.00355344 0.00840336 0.0196771 0.00459939
6 0.00334412 0.00398235 0.977502 0.00163709 0.00122796 0.00270221 0.00743856 0.00216523
6 0.00181884 0.00263007 0.983908 0.0012538 0.00119745 0.00192754 0.00563549 0.00162856
6 0.00510714 0.00435027 0.952869 0.00350108 0.0177506 0.00381288 0.00997575 0.00263348
6 0.00643069 0.0128792 0.946568 0.0033919 0.00367677 0.00803319 0.0147792 0.00424086
6 0.0102054 0.0113442 0.937251 0.00398802 0.00665247 0.00840876 0.017941 0.0042097
6 0.00904548 0.0132082 0.938211 0.0037462 0.0047888 0.00907984 0.0173348 0.00458604
6 0.00893976 0.0127707 0.939175 0.0036225 0.00370044 0.00895292 0.0181702 0.00466882
6 0.00953288 0.0118647 0.941053 0.0033445 0.00250321 0.00885476 0.0184526 0.00439389
7 0.0206581 0.00951545 0.00688737 0.911567 0.0201973 0.00837158 0.0172517 0.00555133
7 0.0179547 0.0155786 0.00933597 0.909128 0.00722899 0.0124828 0.0200972 0.00819408
6 0.00455802 0.00615315 0.966874 0.00192496 0.00208908 0.00388556 0.0117385 0.00277628
