labels 1 2 3 4 5 6 7
1 0.970123 0.0118961 0.00211252 0.00443526 0.00446422 0.00376207 0.003207
1 0.978086 0.00295881 0.00972913 0.00248436 0.00179654 0.00231586 0.00262903
1 0.966075 0.00440026 0.00925348 0.00671803 0.00557406 0.00446032 0.00351847
1 0.950301 0.00607101 0.00542464 0.00776566 0.0203199 0.00431663 0.00580087
1 0.951853 0.0121165 0.0123343 0.00853079 0.00586799 0.00564387 0.00365398
1 0.959218 0.0130745 0.00798926 0.00611746 0.0055198 0.00464957 0.00343157
1 0.979215 0.00346075 0.00398615 0.00339547 0.00428653 0.00307565 0.00258065
1 0.959878 0.0130392 0.00755166 0.00605058 0.0055162 0.00453351 0.00343058
1 0.970277 0.0118927 0.00409976 0.00343829 0.0043838 0.00325372 0.00265477
1 0.967844 0.0052321 0.00720294 0.00616119 0.00549319 0.00465106 0.00341505
1 0.966605 0.00724803 0.00681191 0.00592823 0.00548909 0.00450426 0.00341332
1 0.951975 0.0114877 0.0126587 0.00890071 0.00593997 0.00533793 0.00370004
1 0.956467 0.0133776 0.00934472 0.00686534 0.00565722 0.0047679 0.00352011
1 0.976785 0.00450136 0.00462444 0.00383299 0.00439534 0.0032123 0.00264906
1 0.957079 0.0133716 0.00886421 0.00680377 0.00564191 0.00473234 0.0035074
1 0.968977 0.0121305 0.00449673 0.00383864 0.00450061 0.00332975 0.00272713
1 0.963167 0.00772644 0.00834742 0.00688004 0.0056313 0.00474387 0.00350366
1 0.961033 0.0106219 0.00783197 0.00671826 0.0056099 0.00469529 0.00349005
1 0.945284 0.0108925 0.0134913 0.0107218 0.00770448 0.008061 0.00384465
1 0.951736 0.00973195 0.0131139 0.00982338 0.00604865 0.00576866 0.00377792
1 0.952961 0.0110068 0.012982 0.00799303 0.00596495 0.00549276 0.00359996
1 0.952193 0.0118406 0.0125012 0.00862233 0.00589482 0.00527053 0.00367742
1 0.952712 0.00611461 0.0059393 0.00726713 0.0202067 0.00417477 0.00358514
1 0.996823 0.000281466 0.000367958 0.000363674 0.000357571 0.000529821 0.0012769
1 0.975731 0.00336588 0.00412255 0.00534747 0.00371862 0.0023138 0.00540064
1 0.969283 0.0107991 0.0110702 0.00238078 0.0018504 0.00228405 0.00233228
1 0.984962 0.00484827 0.00444559 0.0013076 0.00146331 0.0012252 0.00174845
1 0.997427 0.000271584 0.0003713 0.000265707 0.000128433 0.000506512 0.00102989
1 0.98591 0.00311132 0.00373333 0.00242964 0.00108605 0.00157322 0.00215635
1 0.98592 0.0036373 0.0035252 0.00168501 0.00128688 0.00192541 0.00201975
1 0.967434 0.0114956 0.0108641 0.00302492 0.00148007 0.00287358 0.00282737
1 0.988069 0.00206274 0.00221265 0.00193682 0.0011582 0.00227665 0.00228357
1 0.962338 0.0106521 0.0116021 0.005507 0.00278213 0.00386807 0.00325087
1 0.963073 0.0101331 0.0117996 0.0039837 0.00424706 0.00370033 0.00306306
2 0.00448132 0.961291 0.00457602 0.00584319 0.0173162 0.00368547 0.00280707
2 0.00662521 0.973457 0.00376558 0.00350267 0.00790356 0.00264239 0.00210383
2 1.67202e-05 0.997154 0.00104512 0.000223884 0.000459343 0.000609841 0.000490699
2 1.59617e-05 0.996772 0.00134256 0.000536386 0.000370938 0.000555307 0.000406981
2 1.08518e-05 0.997695 0.000639245 0.000383061 0.000260239 0.000579074 0.000432337
2 0.000765459 0.991989 0.000868276 0.00170017 0.00145273 0.00188053 0.0013442
2 0.00572712 0.975485 0.00502939 0.00324774 0.0055847 0.00280075 0.00212571
2 6.33753e-05 0.994439 0.001786 0.000488533 0.00124042 0.00107269 0.000909821
2 4.97295e-05 0.995323 0.000613981 0.0008532 0.000902643 0.00129393 0.000963773
2 0.00105302 0.988749 0.00152044 0.00214314 0.002506 0.00231069 0.00171737
2 0.00651069 0.972072 0.00731416 0.00329639 0.00469437 0.00346885 0.002644
2 0.00206161 0.979847 0.00797113 0.00207747 0.00339255 0.00261064 0.0020397
2 0.000758128 0.98661 0.00167292 0.00260988 0.00317903 0.00300364 0.00216679
2 0.00332042 0.971416 0.00820453 0.00514112 0.00481946 0.00417518 0.00292364
2 0.0025001 0.966727 0.00518304 0.00472644 0.0157295 0.00325939 0.0018745
2 0.00299462 0.978618 0.00469914 0.00258181 0.00722668 0.0023877 0.00149161
2 0.00117027 0.990175 0.00197154 0.00137247 0.00211388 0.00191069 0.00128644
2 0.00690511 0.966851 0.00664661 0.00440287 0.00878683 0.00335028 0.0030573
2 0.000679198 0.993684 0.000809037 0.000781705 0.00181948 0.00120045 0.0010265
2 0.00190648 0.96966 0.0141999 0.00368474 0.00435855 0.00356365 0.00262666
2 0.00380851 0.965422 0.0143784 0.00493311 0.00447206 0.00427618 0.00271026
2 0.00489619 0.960629 0.0151646 0.006037 0.0049747 0.00522515 0.00307375
2 0.00505816 0.963239 0.0121389 0.00761035 0.00349194 0.00543785 0.00302349
2 0.00216553 0.979961 0.00452544 0.00421446 0.00463337 0.00264028 0.00186026
2 0.00156046 0.985162 0.00221022 0.00342759 0.00185268 0.00208517 0.00370157
2 0.00443705 0.970024 0.00721574 0.00589504 0.00492199 0.00448002 0.00302605
2 0.00545737 0.95921 0.0152301 0.00694763 0.00512806 0.00484834 0.00317866
2 0.00391499 0.965222 0.0142287 0.00501099 0.00476487 0.0040142 0.00284432
2 0.00377776 0.964598 0.0147461 0.00505615 0.00483843 0.00407973 0.0029035
2 0.00504266 0.959349 0.0152132 0.00697636 0.00514844 0.00508173 0.00318908
2 0.00601902 0.989708 0.00112601 0.00055891 0.000858079 0.000963325 0.000766754
2 0.00096409 0.989763 0.000940395 0.00224484 0.0020044 0.00240753 0.0016757
2 0.00290444 0.989977 0.00180714 0.000908898 0.00175826 0.00145321 0.00119064
2 0.000979052 0.988171 0.00132393 0.00228745 0.00284227 0.00251777 0.00187806
2 0.00669821 0.974194 0.00726038 0.00261231 0.00384152 0.00305064 0.00234287
2 0.00257871 0.975218 0.00586947 0.00468902 0.00474543 0.00402907 0.00287075
2 0.00424842 0.966272 0.014407 0.0039913 0.00456086 0.00374236 0.00277804
2 0.0076699 0.962126 0.0134644 0.00503552 0.00465005 0.00420397 0.0028505
2 0.00163277 0.985175 0.00142012 0.00286661 0.00380455 0.00290172 0.00219883
2 0.00556596 0.959129 0.0152177 0.00694271 0.00512933 0.00483751 0.00317802
2 0.00788247 0.962045 0.0133063 0.00504978 0.00479074 0.00401106 0.00291449
2 0.00536239 0.96303 0.0147838 0.00502146 0.00476674 0.00406524 0.0029709
2 0.00758182 0.967718 0.00841293 0.00452673 0.00472907 0.00413111 0.00290004
2 0.0056403 0.963783 0.012201 0.00590269 0.00495277 0.00447368 0.00304661
2 0.00429597 0.965225 0.0118814 0.00604129 0.00497746 0.00451697 0.00306147
2 0.00703856 0.957232 0.0147495 0.00756499 0.00521755 0.0049675 0.00323012
3 0.00329037 0.00243178 0.969202 0.00366605 0.0158335 0.00289876 0.00267737
3 0.00482171 0.00210475 0.979889 0.00210647 0.00703034 0.00201385 0.00203349
3 0.000390705 0.00191555 0.996034 0.000245172 0.000407313 0.000491051 0.000516381
3 2.78833e-06 1.80661e-06 0.999129 0.000154527 8.18669e-05 0.00031417 0.000316069
3 4.78143e-06 2.52314e-06 0.999013 0.000139508 0.000112083 0.000352413 0.000375414
3 0.000400253 0.00133143 0.994089 0.000925477 0.000956471 0.00118514 0.00111274
3 0.00442653 0.002754 0.981781 0.00202087 0.00479332 0.00215129 0.00207273
3 0.000513797 0.00180581 0.994128 0.000469182 0.00116628 0.000925003 0.000992153
3 2.86484e-05 1.637e-05 0.997169 0.000392931 0.000633095 0.000864994 0.000894791
3 0.000648491 0.00153849 0.990951 0.00142812 0.00204892 0.00173577 0.00164906
3 0.00476416 0.00346742 0.980094 0.00210062 0.00425369 0.00273216 0.00258802
3 0.00118431 0.00386841 0.986118 0.0014515 0.00313071 0.00215043 0.0020966
3 0.000520724 0.000589191 0.990401 0.00154774 0.00267409 0.00221836 0.00204938
3 0.00229919 0.00389966 0.979733 0.00358405 0.00436027 0.00329473 0.00282878
3 0.00212251 0.00259639 0.973536 0.00333619 0.0140257 0.00260753 0.00177601
3 0.00468103 0.00149925 0.982675 0.00168188 0.00618278 0.00183259 0.00144743
3 0.00321611 0.00582921 0.983984 0.00148965 0.00206936 0.00185138 0.00156005
3 0.00511505 0.00373465 0.974966 0.00292403 0.00765322 0.00267275 0.00293416
3 0.0014372 0.00628983 0.986969 0.000891943 0.00191491 0.0012556 0.00124195
3 0.000782872 0.002493 0.988592 0.00167837 0.00267392 0.0019617 0.00181805
3 0.00291547 0.0070964 0.976124 0.00344479 0.00428366 0.00341239 0.00272288
3 0.00203364 0.0066082 0.982799 0.00172795 0.0015114 0.00387338 0.00144663
3 0.00467812 0.00400869 0.973279 0.00560353 0.00478772 0.00353329 0.00410923
3 0.00207423 0.00450041 0.97934 0.00359644 0.0043751 0.00330963 0.0028038
3 0.00403171 0.00757391 0.972141 0.00492986 0.00455494 0.00377119 0.00299753
3 0.00259697 0.00682782 0.977994 0.00297477 0.00404676 0.00294846 0.00261107
3 0.00271627 0.0071421 0.976393 0.00335968 0.00438109 0.00323938 0.00276819
3 0.00341683 0.0075467 0.972861 0.00475737 0.00453868 0.00388973 0.00298977
3 0.00439876 0.0028521 0.990026 0.000457505 0.000693552 0.000770556 0.000801532
3 0.000655623 0.00160287 0.991811 0.0013732 0.0014432 0.00164719 0.00146659
3 0.0045002 0.00223115 0.988513 0.000702668 0.0015561 0.00121569 0.00128103
3 0.000770742 0.00141445 0.990052 0.0015995 0.00238639 0.00194511 0.00183187
3 0.00490742 0.00343783 0.981364 0.00182095 0.00356857 0.00251006 0.00239098
3 0.00156291 0.00271827 0.982227 0.00322194 0.00429367 0.00318491 0.00279143
3 0.00140476 0.00359771 0.985409 0.00214451 0.00307871 0.00229986 0.0020657
3 0.00438987 0.00712276 0.974748 0.0034065 0.00424126 0.00331887 0.00277281
3 0.00236906 0.00489003 0.978552 0.00363521 0.0043789 0.0033241 0.00285104
3 0.0040613 0.00755496 0.972058 0.00498797 0.00455791 0.0037808 0.00299884
3 0.00442714 0.00711185 0.974829 0.00331732 0.00434513 0.00315274 0.00281686
3 0.00290261 0.00716242 0.976299 0.00326369 0.00431686 0.00319193 0.00286315
3 0.00164483 0.00279978 0.983699 0.00504106 0.0021294 0.00246773 0.0022186
3 0.0035036 0.0064866 0.976186 0.00501794 0.00280581 0.00331011 0.00269042
3 0.00303009 0.00406026 0.979355 0.0049628 0.00250378 0.00343628 0.00265187
3 0.00391527 0.00725912 0.971142 0.005896 0.0047085 0.00399704 0.00308192
4 0.00519256 0.0026145 0.00367862 0.951705 0.0314223 0.00432339 0.00106398
4 0.00434888 0.00233739 0.00338451 0.950685 0.0314627 0.00418013 0.00360133
4 0.00547202 0.00343098 0.00417676 0.94613 0.0315542 0.00468481 0.00455165
4 0.00955958 0.0065722 0.00990511 0.93957 0.0226515 0.00629213 0.00544961
4 0.00113107 0.000860461 0.00166688 0.991146 0.00311331 0.00159548 0.000486442
4 0.00089637 0.000841544 0.00166249 0.991684 0.00231245 0.001247 0.00135598
4 0.00375173 0.00241029 0.00305271 0.956701 0.0168245 0.00325727 0.0140023
4 0.00101871 0.000731563 0.000887769 0.989214 0.0060046 0.00122218 0.000921258
4 0.000624613 0.00056339 0.00119421 0.994536 0.00114659 0.001155 0.000779905
4 0.000412929 0.000383378 0.00067864 0.996105 0.00110637 0.000861265 0.000452466
4 0.00146351 0.00137803 0.00151509 0.979073 0.00299547 0.00140283 0.0121717
4 0.000436736 0.000421652 0.000555566 0.994048 0.00167113 0.00066642 0.00220029
4 0.000741382 0.000841996 0.00173095 0.992585 0.00134928 0.00140337 0.00134756
4 0.000550118 0.000573371 0.00100735 0.994592 0.00149261 0.00105067 0.00073339
4 0.00578936 0.00614472 0.00698706 0.958543 0.0133074 0.00497665 0.00425188
4 0.00250236 0.00175599 0.0088641 0.978773 0.00426043 0.00290069 0.000943321
4 0.00395215 0.00432973 0.00749652 0.968856 0.00466492 0.00758449 0.00311597
4 0.00398764 0.00345734 0.00561732 0.959773 0.00990878 0.00401287 0.0132434
4 0.00747518 0.00635885 0.00953775 0.956839 0.00864037 0.00496256 0.0061859
4 0.00171525 0.00323444 0.00322881 0.985337 0.00281515 0.00221279 0.00145706
4 0.00148528 0.00155319 0.0059715 0.98458 0.00226686 0.00199222 0.00215073
4 0.00446245 0.0039983 0.0102403 0.96265 0.00879704 0.00502349 0.00482837
4 0.00456952 0.00438348 0.00921354 0.971954 0.00333069 0.00464735 0.00190154
4 0.00763375 0.0055949 0.00987927 0.956603 0.00827665 0.0048373 0.00717484
4 0.00135202 0.00108424 0.00223974 0.989084 0.00294076 0.00157984 0.00171913
4 0.00569556 0.004067 0.00706367 0.971044 0.0048376 0.00419339 0.0030983
4 0.00767834 0.00550277 0.0098574 0.958754 0.00906141 0.00486127 0.00428435
4 0.00370291 0.00403497 0.0073281 0.97343 0.00492007 0.00350498 0.00307911
4 0.00490299 0.00518808 0.00974422 0.966359 0.00499621 0.0046776 0.00413202
4 0.00233251 0.00263087 0.00410072 0.982927 0.00292211 0.00337858 0.00170842
5 0.0127517 0.00835342 0.00521022 0.0389383 0.921651 0.00781686 0.00527849
5 0.0142887 0.0118019 0.0107259 0.029761 0.918183 0.00906348 0.00617613
6 0.00820047 0.00483662 0.00564269 0.00956071 0.029009 0.937836 0.00491498
6 0.0136237 0.00832258 0.00696665 0.0108872 0.0163176 0.938504 0.00537837
6 0.0150457 0.0100343 0.0110187 0.00979776 0.00926452 0.939739 0.00509958
6 0.00453846 0.00605005 0.00667194 0.00587205 0.00344201 0.970367 0.00305807
6 0.00952233 0.0113978 0.0142353 0.0106158 0.00627854 0.943184 0.00476666
6 0.00957538 0.0137371 0.00954716 0.00952866 0.0102664 0.942199 0.00514671
6 0.00985615 0.0130376 0.0152685 0.0114155 0.00791434 0.937309 0.00519929
6 0.00752364 0.0133589 0.0115827 0.0099176 0.00630628 0.946317 0.00499422
6 0.00852199 0.0118799 0.0162391 0.0119398 0.00780509 0.938372 0.00524184
7 0.0130776 0.00781844 0.00645763 0.0204946 0.0395271 0.00659788 0.906027
7 0.00163144 0.00329747 0.00290267 0.00156409 0.00202818 0.00187124 0.986705
7 0.0237679 0.0078241 0.00635956 0.0102379 0.019829 0.00540646 0.926575
7 0.00777019 0.0103283 0.0101791 0.0312826 0.0104924 0.00611627 0.923831
7 0.00666952 0.00983816 0.0100162 0.0254743 0.00856076 0.00576938 0.933672
7 0.00386537 0.00653582 0.00602439 0.0305138 0.00363404 0.0038218 0.945605
7 0.0202926 0.00583761 0.00509976 0.00910533 0.0157898 0.00438066 0.939494
7 0.0129652 0.00499138 0.00476144 0.0310116 0.0117214 0.00377821 0.930771
7 0.0171326 0.0120538 0.0142736 0.0338209 0.013027 0.00715305 0.902539
7 0.0018012 0.00262815 0.00279847 0.00733168 0.00216135 0.00186442 0.981415
7 0.0110698 0.0127341 0.0162854 0.033572 0.0101499 0.0074042 0.908784
1 0.970733 0.0118429 0.00535271 0.0025834 0.0053171 0.00192065 0.00225059
1 0.988002 0.00461731 0.00272326 0.00107346 0.000692889 0.00119659 0.0016943
1 0.97027 0.011646 0.005427 0.00379024 0.00248318 0.00349324 0.00288999
1 0.958458 0.0129799 0.00601285 0.00398255 0.0117691 0.00390215 0.00289555
1 0.971538 0.0116689 0.0027044 0.00391535 0.00330681 0.00354488 0.00332144
1 0.984371 0.00405386 0.00206834 0.00237789 0.00214748 0.00233642 0.00264492
1 0.995125 0.00178565 0.000612551 0.000432411 0.000393904 0.000530326 0.00112051
1 0.996313 0.000537288 0.000356317 0.000575924 0.000265527 0.000754348 0.00119767
1 0.984335 0.00302383 0.0016034 0.00309904 0.00232169 0.00303557 0.00258167
1 0.989278 0.00482047 0.00169382 0.000588615 0.00100765 0.00105335 0.00155821
1 0.951742 0.0124226 0.0119091 0.00865726 0.00607557 0.00503625 0.00415756
1 0.972224 0.0115177 0.00532732 0.00348943 0.00232861 0.00256955 0.00254291
1 0.985771 0.00320316 0.0021813 0.00234537 0.00203426 0.00224165 0.00222326
1 0.966247 0.0120103 0.00572084 0.00400209 0.00511058 0.00378287 0.0031267
1 0.969697 0.0116745 0.00543022 0.00375874 0.00312632 0.00342522 0.00288764
1 0.974728 0.00863208 0.00198392 0.00391075 0.00411781 0.00366123 0.0029665
1 0.95706 0.010326 0.0110005 0.00742487 0.00573772 0.00485513 0.00359608
1 0.995659 0.000220054 0.000161453 0.000296947 0.00168337 0.000739357 0.00123999
2 0.00336879 0.990157 0.00162095 0.000775154 0.001889 0.00128263 0.000906375
3 0.00312633 0.00644836 0.985042 0.000789454 0.00181289 0.00149805 0.00128299
4 0.00478025 0.00363186 0.0030217 0.978543 0.00595666 0.00302401 0.00104218
5 0.0306851 0.00889772 0.00359238 0.0030935 0.941906 0.00667469 0.00515072
6 0.00909384 0.00921197 0.00771629 0.00539698 0.00687682 0.958574 0.00312997
7 0.0144478 0.0184593 0.0158061 0.0310154 0.0184532 0.00679158 0.895027
1 0.980837 0.00155033 0.0014134 0.00219065 0.00937216 0.00248939 0.00214662
2 0.00415004 0.969906 0.0144632 0.00208647 0.00486612 0.00269153 0.00183635
3 0.00245977 0.000816277 0.987366 0.0014845 0.00363239 0.00229647 0.00194445
4 0.0061419 0.00415611 0.00486501 0.965154 0.0125083 0.00430261 0.00287189
5 0.0154998 0.00369486 0.00317103 0.00536894 0.960121 0.00700765 0.00513656
6 0.00863452 0.00658729 0.0082042 0.00646661 0.0107856 0.955716 0.00360568
7 0.010774 0.00975814 0.0115631 0.0225333 0.018281 0.0058496 0.921241
1 0.939511 0.0101745 0.0104182 0.0108047 0.0183683 0.0068718 0.00385166
2 0.00418774 0.963237 0.0146804 0.00491324 0.00589632 0.00427252 0.00281289
3 0.0029557 0.00716277 0.975216 0.00330367 0.00526216 0.0033751 0.00272414
4 0.00879086 0.00743087 0.0115321 0.943305 0.0163822 0.00659736 0.00596175
5 0.0325059 0.0153007 0.0144496 0.0262223 0.88868 0.0137942 0.00904714
6 0.0124515 0.0110612 0.0157116 0.0138295 0.0150942 0.926613 0.00523921
7 0.0151736 0.0160893 0.0197432 0.0321398 0.0210019 0.00866077 0.887191
2 0.00175487 0.984422 0.00437514 0.00217209 0.00458526 0.0019787 0.000711911
2 0.00490236 0.980906 0.00546215 0.00214697 0.00376325 0.00194677 0.00087269
2 0.00050917 0.994007 0.00193031 0.000738687 0.00118802 0.00100323 0.000623839
2 0.00268724 0.986448 0.00649892 0.00100148 0.00143655 0.00114463 0.000782961
2 0.00213278 0.968861 0.0143524 0.0042368 0.00535805 0.00302487 0.00203424
2 0.00449339 0.966925 0.0144899 0.00406887 0.00481619 0.00306222 0.00214472
2 0.00588626 0.975423 0.00807229 0.0025702 0.00393244 0.00252854 0.00158688
2 0.00677323 0.965475 0.0140844 0.00326264 0.00441984 0.00339593 0.00258899
2 0.00151416 0.992255 0.0030875 0.000795445 0.00092725 0.000939969 0.000480923
2 0.00133242 0.991184 0.002309 0.00105338 0.00175559 0.00138952 0.000975955
2 0.00159758 0.987462 0.00249903 0.00157204 0.00297617 0.0021206 0.00177235
2 0.0028558 0.981407 0.0112291 0.00116353 0.00133079 0.0012546 0.000758982
2 0.00352269 0.975486 0.0139767 0.00155479 0.00230367 0.00181746 0.00133903
2 0.00382907 0.970998 0.0142429 0.00234906 0.00366899 0.00272118 0.00219075
2 0.0023413 0.976994 0.0140074 0.00176589 0.00150209 0.00207922 0.00131001
2 0.00284682 0.973306 0.0141779 0.0024329 0.00271676 0.00263918 0.0018809
2 0.00412699 0.969216 0.0118594 0.00384293 0.00451822 0.00370242 0.00273454
2 0.00181818 0.987964 0.00396503 0.0018775 0.00174844 0.0015092 0.00111733
2 0.00386927 0.980295 0.00663827 0.00236032 0.00285338 0.00225886 0.00172451
2 0.00778172 0.963935 0.0135802 0.0038131 0.00453316 0.00363765 0.00271871
2 0.00550496 0.966755 0.0145724 0.00349571 0.00511658 0.00275675 0.00179846
2 0.00339753 0.968688 0.0141194 0.0042253 0.00550202 0.00281419 0.0012532
2 0.00304941 0.966255 0.0144233 0.00453128 0.004229 0.00509944 0.00241268
2 0.00358964 0.963833 0.0147109 0.00358439 0.00931281 0.00266493 0.00230457
2 0.00440874 0.96301 0.0146707 0.00460893 0.00559627 0.00271548 0.00499034
2 0.00441978 0.975774 0.00842021 0.00309444 0.00414317 0.00245936 0.00168949
2 0.00413392 0.96655 0.0144273 0.00387785 0.00447682 0.00377793 0.00275618
2 0.00339132 0.967649 0.0144202 0.0042064 0.0050969 0.00298415 0.00225249
2 0.00313531 0.967974 0.0143975 0.00409686 0.00514229 0.00290484 0.00234944
2 0.00340719 0.96597 0.0142828 0.00457621 0.00450591 0.0045724 0.00268509
2 0.00440808 0.974973 0.013419 0.00198861 0.00202048 0.00185651 0.00133485
2 0.00309181 0.967312 0.0142438 0.00440587 0.00455125 0.00369937 0.00269571
2 0.00307007 0.969432 0.014034 0.00419237 0.00374901 0.00335961 0.00216328
2 0.00329493 0.966492 0.0142788 0.00451664 0.00437089 0.00445415 0.00259237
2 0.00183 0.9748 0.0139895 0.00250878 0.00306584 0.00207699 0.00172942
2 0.00185528 0.97487 0.0140277 0.00256211 0.00228089 0.00210456 0.00229966
2 0.00295858 0.977947 0.0118262 0.0023801 0.00200864 0.00158436 0.00129506
2 0.00397597 0.966524 0.0143511 0.00404357 0.0044974 0.00383008 0.00277747
2 0.00274429 0.970626 0.0141138 0.00372484 0.00322632 0.00322857 0.00233577
2 0.00219934 0.972168 0.014078 0.00401643 0.00286647 0.00260013 0.00207123
2 0.0034287 0.966118 0.0142881 0.00455793 0.00455674 0.00428462 0.00276634
1 0.973579 0.0107131 0.00218815 0.00191488 0.00770644 0.00196891 0.00192989
2 0.00128737 0.991078 0.0013683 0.000724905 0.00283132 0.00157555 0.001135
3 0.00203186 0.00644266 0.985074 0.000639415 0.00265154 0.00168211 0.00147822
4 0.00572154 0.00729263 0.00880094 0.958835 0.0119283 0.00450677 0.00291478
5 0.0183871 0.0193141 0.00685268 0.00448778 0.939035 0.00687003 0.00505361
6 0.0077889 0.0128653 0.0121193 0.00745722 0.0104367 0.945426 0.00390695
7 0.01249 0.0207708 0.0197939 0.0220905 0.0211183 0.00662053 0.897116
1 0.975884 0.00151663 0.00124553 0.00197516 0.0143807 0.00285063 0.00214704
2 0.00267061 0.980159 0.00560612 0.0016166 0.00554827 0.00258262 0.00181693
3 0.00235908 0.000737258 0.986881 0.00123875 0.00446833 0.00233074 0.0019851
4 0.00713091 0.00494941 0.00569984 0.954263 0.0183061 0.0049966 0.00465406
5 0.0110795 0.00286104 0.00221731 0.00296432 0.971418 0.00542769 0.00403191
6 0.00613579 0.00461574 0.00577231 0.00403663 0.0114094 0.964885 0.0031447
7 0.00735029 0.00619433 0.00759202 0.0131971 0.0159937 0.0042088 0.945464
1 0.951426 0.00664125 0.00716854 0.00867764 0.0173025 0.00558344 0.00320068
2 0.00334004 0.968012 0.0129353 0.00405314 0.00550756 0.003657 0.00249469
3 0.00244398 0.00359083 0.981243 0.00256869 0.00481046 0.00290672 0.00243614
4 0.00760599 0.00622195 0.00926809 0.948933 0.0165433 0.00579946 0.00562797
5 0.0234738 0.00857696 0.00931681 0.0186373 0.922824 0.0102379 0.0069335
6 0.00979902 0.00828749 0.0121296 0.0108254 0.0139585 0.940546 0.00445373
7 0.011761 0.0118835 0.0149902 0.0246195 0.018996 0.00685585 0.910894
3 0.000817348 0.00360308 0.986725 0.00337264 0.00309608 0.00160604 0.000779832
3 0.00169814 0.00256718 0.986694 0.00395418 0.0027152 0.0014601 0.000910822
3 0.000482534 0.00621582 0.98826 0.00155754 0.00158847 0.00102188 0.000873563
3 0.000675604 0.00150965 0.993487 0.000805486 0.00163409 0.000945247 0.000942549
3 0.00140723 0.00557216 0.979319 0.00516802 0.004146 0.0024178 0.00196976
3 0.00186514 0.00619696 0.979043 0.00459498 0.00389254 0.00235298 0.00205424
3 0.00197884 0.00359438 0.984365 0.00332237 0.0032331 0.00191479 0.0015912
3 0.00249219 0.00680007 0.978179 0.00301016 0.00411834 0.00279771 0.00260213
3 0.000839824 0.00166702 0.990847 0.0030461 0.00161515 0.0011525 0.000832179
3 0.000881873 0.00161484 0.990912 0.00185946 0.0021333 0.00134592 0.00125283
3 0.00122002 0.00312514 0.987072 0.00177632 0.00297796 0.00191237 0.00191631
3 0.000673438 0.000911481 0.993787 0.00114188 0.00161364 0.000979988 0.000892899
3 0.000969614 0.00127763 0.991853 0.00111835 0.00220577 0.00125342 0.00132203
3 0.00190074 0.0065715 0.982266 0.00182616 0.00327634 0.00207024 0.00208897
3 0.00122759 0.00277371 0.987862 0.00198604 0.00230075 0.00204711 0.00180326
3 0.0015159 0.00252625 0.986555 0.00208463 0.00301275 0.00221375 0.00209174
3 0.00268565 0.00708109 0.976514 0.00350256 0.00426925 0.00317163 0.00277603
3 0.00105416 0.00247411 0.986435 0.00429306 0.00242699 0.0017172 0.00159907
3 0.00142402 0.00364379 0.984892 0.00282687 0.00310605 0.00210069 0.00200642
3 0.00258424 0.00701847 0.976962 0.00347557 0.004211 0.00303026 0.00271867
3 0.00184894 0.00556784 0.979036 0.00527849 0.00440947 0.00219657 0.00166311
3 0.00213432 0.00673781 0.978643 0.00298395 0.00423039 0.00275952 0.00251075
3 0.000631105 0.00380627 0.987132 0.00445775 0.00176362 0.00141165 0.000797339
3 0.00189141 0.00649697 0.977394 0.00475767 0.00392681 0.00315681 0.00237613
3 0.00159272 0.00537978 0.976443 0.00586763 0.00641144 0.0021016 0.00220346
3 0.00213903 0.00616983 0.976105 0.00515725 0.00511194 0.00228835 0.00302839
3 0.00175363 0.00469381 0.982617 0.00457407 0.00296432 0.0018696 0.00152764
3 0.00268782 0.00676982 0.977332 0.00296577 0.00423509 0.00321815 0.0027911
3 0.00203694 0.00695814 0.977283 0.00390472 0.00519508 0.00237593 0.00224615
3 0.00196818 0.00648121 0.976987 0.00474974 0.00526147 0.0023334 0.0022188
3 0.00222634 0.00680339 0.978104 0.00285051 0.00409676 0.00331908 0.0026004
3 0.00179249 0.0065679 0.981762 0.00338174 0.00284965 0.00190045 0.00174568
3 0.00199769 0.00688551 0.977932 0.0035499 0.00413138 0.00287233 0.00263156
3 0.000740798 0.006324 0.986389 0.0018041 0.00170294 0.00159672 0.00144245
3 0.00207622 0.00691202 0.977527 0.0037551 0.00404714 0.00312703 0.00255512
3 0.0014692 0.0066088 0.980466 0.00377235 0.00365556 0.00195956 0.00206814
3 0.00148553 0.0066636 0.980928 0.00338479 0.00309703 0.00204111 0.00240006
3 0.000971909 0.00328958 0.986485 0.00409594 0.00224805 0.00141316 0.00149636
3 0.00267881 0.00682898 0.977168 0.00301411 0.00425673 0.00324615 0.00280673
3 0.00203203 0.00677155 0.979199 0.00259034 0.00428296 0.00269297 0.00243085
3 0.00177997 0.00618172 0.978342 0.00488982 0.00398003 0.00244945 0.00237655
3 0.00237926 0.00684854 0.977459 0.00314749 0.00418056 0.0032837 0.00270168
1 0.957345 0.00614025 0.0105383 0.00698485 0.0124696 0.00373935 0.0027831
2 0.0015518 0.973704 0.014183 0.00168895 0.00425506 0.00272313 0.00189378
3 0.00137214 0.000773297 0.990178 0.000714686 0.0034162 0.00188487 0.00166048
4 0.00505838 0.00390147 0.0105864 0.958554 0.0131557 0.00473167 0.00401251
5 0.013927 0.00983913 0.0113353 0.0201049 0.932163 0.00744111 0.00518966
6 0.00588023 0.00584345 0.0157203 0.0145355 0.0116591 0.942053 0.0043085
7 0.0111583 0.0124406 0.0201816 0.025504 0.0223352 0.00665822 0.901722
1 0.975267 0.00110023 0.00128263 0.0023183 0.0141849 0.00348427 0.00236237
2 0.00289629 0.982179 0.00258255 0.0016661 0.00542773 0.00309183 0.00215638
3 0.00243837 0.00113454 0.985175 0.00140531 0.00503255 0.00262569 0.00218877
4 0.00851391 0.00490957 0.00686361 0.94857 0.0194139 0.00594344 0.00578604
5 0.0156797 0.00250155 0.00361872 0.00452134 0.962339 0.00672955 0.00461027
6 0.00563776 0.00335439 0.00541451 0.00402938 0.0106029 0.967749 0.00321208
7 0.00718138 0.00519725 0.00666835 0.0120699 0.0143808 0.00416167 0.950341
1 0.949077 0.00632272 0.0087279 0.00888286 0.0172325 0.0062864 0.00347037
2 0.00391496 0.963882 0.0145442 0.0049022 0.00577045 0.00421719 0.00276861
3 0.00285052 0.00486506 0.977794 0.00329343 0.00517481 0.00333259 0.00268962
4 0.00853821 0.0067325 0.011504 0.944072 0.0166903 0.0065146 0.00594789
5 0.0306255 0.0102019 0.0132852 0.0255891 0.899089 0.0130175 0.0081917
6 0.011325 0.00903269 0.0148809 0.0116543 0.0146546 0.93342 0.00503231
7 0.0150784 0.0148965 0.0196613 0.0314023 0.0220869 0.00858476 0.88829
4 0.00169062 0.00236341 0.0062301 0.967493 0.0187029 0.00251224 0.00100752
4 0.00115809 0.00158006 0.00359964 0.978774 0.0124681 0.00162792 0.00079251
4 0.00372451 0.00351671 0.010888 0.961492 0.0119375 0.00508181 0.00335958
4 0.00331242 0.0029681 0.0084348 0.96765 0.0102597 0.00439626 0.00297845
4 0.00157927 0.00256357 0.0105408 0.965938 0.015199 0.00281747 0.00136197
4 0.00105017 0.00151125 0.00417176 0.978727 0.0119758 0.00160852 0.000955765
4 0.00423263 0.00376177 0.0110677 0.959399 0.0129189 0.00512847 0.00349141
4 0.00246392 0.00224785 0.00613715 0.973083 0.00997438 0.00351958 0.00257419
4 0.0018545 0.00290047 0.011155 0.950886 0.0288842 0.00291984 0.00140037
4 0.00449042 0.0039387 0.0111624 0.959732 0.0114597 0.00541362 0.00380304
4 0.0028101 0.0027636 0.00989811 0.969373 0.00936671 0.00380127 0.00198689
4 0.00282921 0.00350378 0.0106132 0.962816 0.0146789 0.00384613 0.00171278
4 0.0028385 0.00360423 0.0102518 0.962759 0.0148895 0.00393004 0.00172713
4 0.00286619 0.0035201 0.0116914 0.946327 0.0284946 0.0038916 0.00320935
4 0.002644 0.00240665 0.00677723 0.962164 0.00933282 0.0137541 0.00292146
4 0.00335714 0.00387582 0.011808 0.954264 0.0188963 0.00402091 0.00377795
4 0.00496837 0.00312677 0.0104202 0.964146 0.0108174 0.00367549 0.00284598
4 0.00297793 0.00237031 0.00966354 0.968896 0.00829616 0.00434825 0.0034481
4 0.00299975 0.00247829 0.00948684 0.968877 0.00831129 0.00438867 0.00345863
4 0.00251731 0.00246292 0.00685257 0.950178 0.0314221 0.0035634 0.00300336
4 0.0027694 0.00309482 0.01044 0.964644 0.00785245 0.00794781 0.00325134
4 0.0017313 0.00171425 0.00487815 0.980065 0.00745858 0.00260009 0.00155286
4 0.00191077 0.00224433 0.00596623 0.9746 0.0110996 0.00275639 0.00142252
4 0.00191932 0.00232324 0.00571798 0.974635 0.0111702 0.00280032 0.00143363
4 0.00192483 0.00206606 0.00511958 0.975764 0.0105214 0.00271745 0.00188699
4 0.00372033 0.00408526 0.0115415 0.946779 0.0258586 0.00428442 0.00373078
4 0.0030438 0.00293577 0.00844186 0.958766 0.00963416 0.0139712 0.00320761
4 0.00279054 0.00340075 0.00850327 0.957995 0.0190935 0.00318783 0.0050295
4 0.0040951 0.00283754 0.00856778 0.968721 0.00981772 0.00339238 0.00256878
4 0.00305165 0.00251762 0.00988165 0.968176 0.00837202 0.00446341 0.003538
4 0.00307011 0.00258158 0.00970092 0.968211 0.00838806 0.00450628 0.00354251
4 0.0046638 0.00422894 0.0112191 0.959829 0.0106823 0.00549217 0.00388433
4 0.00337831 0.00321192 0.00782451 0.947411 0.0308634 0.00397103 0.00333967
4 0.0030612 0.00316481 0.0105469 0.96424 0.00807609 0.00750934 0.0034013
1 0.960395 0.00172794 0.00530719 0.0124606 0.0133356 0.00404216 0.00273116
2 0.00286533 0.966258 0.0145171 0.00494306 0.00528559 0.00362348 0.00250724
3 0.00160776 0.00130617 0.985021 0.00318237 0.00451942 0.00236156 0.0020022
4 0.00475616 0.00290184 0.00471144 0.965426 0.0148748 0.00413669 0.00319341
5 0.0129271 0.00370988 0.00361127 0.0386848 0.931197 0.00595763 0.00391238
6 0.00605504 0.00463354 0.00813976 0.0160609 0.0122461 0.948544 0.00432033
7 0.0114622 0.00944356 0.0118477 0.0333772 0.028179 0.00687518 0.898815
1 0.980233 0.000879686 0.000968106 0.00239127 0.0102831 0.00310263 0.00214212
2 0.00290326 0.984989 0.00116228 0.00146575 0.00445183 0.00290239 0.00212518
3 0.00220125 0.0036444 0.983545 0.00137318 0.00457 0.00250966 0.00215651
4 0.00813573 0.00416225 0.00590936 0.954142 0.0169685 0.00554483 0.00513739
5 0.01863 0.00234943 0.0030972 0.00668434 0.957546 0.00696437 0.00472847
6 0.00557599 0.00284927 0.00423388 0.00376105 0.00920067 0.971212 0.00316763
7 0.00681545 0.00463597 0.00521863 0.0116836 0.012548 0.00392456 0.955174
1 0.94918 0.00665853 0.00902357 0.00811666 0.0169267 0.00659014 0.00350432
2 0.00385292 0.967331 0.0116966 0.00447445 0.00569818 0.00420332 0.00274348
3 0.00284063 0.00711265 0.975634 0.00318924 0.0051726 0.00335822 0.00269299
4 0.00853027 0.0065781 0.0116909 0.944135 0.0164757 0.00661909 0.00597127
5 0.0315808 0.0108937 0.0138316 0.0281943 0.89292 0.0141184 0.00846108
6 0.0110613 0.00820184 0.0138342 0.0104462 0.0140194 0.937433 0.0050036
7 0.0151789 0.0143801 0.0189735 0.0323734 0.0220412 0.00869781 0.888355
5 0.0325691 0.009666 0.00752448 0.035329 0.895041 0.0123075 0.00756335
5 0.0102615 0.00626271 0.00534417 0.0393292 0.923244 0.0112898 0.00426888
5 0.0101668 0.00673755 0.00586912 0.0394633 0.91882 0.00853931 0.0104035
5 0.00282795 0.00202039 0.00182552 0.00679062 0.981563 0.00333144 0.00164148
5 0.0102346 0.00665121 0.00545316 0.0392952 0.924442 0.00889554 0.00502864
1 0.962365 0.0018279 0.00318447 0.0084366 0.0170874 0.00460277 0.00249631
2 0.00305545 0.974445 0.00575825 0.00537619 0.00552377 0.00346466 0.00237648
3 0.00196198 0.00335861 0.98105 0.00362882 0.00511194 0.00268483 0.00220336
4 0.00625738 0.00374273 0.00488768 0.954398 0.0219829 0.00511418 0.00361703
5 0.0103251 0.00223955 0.00249811 0.00858576 0.96711 0.00597184 0.00326976
6 0.00646506 0.00425873 0.00655677 0.0138411 0.0143408 0.950508 0.0040298
7 0.0103314 0.00785082 0.00778858 0.0250997 0.032571 0.00651254 0.909846
1 0.982685 0.00106649 0.00108072 0.00182923 0.00889214 0.00261115 0.00183515
2 0.00199085 0.988154 0.00103376 0.00122245 0.00363959 0.0022135 0.00174539
3 0.00158215 0.00660541 0.983441 0.00102023 0.0035372 0.00197653 0.00183704
4 0.00628842 0.00359348 0.00501242 0.961988 0.0142567 0.00448222 0.00437912
5 0.0147753 0.00234594 0.00208134 0.00556021 0.964939 0.00605293 0.00424551
6 0.00513971 0.00274476 0.00380793 0.00359076 0.00874557 0.973078 0.00289362
7 0.00515401 0.00375652 0.00390188 0.00935452 0.0106204 0.00312427 0.964088
1 0.954181 0.00601889 0.0069522 0.00724489 0.016459 0.00599812 0.00314641
2 0.00313594 0.972753 0.00927683 0.00352982 0.0052799 0.00360139 0.00242324
3 0.00232129 0.00616102 0.979276 0.0023085 0.00466569 0.00288033 0.00238697
4 0.00752838 0.00576718 0.00945266 0.949571 0.0161843 0.00595689 0.00553926
5 0.0239397 0.00809551 0.0092914 0.0210793 0.918791 0.0117068 0.0070959
6 0.00906028 0.00653453 0.0103941 0.00908333 0.0127582 0.947871 0.00429871
7 0.0116183 0.0107198 0.0135897 0.0250948 0.0191864 0.00692201 0.912869
6 0.00763316 0.00542296 0.00780514 0.0121221 0.0230577 0.939351 0.00460759
6 0.00715486 0.00678352 0.0118888 0.0163321 0.00862195 0.944353 0.00486593
6 0.00262323 0.00236439 0.00415135 0.00611551 0.0051032 0.976863 0.00277923
6 0.00679204 0.00689878 0.0148519 0.01588 0.00854125 0.941954 0.00508203
6 0.00753822 0.00860256 0.0161586 0.0145741 0.00827129 0.939633 0.00522251
6 0.00710528 0.00551936 0.00836543 0.0135396 0.01993 0.940855 0.00468537
6 0.00668367 0.00648269 0.0115744 0.0160292 0.00822319 0.946196 0.00481139
6 0.00713923 0.00820851 0.0160282 0.0146595 0.00818403 0.940585 0.00519594
6 0.00324796 0.00263737 0.00424766 0.00777872 0.0100003 0.969024 0.00306391
6 0.00309031 0.00288593 0.00502979 0.00780012 0.00526535 0.972796 0.00313255
6 0.00335461 0.00367358 0.00703335 0.00755239 0.00529044 0.969771 0.00332446
6 0.0057986 0.0052544 0.00855063 0.0161963 0.00969737 0.949697 0.00480549
6 0.00635609 0.00663927 0.0111087 0.0164133 0.00825422 0.9462 0.00502871
6 0.00687426 0.00810262 0.0146026 0.0162293 0.00782221 0.941187 0.00518153
1 0.948145 0.00522813 0.00581395 0.00974182 0.0188955 0.0088302 0.00334538
2 0.0036503 0.962925 0.0147426 0.0056389 0.00595007 0.00439825 0.00269451
3 0.00264402 0.00720966 0.975149 0.00359259 0.00530568 0.00347211 0.00262665
4 0.00893202 0.00646748 0.0108024 0.939707 0.0201244 0.00825071 0.00571613
5 0.0253763 0.00731378 0.0071597 0.0132731 0.920659 0.0192677 0.00694985
6 0.00995725 0.00669564 0.00965966 0.0166617 0.0157565 0.936336 0.00493289
7 0.0139601 0.0123062 0.0130926 0.0305305 0.0310631 0.00917577 0.889872
1 0.97439 0.0027466 0.00277137 0.00356281 0.0103099 0.00388413 0.00233496
2 0.00221693 0.982841 0.00456433 0.00191764 0.00389814 0.00261058 0.00195182
3 0.00169519 0.00582599 0.983526 0.00133071 0.00347908 0.00215892 0.00198449
4 0.00658529 0.00450265 0.00777229 0.959399 0.0117239 0.0050249 0.00499181
5 0.0242816 0.00629795 0.00583995 0.0131676 0.932346 0.0111939 0.0068732
6 0.00741977 0.00481017 0.00710137 0.0071592 0.0104969 0.9593 0.00371255
7 0.00705657 0.00604633 0.00690479 0.014082 0.0120343 0.00433608 0.94954
1 0.94041 0.00790272 0.00951796 0.0123513 0.0184202 0.00763727 0.00376058
2 0.00399718 0.963375 0.0146219 0.00501795 0.00585491 0.00433739 0.00279558
3 0.0028977 0.00715334 0.975162 0.00338435 0.00525262 0.00343396 0.0027159
4 0.00888496 0.00692023 0.0115744 0.942997 0.016593 0.00694393 0.00608696
5 0.0325465 0.0117626 0.0130639 0.0303869 0.887621 0.0155603 0.00905876
6 0.0123742 0.00963191 0.0149884 0.015522 0.0150483 0.927205 0.00523053
7 0.0153668 0.0149844 0.0187912 0.0325232 0.0222944 0.00898352 0.887056
