labels 1 3 5 6 7 8 2 4
1 0.92206 0.0119568 0.00777957 0.00858969 0.0134593 0.00735225 0.0147574 0.014045
1 0.931867 0.0157168 0.00625514 0.00649215 0.00410477 0.00985742 0.0190474 0.00665893
1 0.938816 0.0156327 0.00540814 0.0055255 0.00411796 0.00606676 0.0190363 0.00539701
1 0.925261 0.0156283 0.00784052 0.00997656 0.00463412 0.00887295 0.0185407 0.00924599
1 0.979559 0.00320166 0.00224937 0.0024522 0.00231504 0.00356097 0.00446671 0.00219471
1 0.978281 0.00339361 0.00265379 0.0026534 0.00263174 0.0033607 0.00462692 0.00239926
1 0.942709 0.0145716 0.00500213 0.00531594 0.00436672 0.00389996 0.0192109 0.00492326
1 0.927192 0.0155042 0.00732087 0.0104443 0.00612555 0.00510841 0.0193478 0.0089572
1 0.941612 0.0156402 0.00487017 0.00522364 0.0042543 0.00473371 0.0186846 0.00498094
1 0.942105 0.0151549 0.00498233 0.00520175 0.00429932 0.00437968 0.018976 0.00490076
1 0.933766 0.0154238 0.00631857 0.00807047 0.00527959 0.00449339 0.0194501 0.00719763
3 0.0127386 0.941159 0.00660825 0.0062594 0.00469264 0.00487265 0.0183973 0.00527225
5 0.02038 0.0103488 0.907399 0.00963967 0.0132872 0.00957426 0.0142811 0.0150902
6 0.0200443 0.0137915 0.0101259 0.917268 0.00687548 0.00738134 0.0148467 0.00966699
7 0.0209771 0.0137152 0.026344 0.0101552 0.890071 0.00899069 0.0163189 0.0134281
8 0.0226465 0.00872848 0.0101228 0.00842767 0.00689595 0.926009 0.00847578 0.00869424
1 0.964375 0.00611556 0.0062063 0.00410097 0.00502191 0.00258535 0.00789354 0.00370152
2 0.0103384 0.0103995 0.00902402 0.00504072 0.00487583 0.0039872 0.951692 0.00464235
3 0.00997265 0.940929 0.00841284 0.00623105 0.00569884 0.00346607 0.0193951 0.00589466
5 0.0124023 0.00701858 0.934405 0.00630625 0.0150628 0.00536648 0.0103893 0.00904938
7 0.00922931 0.00659191 0.0125361 0.00500192 0.947156 0.00465153 0.00824432 0.00658909
1 0.924285 0.0138041 0.0139526 0.00794307 0.00830669 0.00382033 0.0186549 0.00923309
4 0.0211945 0.0142447 0.0151462 0.0108263 0.00863921 0.0051437 0.0164183 0.908387
5 0.019221 0.0104221 0.907525 0.00887967 0.0186406 0.00651412 0.0160221 0.0127753
7 0.0211756 0.0142075 0.0259797 0.0099357 0.889726 0.0069291 0.0182099 0.0138364
8 0.0217698 0.00826747 0.0112236 0.00991348 0.0101737 0.910586 0.00865729 0.019409
8 0.019579 0.0091497 0.0102983 0.0133057 0.01043 0.906829 0.00940415 0.0210047
6 0.0182257 0.0107674 0.00675614 0.925916 0.00597053 0.00747479 0.0133421 0.0115475
6 0.0193407 0.0127898 0.00778405 0.922992 0.00622587 0.00615743 0.0154008 0.00930891
6 0.0191831 0.0140395 0.00830827 0.919877 0.00640763 0.00605686 0.0162847 0.00984339
6 0.00933108 0.00689619 0.00430791 0.960103 0.00338272 0.00329051 0.00800984 0.00467871
6 0.0188195 0.0148856 0.00868961 0.918212 0.00651299 0.00595087 0.0168086 0.0101204
6 0.00920817 0.00796001 0.00528397 0.951501 0.00444378 0.00521765 0.00961697 0.00676848
6 0.0189686 0.0145587 0.00853827 0.9191 0.00644323 0.00592415 0.0166112 0.00985549
6 0.0181209 0.0113812 0.00901874 0.907634 0.00844764 0.0124061 0.0120228 0.020969
6 0.00608442 0.00510506 0.00344323 0.970683 0.00267791 0.00260077 0.00567331 0.00373236
6 0.0131962 0.0113178 0.00714543 0.93647 0.00549439 0.00537251 0.012812 0.00819195
6 0.00612019 0.0048443 0.00325198 0.972076 0.00250104 0.00234767 0.00519384 0.00366462
6 0.0108332 0.00979313 0.00637606 0.944104 0.0050372 0.00522795 0.0112652 0.00736344
6 0.0123748 0.00915238 0.0066253 0.93397 0.00598116 0.00831424 0.0103926 0.0131891
6 0.0179059 0.0143374 0.00805574 0.92258 0.00598809 0.00512769 0.0163967 0.00960797
6 0.0187671 0.0149224 0.00880106 0.911892 0.00707387 0.00739277 0.0174795 0.0136713
7 0.0206148 0.00984859 0.00575695 0.00816794 0.920252 0.00862738 0.0116676 0.0150644
7 0.0228843 0.010114 0.0233264 0.00834952 0.900459 0.007624 0.0124217 0.0148215
7 0.0196533 0.0111991 0.00953039 0.0106261 0.889934 0.0113696 0.0128884 0.0347991
7 0.0223282 0.0129009 0.00860573 0.0114531 0.88664 0.0100942 0.0150474 0.0329303
7 0.0245407 0.0105627 0.00703726 0.00943858 0.898773 0.00925301 0.0121306 0.0282638
7 0.011554 0.0107459 0.00587158 0.00811823 0.929164 0.00525633 0.0126724 0.0166179
7 0.0257424 0.0171006 0.0137909 0.0126921 0.880094 0.00776033 0.0202442 0.0225757
6 0.0190524 0.0101309 0.00955414 0.913517 0.00803688 0.0096483 0.0110821 0.0189781
6 0.0171927 0.0162864 0.00783841 0.919868 0.00605539 0.00650602 0.0176196 0.0086334
6 0.00788365 0.00990561 0.00523974 0.950502 0.00412464 0.00593088 0.0108478 0.00556528
6 0.0183788 0.0156302 0.00858086 0.918154 0.00645308 0.00595648 0.0169269 0.00992003
6 0.0105344 0.0111884 0.00542072 0.944607 0.00404935 0.00626118 0.0119465 0.00599246
6 0.0167927 0.0155759 0.00806926 0.921009 0.00614211 0.00616235 0.0171744 0.00907394
6 0.0186021 0.0152958 0.00876053 0.917628 0.00654611 0.00595842 0.0169809 0.0102284
6 0.0155151 0.0169499 0.00701188 0.918161 0.00516975 0.0113641 0.0174749 0.00835292
6 0.010232 0.0103375 0.00621886 0.944693 0.00484561 0.00533632 0.0115697 0.00676713
6 0.0162636 0.0154544 0.00841532 0.919963 0.00634538 0.0062676 0.0175111 0.00977989
6 0.00749166 0.00845402 0.00505624 0.952855 0.00351596 0.00816787 0.0082427 0.00621645
6 0.00807727 0.00783935 0.00514753 0.956083 0.00406596 0.00460424 0.00870402 0.00547912
6 0.0181823 0.0155877 0.00870997 0.917257 0.00651371 0.00608041 0.0174612 0.0102078
6 0.0145578 0.0153157 0.00954955 0.901826 0.00627729 0.0239088 0.0141396 0.0144251
6 0.0152021 0.0176868 0.00880479 0.912846 0.0064022 0.0092077 0.0191446 0.0107062
6 0.0146681 0.0171642 0.00952249 0.899899 0.00651849 0.0204905 0.0160603 0.0156767
6 0.0144991 0.0150215 0.00780409 0.924651 0.00570913 0.00673784 0.0164213 0.00915558
3 0.00906149 0.936582 0.00652577 0.0140718 0.00529272 0.00495 0.0176434 0.00587286
6 0.0084089 0.00817016 0.00525 0.955671 0.00443559 0.00477217 0.00813558 0.00515613
7 0.0173398 0.0155809 0.0213059 0.0256285 0.878977 0.0091142 0.0172425 0.0148111
3 0.00848088 0.943002 0.00681174 0.00746779 0.005524 0.00342306 0.0191972 0.00609322
4 0.0191868 0.0157249 0.0112302 0.0162101 0.00821871 0.00561293 0.017256 0.90656
6 0.0183308 0.0159975 0.0100155 0.912643 0.00776527 0.00631433 0.0177783 0.0111551
8 0.0102811 0.00741818 0.00846407 0.0186404 0.00700496 0.933123 0.00689819 0.00817062
2 0.0100319 0.0105207 0.00801189 0.00605243 0.00473678 0.00383143 0.951308 0.00550667
4 0.019332 0.0151633 0.0120009 0.0125129 0.00793039 0.00521226 0.0181971 0.909651
1 0.946092 0.0145583 0.00372993 0.00441642 0.00559604 0.00285196 0.018209 0.00454679
1 0.930492 0.015628 0.00666084 0.00870367 0.00660734 0.00417221 0.0196625 0.00807355
1 0.954355 0.00838175 0.00471784 0.00573081 0.00403519 0.00342044 0.0143981 0.00496106
1 0.932744 0.0140007 0.0068521 0.00904607 0.00533134 0.00407411 0.0201766 0.00777537
1 0.939029 0.0139687 0.00561902 0.00705944 0.00472836 0.00383078 0.0198487 0.00591607
1 0.947232 0.00954028 0.00530249 0.00703784 0.00431036 0.00354809 0.0173685 0.00566025
1 0.931938 0.0140672 0.00698097 0.00941542 0.00539897 0.00410025 0.0200923 0.00800665
1 0.944253 0.0109864 0.0056898 0.00705192 0.00469882 0.0037669 0.0172813 0.00627221
1 0.932011 0.0142793 0.00696703 0.00922762 0.00539438 0.00409729 0.0200411 0.00798193
1 0.933902 0.0136354 0.00670064 0.00872087 0.00525015 0.00403542 0.020238 0.00751755
1 0.92878 0.0147912 0.0070669 0.0112817 0.00559858 0.00436931 0.0192786 0.00883337
1 0.93458 0.0155675 0.00608976 0.00899637 0.00499457 0.00394168 0.0190609 0.00676904
1 0.93325 0.014622 0.00646848 0.00910098 0.00534183 0.00400621 0.0197022 0.00750868
1 0.930496 0.0150065 0.00700166 0.00971004 0.00565497 0.00416097 0.0197391 0.00823041
1 0.926192 0.0141224 0.00717181 0.00727274 0.00701389 0.00668508 0.0177202 0.013822
1 0.984942 0.00270166 0.00112217 0.00122554 0.00282712 0.0011649 0.00428237 0.00173428
1 0.941377 0.0116255 0.00364443 0.00653214 0.00893037 0.00504908 0.0154035 0.00743797
1 0.982203 0.00459647 0.00135253 0.00147647 0.00240903 0.00114382 0.00564321 0.00117528
1 0.958122 0.0110772 0.00287942 0.00399714 0.00422157 0.00252608 0.0138931 0.0032837
1 0.952387 0.0144392 0.00298528 0.00324979 0.00373469 0.00228806 0.0183713 0.00254442
1 0.959148 0.0103096 0.0036186 0.00365066 0.00371086 0.0029174 0.0133181 0.00332672
1 0.941792 0.0139323 0.00503708 0.00563251 0.00471276 0.00388883 0.0196206 0.00538361
1 0.946155 0.0130423 0.00453777 0.00467843 0.00424878 0.00362573 0.0192615 0.00445082
3 0.014183 0.930565 0.00833788 0.00850678 0.00673901 0.00670743 0.0106387 0.0143223
3 0.00933016 0.930543 0.00813773 0.00699101 0.0039962 0.0078137 0.0187564 0.0144322
3 0.0062308 0.954944 0.00461284 0.00402623 0.00310369 0.00352941 0.0181863 0.00536698
3 0.0118815 0.936105 0.00745337 0.00717758 0.00466891 0.0052927 0.0194874 0.00793347
3 0.00829691 0.93929 0.00654201 0.00711914 0.00397194 0.00497977 0.0195881 0.010212
3 0.0124056 0.92814 0.00788664 0.00988375 0.00492956 0.00668603 0.0197339 0.0103342
3 0.0135812 0.94132 0.00654283 0.0060937 0.00401468 0.00578178 0.0166374 0.00602827
3 0.0132997 0.943713 0.00613216 0.00606727 0.00459118 0.00392125 0.0168587 0.00541685
3 0.0116505 0.942803 0.00640916 0.00600142 0.00414578 0.00509549 0.0181594 0.00573491
3 0.0122576 0.945625 0.0059222 0.00561585 0.0043363 0.00359827 0.0175502 0.00509512
3 0.0101088 0.946129 0.00590649 0.00567021 0.00446181 0.00386102 0.0187846 0.0050783
3 0.00319227 0.974824 0.00382331 0.0036417 0.00274757 0.00269853 0.00607668 0.00299596
3 0.00473377 0.963521 0.00538861 0.00525819 0.00401051 0.0031936 0.00938628 0.00450766
3 0.00565908 0.958911 0.00567594 0.00551364 0.00430937 0.00372041 0.0113651 0.00484497
3 0.0135559 0.941246 0.0063911 0.00665908 0.00455698 0.00418843 0.0174342 0.00596822
3 0.0101158 0.936114 0.00669499 0.00887261 0.00409053 0.00530466 0.0199108 0.00889615
3 0.00875723 0.943294 0.00620954 0.00725972 0.00423549 0.00428115 0.0191613 0.00680193
3 0.0142688 0.940243 0.00712494 0.00853841 0.00518456 0.00401446 0.0136858 0.00693981
1 0.950653 0.0163733 0.00502414 0.00463631 0.00437724 0.00394603 0.00929499 0.00569543
3 0.00224953 0.986174 0.00263803 0.0016193 0.0021721 0.00113477 0.00265733 0.00135523
5 0.0116916 0.0142883 0.921799 0.00735917 0.0101932 0.00732599 0.0120957 0.0152467
1 0.94012 0.0124265 0.0101574 0.00615047 0.0062741 0.00346636 0.0147665 0.00663874
4 0.0196078 0.0178446 0.0140972 0.0106244 0.00787289 0.0052739 0.0163675 0.908312
7 0.0179441 0.0169912 0.0266917 0.00919758 0.89171 0.00687866 0.0171422 0.0134445
2 0.0093627 0.00991075 0.00954704 0.00514829 0.00460973 0.00369561 0.952876 0.00485002
3 0.00881448 0.941209 0.00899616 0.0064406 0.00543914 0.00360901 0.0192894 0.00620209
5 0.0173871 0.013068 0.907653 0.00951678 0.014854 0.00643117 0.0184863 0.0126031
2 0.0149655 0.00628549 0.00874418 0.00682235 0.00564384 0.00648977 0.940012 0.0110366
2 0.00931126 0.0104411 0.00898262 0.00582111 0.00369787 0.00746133 0.943271 0.0110142
2 0.00800206 0.00924631 0.00587429 0.00384125 0.00304486 0.00422555 0.960735 0.00503112
2 0.00877994 0.0107792 0.00762645 0.00594105 0.00375933 0.00567614 0.949289 0.00814887
2 0.0141421 0.00980066 0.00721999 0.00493785 0.00352958 0.0056884 0.950011 0.00467065
2 0.0130843 0.00904932 0.00602359 0.0044447 0.0035356 0.00304153 0.956891 0.00393004
2 0.0124712 0.0104748 0.00702126 0.00478237 0.00361048 0.0051215 0.952104 0.00441488
2 0.0100915 0.00974128 0.00635937 0.00435381 0.00374629 0.00392601 0.957978 0.00380374
2 0.00407069 0.00424377 0.0045895 0.00328897 0.00247278 0.00303894 0.975714 0.00258149
2 0.00798003 0.00772526 0.00589923 0.00496541 0.00317043 0.00361157 0.962861 0.00378735
2 0.0139556 0.00999346 0.00689282 0.00526714 0.00403491 0.00402296 0.951299 0.00453423
2 0.0103042 0.0110869 0.00725841 0.00725384 0.00363797 0.00521772 0.948226 0.00701532
2 0.0093905 0.0099634 0.00685368 0.00585825 0.00371364 0.00449543 0.954443 0.00528242
1 0.947174 0.00759156 0.00632396 0.00508284 0.00515315 0.00398536 0.0188215 0.00586724
5 0.0120031 0.00794722 0.917967 0.00764539 0.0117304 0.00715927 0.0207285 0.0148196
7 0.0151756 0.0121385 0.0258192 0.00870487 0.892921 0.00729553 0.0234688 0.0144764
5 0.016575 0.00947061 0.910746 0.00950174 0.0165328 0.00646097 0.0173659 0.0133474
2 0.0100911 0.0106262 0.00915152 0.00604916 0.00477174 0.00374426 0.950246 0.00531992
4 0.0198273 0.014743 0.0137886 0.0123093 0.00802132 0.00509555 0.0179817 0.908233
6 0.0184324 0.0145589 0.0114643 0.913915 0.00740001 0.00561265 0.0179528 0.0106643
4 0.0208461 0.010834 0.0135044 0.0118851 0.00442117 0.00949192 0.0119805 0.917037
4 0.0122521 0.0158107 0.00978244 0.0101757 0.00376445 0.0207598 0.0158339 0.911621
4 0.00562092 0.00700588 0.00537662 0.0048402 0.00167678 0.00842144 0.00729293 0.959765
4 0.0183939 0.016495 0.0105352 0.0117585 0.00651018 0.0074747 0.0180821 0.91075
4 0.0186626 0.0166758 0.0139766 0.0126118 0.00736081 0.00700024 0.0185137 0.905198
4 0.0188994 0.01617 0.012974 0.0123647 0.00714785 0.0065393 0.0178906 0.908014
4 0.0105703 0.0131995 0.0233347 0.00833559 0.00297352 0.0118314 0.0142973 0.915458
4 0.0119587 0.0159822 0.0213269 0.0117301 0.00376947 0.0110509 0.017852 0.90633
4 0.00480155 0.00581197 0.00844148 0.00463686 0.00184336 0.0047983 0.00641412 0.963252
4 0.0190674 0.016135 0.0121348 0.0129598 0.00689492 0.00617567 0.0179547 0.908678
4 0.0180328 0.0169676 0.0106038 0.0117271 0.00716785 0.00846175 0.0185299 0.908509
4 0.0142444 0.0174003 0.00938555 0.0105093 0.0169574 0.0154731 0.018393 0.897637
4 0.00815026 0.00931857 0.00619035 0.00624123 0.00560671 0.00753461 0.0100788 0.946879
3 0.00943791 0.937196 0.00622727 0.00584651 0.00475348 0.00480759 0.0191111 0.0126198
6 0.0173203 0.0148491 0.00909319 0.910434 0.00652252 0.00713616 0.0155493 0.0190953
8 0.00909024 0.00705121 0.00781204 0.00638957 0.00617608 0.936639 0.0067858 0.0200557
1 0.92489 0.015666 0.00933414 0.0078777 0.00777158 0.00421024 0.0171834 0.013067
3 0.00682504 0.960074 0.00544403 0.00452908 0.00462986 0.00283942 0.0108825 0.00477629
6 0.0184531 0.0155147 0.0102733 0.914194 0.00760852 0.00569081 0.0155298 0.0127359
3 0.00976556 0.938397 0.0082059 0.00695793 0.00623505 0.0036932 0.0197011 0.00704391
4 0.019881 0.016442 0.0131704 0.0115924 0.00885298 0.00517855 0.0172061 0.907677
7 0.0220677 0.0192322 0.0225614 0.0118475 0.878973 0.00698779 0.0214611 0.0168697
2 0.00212941 0.00194163 0.00225053 0.00181059 0.0012382 0.000966834 0.988268 0.00139464
2 0.00408136 0.00382968 0.00351509 0.00192389 0.00220167 0.00237636 0.979995 0.00207686
2 0.00116943 0.00157735 0.00295062 0.00190077 0.00168686 0.00144399 0.987851 0.00142007
2 0.0103577 0.00608932 0.00572629 0.00366897 0.00335318 0.00354253 0.963794 0.00346852
2 0.00250349 0.00314892 0.0060074 0.00425171 0.00346515 0.00329545 0.973692 0.00363575
2 0.0147675 0.00767992 0.00631078 0.00433645 0.00376748 0.00385751 0.955422 0.00385873
2 0.0145279 0.00813451 0.00704281 0.00552816 0.00417165 0.0040061 0.951802 0.00478648
2 0.00345376 0.00384205 0.00669542 0.00491199 0.00392499 0.00387582 0.969063 0.00423297
2 0.0136119 0.0111826 0.0074146 0.00743545 0.00508017 0.00627572 0.939382 0.00961749
2 0.014347 0.00509881 0.00622617 0.00420598 0.00417234 0.00426635 0.956531 0.0051527
2 0.00717801 0.00907224 0.00551489 0.00373163 0.00317842 0.00341773 0.964314 0.00359275
2 0.0133162 0.0106624 0.00686452 0.00635984 0.00418462 0.0041493 0.949502 0.00496116
2 0.00519532 0.00378163 0.00418821 0.00362837 0.00230187 0.00175282 0.976317 0.00283482
2 0.0141216 0.00427419 0.00470591 0.00300881 0.00398561 0.00311504 0.963802 0.00298635
2 0.00190776 0.00216116 0.00435151 0.00313408 0.00287803 0.00218796 0.981021 0.0023585
2 0.0143785 0.00480835 0.00611288 0.00408109 0.00387669 0.00384421 0.959167 0.00373099
2 0.00236123 0.0030258 0.00654778 0.00469904 0.00393028 0.00371973 0.971627 0.00408957
2 0.0144748 0.00479236 0.00621487 0.00423826 0.00377804 0.00381444 0.958951 0.00373586
2 0.00260408 0.00335977 0.00664392 0.00481095 0.00391234 0.00387518 0.970644 0.00414963
2 0.0136223 0.00974463 0.00631993 0.00469833 0.00416242 0.0040404 0.953209 0.00420254
2 0.0154837 0.00722409 0.00733453 0.00613744 0.00426568 0.00401218 0.950443 0.00509978
5 0.0195377 0.00828926 0.904189 0.0104574 0.012818 0.0108727 0.0117585 0.0220776
5 0.0146005 0.00914378 0.923893 0.0113628 0.0101806 0.00651922 0.0131226 0.0111778
5 0.00957021 0.00576158 0.929725 0.00753381 0.00636458 0.00679435 0.00887831 0.0253725
5 0.0151236 0.00933056 0.917775 0.0099242 0.0070055 0.00713389 0.0137426 0.0199647
3 0.0121415 0.948878 0.00602976 0.00579712 0.00522933 0.00453305 0.00994908 0.00744202
3 0.00333408 0.978457 0.00303401 0.00240692 0.0026408 0.00223529 0.00523342 0.0026583
3 0.00402665 0.966712 0.00525213 0.00491628 0.00401767 0.00345709 0.00703565 0.00458217
3 0.00176511 0.987989 0.00157848 0.00185628 0.00127678 0.000961507 0.00303798 0.00153446
3 0.00227527 0.972346 0.0051653 0.00528299 0.00384293 0.0031144 0.00361473 0.00435862
3 0.0128299 0.951017 0.00585706 0.0056901 0.0045718 0.00380004 0.0110762 0.00515808
3 0.0140688 0.944225 0.00651996 0.00698548 0.00495089 0.00394752 0.0130575 0.00624525
3 0.00439461 0.965474 0.00581396 0.00593454 0.00446757 0.00362645 0.00507515 0.00521382
3 0.0117221 0.931949 0.00637631 0.00895765 0.00594212 0.00644536 0.0167242 0.0118833
3 0.00910357 0.953482 0.00485714 0.00570896 0.0045656 0.00459311 0.0114716 0.00621807
3 0.0080074 0.947498 0.00595166 0.00616215 0.00447417 0.00379692 0.0183138 0.00579588
3 0.00296866 0.981294 0.0024496 0.00297084 0.0021022 0.0016544 0.0040628 0.00249704
3 0.00146456 0.982957 0.00305897 0.00293144 0.002787 0.00194799 0.00253173 0.00232085
3 0.00251146 0.968161 0.00578365 0.006022 0.00438073 0.00351399 0.00459338 0.00503333
3 0.0118849 0.953337 0.00572724 0.00554041 0.00471473 0.00381188 0.0098736 0.00511016
3 0.00869653 0.95511 0.00626281 0.00651421 0.0047959 0.0038471 0.00901963 0.00575374
3 0.012929 0.94308 0.00587251 0.00602148 0.00496347 0.00398794 0.0175953 0.00555018
3 0.00533698 0.967449 0.00365353 0.00544762 0.00314768 0.00282334 0.00744913 0.00469308
3 0.0148097 0.931795 0.00782756 0.0098427 0.00565469 0.00434646 0.0170379 0.00868594
4 0.0184391 0.00917705 0.0285606 0.0107704 0.0078683 0.00900948 0.0105267 0.905648
4 0.0197373 0.0114058 0.026448 0.0156212 0.00853849 0.0121854 0.0123609 0.893703
4 0.0170436 0.0121171 0.0127483 0.0106301 0.00721494 0.00496634 0.0132608 0.922019
4 0.0114695 0.00769609 0.00923592 0.00817005 0.0235368 0.0065272 0.00834483 0.92502
4 0.0141246 0.0107699 0.00954103 0.00937538 0.00798858 0.00429592 0.0119003 0.932004
4 0.00708949 0.00543698 0.00971144 0.00608453 0.0138887 0.00434652 0.00590488 0.947537
4 0.00730657 0.00556508 0.00829023 0.00565393 0.0211367 0.00404543 0.00609976 0.941902
4 0.0196248 0.0140022 0.0120196 0.0122353 0.00951013 0.00550969 0.0154763 0.911622
4 0.0168058 0.0127176 0.0122503 0.0115588 0.00750181 0.00504643 0.0140056 0.920114
4 0.0220129 0.0135278 0.0120054 0.0122434 0.0117237 0.00679393 0.0147844 0.906908
4 0.0126574 0.00873639 0.00893623 0.00770773 0.00460875 0.00428862 0.00946997 0.943595
4 0.0161611 0.0118474 0.00970476 0.00995628 0.00872867 0.00455105 0.0131278 0.925923
4 0.00672984 0.00491581 0.00640668 0.00512205 0.0223551 0.00447017 0.00535304 0.944647
4 0.0211427 0.0145248 0.0111235 0.0136099 0.0106605 0.00684147 0.0158562 0.906241
5 0.0138898 0.0109374 0.898351 0.0109355 0.00576461 0.0179641 0.0162926 0.0258645
5 0.0169665 0.0125416 0.890133 0.0115332 0.0213265 0.0143646 0.0182222 0.0149121
5 0.0179621 0.01316 0.901511 0.0129469 0.0114886 0.00954926 0.0190752 0.0143073
5 0.0141264 0.0101119 0.914783 0.00997236 0.00580902 0.00556629 0.0154627 0.0241684
5 0.00229834 0.00188248 0.98169 0.00200043 0.00200458 0.0037746 0.00279079 0.00355838
5 0.0047527 0.0033781 0.970953 0.00373945 0.00297914 0.00289583 0.00525266 0.00604876
5 0.0182183 0.0123382 0.907467 0.0118684 0.00779262 0.00758956 0.0179822 0.0167438
5 0.0073088 0.00542007 0.955098 0.00563914 0.0051702 0.00506175 0.00788573 0.00841609
1 0.924025 0.0143168 0.0143747 0.00784648 0.00674041 0.00614037 0.0186291 0.00792689
2 0.0102013 0.0107357 0.0106335 0.00556176 0.00453055 0.00490319 0.948279 0.00515456
3 0.00999033 0.936834 0.00999294 0.00679398 0.00528568 0.0048914 0.0197498 0.00646214
4 0.0205174 0.0154252 0.0170447 0.0123654 0.00781598 0.00703501 0.017339 0.902457
7 0.0142792 0.0120485 0.0252236 0.00928518 0.902125 0.00858459 0.0145884 0.0138657
8 0.0149807 0.00964189 0.0299927 0.00911945 0.00704954 0.907107 0.0114815 0.0106273
1 0.94805 0.0104489 0.00733846 0.0064396 0.00604672 0.00321521 0.0125104 0.00595098
3 0.00647018 0.961716 0.00488364 0.00472381 0.00442633 0.0027317 0.010916 0.00413249
6 0.0193905 0.0152844 0.0113629 0.913473 0.00762596 0.00613502 0.0163217 0.0104068
1 0.926406 0.0164677 0.00982753 0.0091536 0.00706357 0.00386648 0.0186311 0.0085836
3 0.011459 0.938804 0.00758165 0.00702401 0.00560144 0.00369809 0.0194592 0.00637234
