labels 1 2 3 4 5 6 7 8
1 0.92709 0.00827185 0.00831008 0.0124236 0.00373497 0.00564658 0.0122272 0.0222957
1 0.329187 0.133766 0.151811 0.0607813 0.0214988 0.0291096 0.0116167 0.262229
1 0.843885 0.0499858 0.0525137 0.0131666 0.00724856 0.0071522 0.00497759 0.0210705
1 0.887563 0.0241121 0.0207608 0.0282922 0.00673315 0.0106032 0.00590884 0.0160263
1 0.863655 0.0351146 0.0302204 0.0345506 0.00863751 0.0123244 0.00735987 0.00813787
1 0.819367 0.0431451 0.044341 0.0209876 0.00869368 0.00930797 0.00563419 0.0485233
1 0.968888 0.00621838 0.00579741 0.00470392 0.00384901 0.00314011 0.00352995 0.00387343
1 0.718089 0.0799714 0.0683778 0.0689478 0.0164465 0.0268356 0.0112493 0.0100831
1 0.729985 0.0912208 0.106988 0.0230343 0.00932956 0.00965266 0.0062381 0.0235524
1 0.919691 0.0242285 0.0284212 0.00765979 0.00489266 0.00425698 0.00394446 0.00690489
1 0.965095 0.0074813 0.00715217 0.0061174 0.0037697 0.00336679 0.00345827 0.00355913
1 0.939724 0.010086 0.0116799 0.00824462 0.00681114 0.00460504 0.00431731 0.0145316
2 0.0162466 0.884858 0.0428851 0.0209644 0.00751312 0.00760864 0.00412101 0.0158036
3 0.0104458 0.0146418 0.931433 0.0102307 0.00586127 0.00586942 0.0034399 0.0180777
7 0.0649308 0.0595075 0.0619377 0.0519574 0.0802081 0.027674 0.61517 0.0386145
5 0.0115761 0.00919196 0.0101892 0.0105608 0.934374 0.00544646 0.0118611 0.00680026
6 0.00830922 0.00812045 0.00935958 0.00990461 0.0059243 0.948738 0.00436858 0.00527563
2 0.0152499 0.926574 0.0139019 0.0129483 0.0104409 0.00925382 0.00675912 0.00487177
3 0.0238698 0.0915433 0.808431 0.0247363 0.0168853 0.0155913 0.00993763 0.00900499
4 0.023307 0.0209346 0.0264197 0.871758 0.0195747 0.0174381 0.00946769 0.0110998
2 0.00736313 0.937588 0.0075739 0.0120735 0.00301881 0.00611663 0.00499666 0.0212695
2 0.00295415 0.949258 0.00900388 0.0142664 0.0027623 0.00421468 0.00183542 0.015705
2 0.00856491 0.962737 0.00952424 0.00737221 0.00219528 0.00270068 0.00148521 0.00542012
2 0.00143633 0.986925 0.00235854 0.00220128 0.00110451 0.00138205 0.00107734 0.00351459
2 0.00544943 0.980178 0.0054416 0.00259113 0.00131143 0.00144762 0.00135521 0.00222559
2 0.00771849 0.951104 0.0175208 0.00976898 0.0029485 0.00360348 0.00229802 0.00503783
2 0.0144742 0.894026 0.0236761 0.0151365 0.00673819 0.00872209 0.00435004 0.0328765
2 0.0362465 0.91904 0.0194447 0.00759645 0.00428585 0.00462995 0.00349162 0.00526535
2 0.00497106 0.960564 0.00911064 0.00724869 0.00377632 0.00404902 0.00206559 0.00821427
2 0.00497689 0.969981 0.0088088 0.00455438 0.00291859 0.00278551 0.00226104 0.00371417
2 0.0053843 0.968681 0.0106131 0.00422836 0.00270029 0.00254613 0.00261139 0.00323515
2 0.00353283 0.971709 0.00752005 0.00569753 0.002785 0.00286228 0.00195984 0.00393306
2 0.00275891 0.975851 0.00773853 0.00401566 0.0025357 0.00232467 0.00220978 0.00256572
2 0.00782629 0.938957 0.0146418 0.0171595 0.00464602 0.00622256 0.00296181 0.00758493
2 0.0159594 0.926216 0.0213019 0.0150095 0.00536304 0.0067995 0.00393092 0.00541958
2 0.0479243 0.856963 0.037682 0.0238946 0.00849868 0.0118462 0.00590644 0.00728515
2 0.00314822 0.978646 0.00674456 0.00506741 0.00165003 0.00175619 0.00118713 0.00180083
2 0.00623764 0.866958 0.043505 0.052559 0.0051019 0.00787189 0.00317127 0.0145955
2 0.0049404 0.942975 0.0140542 0.0130553 0.00365402 0.00423933 0.00853717 0.00854502
3 0.22395 0.13599 0.477229 0.0747165 0.0211471 0.0400182 0.0123468 0.0146024
2 0.0117233 0.80098 0.0433783 0.080362 0.0334433 0.0112617 0.00477492 0.0140766
2 0.0101489 0.691594 0.0624764 0.156688 0.0384947 0.0119566 0.00554898 0.0230929
2 0.00962345 0.968494 0.00736893 0.00481049 0.00205736 0.00217297 0.00211209 0.00336088
2 0.0145934 0.710176 0.214709 0.0226133 0.00663655 0.0185364 0.00501115 0.00772384
2 0.00421136 0.970166 0.00765264 0.00523132 0.003218 0.00263677 0.00316597 0.00371796
2 0.00422675 0.970574 0.00772956 0.00481199 0.00221255 0.00259988 0.00428499 0.00356038
3 0.0791821 0.0663102 0.761265 0.0384171 0.0129829 0.0215216 0.00816094 0.0121606
2 0.00521253 0.911009 0.0275553 0.0327835 0.00904519 0.0047028 0.00304625 0.00664587
2 0.0195076 0.548978 0.359989 0.0253859 0.00865211 0.0226089 0.00594843 0.00893005
5 0.0286385 0.215735 0.0606095 0.0406267 0.600365 0.013274 0.0279952 0.0127561
2 0.0121172 0.539802 0.0303938 0.051803 0.00746046 0.0132684 0.0084754 0.33668
1 0.960876 0.00467304 0.00782413 0.00521217 0.00645801 0.00492653 0.0058236 0.00420701
2 0.00574303 0.942246 0.0349337 0.00505696 0.00319545 0.00293419 0.00309427 0.00279655
4 0.0128519 0.0102537 0.0183416 0.922015 0.0108081 0.0106303 0.0066379 0.00846114
5 0.0364328 0.0568484 0.0466521 0.0257074 0.773746 0.0153349 0.0350744 0.0102042
7 0.0210858 0.0158535 0.0187429 0.013298 0.026223 0.00962907 0.887549 0.00761847
1 0.900276 0.0180327 0.0267126 0.0153813 0.0129448 0.0123789 0.00827842 0.00599583
4 0.0307309 0.0281606 0.0437328 0.833681 0.0194815 0.0221116 0.0102813 0.0118201
5 0.053378 0.0697364 0.0658511 0.0403963 0.700343 0.0263195 0.031705 0.0122706
7 0.0659329 0.0592983 0.0633416 0.0460578 0.0665258 0.0317984 0.653968 0.0130774
3 0.00641603 0.00554688 0.928359 0.0119137 0.00297686 0.00658157 0.00497948 0.0332264
3 0.00273085 0.00976146 0.951677 0.0135857 0.00195863 0.00427951 0.00224996 0.0137569
3 0.0164229 0.0262892 0.896407 0.0176822 0.00413944 0.00797803 0.00423125 0.0268499
3 0.0292563 0.0180724 0.926772 0.0066702 0.00420881 0.00463037 0.00350376 0.00688594
3 0.00362824 0.00598139 0.970301 0.00680969 0.002637 0.00287363 0.00165334 0.00611555
3 0.00318207 0.00488651 0.978179 0.00376791 0.00228915 0.00221339 0.0019131 0.00356837
3 0.00557382 0.00896349 0.957184 0.00595335 0.00327585 0.00394768 0.00247907 0.0126224
3 0.0034301 0.0054362 0.975703 0.00321689 0.00244947 0.00240257 0.00221674 0.00514473
3 0.0108192 0.0150067 0.943116 0.0105902 0.0043742 0.00599254 0.0035871 0.00651375
3 0.0396049 0.0334424 0.868352 0.0206278 0.00866557 0.0124487 0.00613267 0.0107258
3 0.00149405 0.00505725 0.96569 0.0174495 0.00196527 0.00252473 0.00116519 0.00465408
3 0.0193485 0.20527 0.586013 0.0378756 0.0101865 0.118873 0.00786641 0.0145664
3 0.0089849 0.0242392 0.862276 0.0364621 0.0247546 0.0105545 0.0128959 0.0198327
3 0.00774505 0.00977179 0.94948 0.0119796 0.0020481 0.00417567 0.00268533 0.0121149
3 0.0864374 0.0569853 0.7634 0.0378976 0.0129848 0.0218866 0.00820176 0.0122069
3 0.00978337 0.025103 0.871485 0.0394279 0.0277539 0.00987855 0.00452833 0.0120395
3 0.0212638 0.315364 0.53448 0.0294805 0.00999632 0.0711713 0.00697744 0.0112662
3 0.00607571 0.00832937 0.969118 0.00469865 0.00199282 0.00211789 0.00189104 0.005777
3 0.000465573 0.00324773 0.989911 0.00198633 0.000810329 0.000897944 0.000605809 0.00207538
3 0.00213788 0.00605579 0.975932 0.00413172 0.00189673 0.00212575 0.00242867 0.0052919
3 0.00664857 0.0299007 0.924033 0.0147696 0.00889669 0.00555948 0.00289952 0.00729285
3 0.00273717 0.00860092 0.963893 0.0104266 0.00342941 0.00267766 0.00199608 0.00623954
3 0.00708028 0.0535454 0.909547 0.00987764 0.00437006 0.00495927 0.00396971 0.006651
4 0.0132363 0.00922035 0.0706333 0.873853 0.00930553 0.0101263 0.00595782 0.00766775
5 0.0260784 0.0257549 0.212764 0.0262671 0.654356 0.0128529 0.0293908 0.0125356
3 0.0147133 0.043407 0.463193 0.0595932 0.00908635 0.0158787 0.0104052 0.383723
2 0.0238016 0.50591 0.415122 0.0188956 0.0104215 0.011156 0.00805991 0.00663359
4 0.0200529 0.0132491 0.0413645 0.881149 0.0131815 0.0138812 0.00827018 0.00885159
5 0.0360208 0.0234956 0.0603675 0.0217387 0.798029 0.0152904 0.0349646 0.0100933
1 0.908923 0.0205096 0.0154323 0.0155136 0.0132204 0.0125489 0.00798413 0.00586819
2 0.0223995 0.865778 0.0513951 0.0215528 0.0121975 0.013282 0.00725553 0.00613965
3 0.0202837 0.0313498 0.893276 0.0150011 0.011546 0.0132014 0.00728517 0.00805721
4 0.0372373 0.0323481 0.0515345 0.808713 0.0215829 0.0252091 0.0113857 0.0119895
5 0.0550789 0.0518864 0.0593417 0.0402448 0.721372 0.0275139 0.0321908 0.0123715
7 0.0690793 0.0585049 0.0525697 0.047322 0.0697073 0.0332664 0.65654 0.0130105
4 0.0071666 0.00565558 0.00837608 0.924383 0.00241054 0.00850021 0.00584766 0.0376607
4 0.00115695 0.00186269 0.00290409 0.983864 0.00199595 0.00176546 0.00138531 0.00506536
4 0.00513498 0.00653833 0.00986511 0.954719 0.00644871 0.00655873 0.00308064 0.00765482
4 0.00176811 0.00441974 0.0122626 0.961141 0.00941298 0.00304282 0.00148616 0.00646649
4 0.00242689 0.00572993 0.0122229 0.949485 0.0193784 0.0031893 0.00186464 0.00570297
4 0.000835333 0.00150697 0.0030862 0.986189 0.0031412 0.00132941 0.000799612 0.00311189
4 0.00359758 0.00833518 0.0111766 0.943504 0.00477069 0.00515084 0.00361806 0.0198473
4 0.00624235 0.00848312 0.0134239 0.941427 0.00962558 0.00755172 0.00436771 0.00887904
4 0.00596999 0.00857142 0.0130685 0.941936 0.00756543 0.00767527 0.00453618 0.0106774
4 0.0164387 0.0196988 0.0266883 0.885655 0.0154786 0.0166168 0.00586582 0.0135584
4 0.00563182 0.0234789 0.0129745 0.921339 0.00709704 0.00775318 0.00488638 0.0168393
4 0.016695 0.0320668 0.0368413 0.671098 0.204438 0.0150621 0.00971307 0.0140852
4 0.0148215 0.0353111 0.0475424 0.805317 0.0135434 0.0147992 0.0434178 0.0252473
4 0.30193 0.0581072 0.0769415 0.522441 0.0108266 0.010018 0.0068292 0.0129067
4 0.0128983 0.0679393 0.417215 0.458893 0.0107734 0.0132237 0.00677924 0.0122785
4 0.00545114 0.00673611 0.0103341 0.952687 0.00706837 0.00652725 0.00344194 0.00775381
2 0.0422231 0.299907 0.122517 0.216939 0.018591 0.274383 0.0110436 0.0143962
4 0.00227742 0.00311365 0.00528821 0.974292 0.00318321 0.00282988 0.00214009 0.00687515
4 0.00408243 0.00490982 0.00871388 0.94838 0.00641303 0.0165431 0.00345703 0.00750123
4 0.00420555 0.00704581 0.0120502 0.948517 0.00490543 0.00492457 0.0107714 0.00757979
4 0.0883839 0.0221963 0.0335756 0.83054 0.00730856 0.0065824 0.00430896 0.00710386
4 0.00565865 0.00960479 0.0139137 0.941254 0.0079937 0.00770723 0.00463409 0.0092339
4 0.0167697 0.0641922 0.326436 0.544223 0.0124648 0.0160276 0.00742683 0.0124594
4 0.0182819 0.0210015 0.0291544 0.884075 0.0129207 0.0168633 0.00644715 0.0112561
4 0.00597001 0.00861846 0.0120539 0.930707 0.0224279 0.00666601 0.00449731 0.00905992
4 0.0560429 0.268961 0.139927 0.269966 0.0221993 0.214555 0.012708 0.0156409
1 0.849444 0.00939765 0.0196023 0.0909543 0.01099 0.0076636 0.00563651 0.00631159
4 0.040188 0.223572 0.254553 0.360865 0.0359864 0.0358637 0.0216757 0.0272967
4 0.00298942 0.00264748 0.00506424 0.974953 0.00456339 0.00360785 0.00234656 0.00382761
7 0.0342382 0.0344634 0.0435857 0.0850196 0.0784648 0.0209132 0.685854 0.0174607
4 0.0113733 0.0361131 0.0305705 0.556499 0.00946751 0.0133224 0.00807255 0.334582
2 0.0287643 0.716713 0.11064 0.0837713 0.0227469 0.0182607 0.0100044 0.0091001
3 0.00915196 0.00552501 0.954101 0.00690604 0.00796803 0.00610536 0.00423642 0.00600626
5 0.00849027 0.00524878 0.00811847 0.00845501 0.950121 0.00484259 0.00851359 0.00621004
6 0.00540462 0.00453504 0.00668893 0.00449601 0.00504223 0.965257 0.00379305 0.00478325
7 0.0405938 0.0268136 0.0323413 0.0383632 0.0894466 0.019545 0.741421 0.0114755
2 0.0263405 0.858779 0.0367875 0.0308914 0.0189688 0.0145073 0.00719157 0.00653346
3 0.025998 0.0472112 0.858339 0.0174777 0.0187745 0.0154718 0.00757262 0.00915489
4 0.0280851 0.0249356 0.0340577 0.853122 0.0207568 0.0192655 0.00885293 0.0109242
7 0.0857606 0.0675175 0.0634421 0.0621522 0.135187 0.0386667 0.532859 0.0144145
4 0.00502464 0.00403004 0.0072648 0.931254 0.0226991 0.00610331 0.00465155 0.0189722
5 0.00807145 0.00972032 0.0135512 0.0226947 0.898793 0.00657734 0.00454594 0.0360462
5 0.00254333 0.00320178 0.0047281 0.00838149 0.974211 0.00204658 0.00217841 0.00270902
5 0.0180885 0.0280614 0.026817 0.0261823 0.849195 0.0122947 0.0151585 0.0242025
5 0.0250248 0.0406611 0.0406817 0.0554299 0.789816 0.0175025 0.011015 0.0198687
5 0.00701643 0.00956875 0.0106432 0.0113995 0.946689 0.00496254 0.00524679 0.00447335
5 0.00119864 0.0015062 0.00183088 0.00208371 0.989532 0.000953361 0.00142274 0.00147279
5 0.00786071 0.0101456 0.0118314 0.0174004 0.936792 0.00554625 0.00437613 0.00604795
5 0.00443284 0.00656617 0.00645934 0.0071571 0.955204 0.00336442 0.00352299 0.0132932
5 0.021802 0.0282375 0.0288403 0.0294035 0.861121 0.0137388 0.00792566 0.00893132
5 0.00535146 0.00652625 0.00733394 0.00807011 0.961441 0.00376757 0.00330369 0.00420565
2 0.0219029 0.734071 0.145741 0.0320957 0.022606 0.011914 0.00629298 0.0253764
3 0.00932117 0.0140895 0.926042 0.0104515 0.0108523 0.00631477 0.0037171 0.0192117
4 0.0200291 0.0190672 0.027824 0.860059 0.0311011 0.0148026 0.0070537 0.0200632
5 0.00431323 0.00355575 0.00480815 0.0041898 0.970268 0.00226335 0.00426401 0.00633779
6 0.0211926 0.0212076 0.028768 0.0375495 0.0215747 0.846587 0.00692523 0.0161954
7 0.0558421 0.0538481 0.0611434 0.0429478 0.11465 0.0263198 0.603833 0.041416
1 0.95671 0.00704563 0.00801539 0.00647902 0.00806894 0.00429603 0.00529256 0.00409272
2 0.0104872 0.907319 0.0462945 0.0104464 0.0086922 0.00547842 0.00434084 0.00694102
4 0.0093681 0.00838348 0.0123496 0.934367 0.0130925 0.00780373 0.00500817 0.00962782
5 0.0082358 0.00594135 0.00737948 0.00633851 0.953658 0.00363603 0.0095239 0.00528727
6 0.0122594 0.0113232 0.0140207 0.0130055 0.0100314 0.927007 0.00534615 0.00700622
7 0.0222476 0.0173768 0.0187732 0.0156208 0.0459498 0.00987236 0.858819 0.0113404
3 0.0236026 0.129986 0.770358 0.027139 0.0155687 0.015008 0.00956373 0.00877439
6 0.00740019 0.00671074 0.00893682 0.021217 0.00353243 0.91882 0.00631718 0.0270659
6 0.0446912 0.0393453 0.0382491 0.0377344 0.0141611 0.726913 0.00853291 0.0903732
6 0.0103404 0.0185874 0.0163311 0.0150908 0.00592124 0.91473 0.0044424 0.0145568
6 0.0121625 0.031167 0.0242296 0.0211815 0.00721868 0.890343 0.00544722 0.00825012
6 0.0586609 0.11904 0.0913484 0.0784644 0.0198497 0.607416 0.0124726 0.0127473
6 0.0324364 0.0414993 0.0372725 0.0398611 0.0119667 0.749678 0.00801973 0.0792662
6 0.0510074 0.113447 0.084168 0.0701755 0.0185351 0.638354 0.0119407 0.0123716
6 0.00969954 0.0146723 0.0134318 0.0164584 0.00507013 0.9154 0.00376643 0.0215009
6 0.00496361 0.00813101 0.00716047 0.00803409 0.00319739 0.960917 0.00284293 0.00475346
6 0.0330109 0.0648198 0.0519836 0.0493034 0.0135189 0.768172 0.00913255 0.0100583
6 0.0472846 0.0790036 0.0665507 0.0678176 0.0169977 0.699877 0.0108374 0.011631
6 0.0098522 0.017012 0.0163566 0.0186336 0.006105 0.916797 0.00449369 0.0107496
6 0.00690237 0.0103565 0.0123981 0.0189238 0.00545493 0.915013 0.00398156 0.0269695
6 0.00848087 0.010246 0.00993064 0.012513 0.00403099 0.940016 0.00330066 0.011482
6 0.00307786 0.00434946 0.00443752 0.00590719 0.00219251 0.973542 0.00198076 0.00451278
6 0.00404682 0.00789774 0.00717445 0.00820738 0.00328703 0.961957 0.00290874 0.00452088
6 0.00890434 0.0125956 0.0145946 0.0260162 0.00562578 0.920896 0.00425489 0.00711227
6 0.0108229 0.0153854 0.016043 0.0218554 0.00596622 0.91827 0.00437446 0.00728299
6 0.00664429 0.00982534 0.0102757 0.0135785 0.00475466 0.932669 0.00342577 0.0188267
6 0.0228579 0.0320862 0.0313918 0.038001 0.0101443 0.850295 0.00695344 0.00827008
6 0.0220851 0.032687 0.0316584 0.037968 0.0101439 0.849958 0.00700388 0.0084956
6 0.00775328 0.0109919 0.012198 0.0163082 0.00481457 0.939718 0.00371784 0.00449814
6 0.0148973 0.0224757 0.0217325 0.0259046 0.00756948 0.89547 0.00556504 0.00638541
6 0.0257458 0.0365021 0.0377901 0.0455783 0.0112019 0.827421 0.00785258 0.00790833
6 0.0317472 0.0474416 0.0444332 0.0496078 0.0128837 0.795659 0.00879329 0.00943442
2 0.0148024 0.853529 0.0627939 0.0220618 0.00896202 0.0166611 0.00488161 0.0163079
6 0.0085005 0.00778278 0.0104498 0.0132958 0.00659771 0.940435 0.00414151 0.00879687
7 0.044297 0.0467664 0.0488515 0.0400853 0.0712489 0.0427287 0.673092 0.0329301
1 0.925671 0.0145499 0.0130278 0.0138752 0.010291 0.00898662 0.00859844 0.00500001
3 0.0106204 0.021962 0.92808 0.0115603 0.0073343 0.00747922 0.00624742 0.00671664
4 0.00626611 0.0060499 0.00818975 0.953569 0.00718064 0.00661017 0.00440184 0.00773307
5 0.0217493 0.021044 0.0202248 0.0241305 0.866543 0.0137988 0.0231762 0.00933312
1 0.8154 0.0467219 0.0316777 0.0434356 0.020164 0.0214643 0.0142753 0.00686101
2 0.0132683 0.932506 0.0120903 0.0157884 0.00758533 0.00849181 0.00563361 0.00463649
3 0.0338628 0.212358 0.647656 0.0443584 0.0180274 0.0221277 0.0124332 0.00917743
5 0.054093 0.0655788 0.0474786 0.0655667 0.681217 0.032111 0.0412463 0.012709
7 0.0449611 0.0513959 0.038948 0.0463342 0.0479695 0.0256774 0.733283 0.0114312
4 0.0019659 0.00199491 0.00242748 0.984231 0.00454171 0.00220776 0.000962843 0.0016683
1 0.932075 0.0238578 0.0136523 0.00985281 0.00512875 0.00478939 0.00749198 0.00315215
1 0.786986 0.0724617 0.0476733 0.0431888 0.0133445 0.0181626 0.0119434 0.00623932
1 0.921307 0.0317011 0.0148016 0.0100748 0.00586152 0.00631062 0.0046682 0.00527564
1 0.951399 0.0143105 0.0107987 0.00658416 0.0044764 0.00414336 0.00381297 0.00447509
1 0.941587 0.0146645 0.0134707 0.00966074 0.00551486 0.00564734 0.00443244 0.00502193
1 0.948745 0.0146174 0.00971166 0.00766408 0.00513121 0.00500935 0.00426004 0.00486131
1 0.933305 0.0146691 0.0151998 0.0123183 0.0066185 0.00713196 0.00512308 0.0056339
1 0.958705 0.00962352 0.00892686 0.00643814 0.00432716 0.00393228 0.00370364 0.00434365
1 0.939414 0.0151748 0.013742 0.0104938 0.00566409 0.00596595 0.00448216 0.0050633
1 0.953721 0.0137207 0.00841693 0.00690109 0.00460529 0.00422707 0.00389269 0.0045152
1 0.945323 0.0149982 0.00956273 0.00914552 0.00540006 0.00620782 0.00438172 0.00498046
1 0.935357 0.0148957 0.0136502 0.0127042 0.00590939 0.00732119 0.00481074 0.00535211
8 0.287379 0.0797031 0.114899 0.142726 0.0122378 0.0411734 0.0315293 0.290353
1 0.975337 0.00373694 0.00455563 0.00410767 0.001879 0.00192074 0.00404758 0.00441578
1 0.934927 0.00869179 0.00832833 0.00992735 0.00352229 0.00400537 0.00776598 0.0228322
1 0.949387 0.012527 0.0143768 0.00638014 0.00370398 0.00363481 0.00499498 0.00499578
1 0.61984 0.131995 0.138035 0.0478159 0.00817413 0.0145975 0.00997606 0.0295661
1 0.979228 0.00479016 0.00544143 0.00274526 0.00199503 0.00159771 0.00250075 0.00170198
1 0.962077 0.00866753 0.00890052 0.00622875 0.00299789 0.00277959 0.00364136 0.00470726
1 0.963424 0.00823997 0.0122956 0.00384355 0.00319341 0.00255222 0.00342516 0.00302585
1 0.658864 0.186064 0.0991771 0.0227989 0.0076461 0.00952441 0.00645913 0.009466
1 0.957177 0.0140646 0.00927824 0.00540145 0.00383417 0.00327312 0.00373499 0.00323662
1 0.9493 0.0147571 0.0109909 0.00799767 0.00453245 0.00409828 0.00428408 0.00403955
1 0.949969 0.014306 0.0122425 0.00601241 0.0045687 0.00383608 0.00416333 0.00490146
2 0.0117932 0.946211 0.0100356 0.00962654 0.0024486 0.00404339 0.00375706 0.0120847
2 0.00393613 0.976704 0.00842591 0.0033743 0.00137609 0.00163986 0.0018359 0.00270744
2 0.00166176 0.989612 0.00231985 0.0017818 0.00140279 0.00147754 0.000770072 0.000973751
2 0.00146278 0.989525 0.00268596 0.00186622 0.00140027 0.00133436 0.000886277 0.000838995
2 0.000926778 0.99038 0.00200191 0.00224292 0.00135369 0.00134031 0.00102965 0.000724808
2 0.0115218 0.958311 0.0102354 0.00623538 0.00258567 0.00297343 0.00294675 0.00519095
2 0.00433706 0.975811 0.00826078 0.00300303 0.00187542 0.00180687 0.0020693 0.00283624
2 0.0013647 0.985112 0.00258257 0.00330142 0.00207562 0.00201704 0.00176123 0.00178509
2 0.00379916 0.967104 0.0054413 0.00777416 0.00394472 0.00437191 0.00317471 0.00439054
2 0.00269449 0.951228 0.00772785 0.00912494 0.00202254 0.00380368 0.00267356 0.0207246
2 0.00530037 0.961269 0.00786413 0.00610659 0.00169852 0.00260914 0.00219496 0.0129574
2 0.00528027 0.488221 0.479165 0.0110015 0.00347448 0.00460754 0.0030961 0.00515422
2 0.0073564 0.945913 0.0144331 0.0143436 0.00359908 0.00640583 0.00315598 0.00479323
2 0.031141 0.82365 0.0396329 0.0502548 0.0108325 0.0321201 0.00627511 0.00609364
2 0.005466 0.958305 0.00824988 0.0102179 0.00326478 0.00491819 0.00671443 0.00286414
2 0.0161848 0.908581 0.0171415 0.0260832 0.00770755 0.0122388 0.00561378 0.00644943
2 0.0126104 0.968501 0.00677987 0.00299708 0.0019212 0.00181901 0.00275412 0.00261716
2 0.00140296 0.983648 0.00257644 0.00340791 0.00242968 0.00224832 0.0020563 0.00223083
2 0.00954975 0.971542 0.00604654 0.00303552 0.00224057 0.00199244 0.00252122 0.00307185
2 0.013167 0.958956 0.0071905 0.00579071 0.00360367 0.00365065 0.00310528 0.00453607
2 0.00307447 0.969206 0.00473875 0.00715441 0.00388643 0.00420766 0.00317601 0.00455635
3 0.00796159 0.385319 0.579807 0.00914948 0.00392098 0.00451804 0.00358073 0.00574357
2 0.00521864 0.960816 0.00667358 0.00983737 0.00448284 0.00529008 0.00344705 0.00423412
2 0.0182589 0.918072 0.0297151 0.0129414 0.00569201 0.00586739 0.00399785 0.00545524
2 0.0142716 0.905506 0.0439906 0.0135728 0.0057839 0.00635209 0.00410439 0.00641895
2 0.159419 0.798005 0.0116306 0.00995405 0.00518237 0.00678473 0.00391938 0.00510499
2 0.0113873 0.941744 0.0137836 0.0118994 0.00530163 0.00675222 0.00390718 0.00522476
3 0.00195225 0.00283685 0.986507 0.00189257 0.00115525 0.00129543 0.00136083 0.00299946
3 0.0150553 0.0130133 0.94706 0.00784278 0.00276249 0.00343127 0.00316628 0.00766894
3 0.00177004 0.00254913 0.984152 0.00216122 0.00175857 0.0016996 0.00181516 0.00409477
3 0.000928858 0.00127618 0.987949 0.00211608 0.00183993 0.00173068 0.00146377 0.00269526
3 0.0621262 0.0388925 0.863609 0.0112284 0.00489966 0.0058298 0.00424869 0.00916533
3 0.0107008 0.00728029 0.957834 0.00566759 0.00379137 0.00405724 0.00317295 0.00749569
3 0.000837991 0.00124264 0.992838 0.0013634 0.00116675 0.00109455 0.000579336 0.000877826
3 0.00437076 0.00434889 0.966513 0.00641228 0.00389076 0.00441079 0.00304895 0.0070048
3 0.00445094 0.00951282 0.932474 0.00899365 0.00230007 0.00477618 0.00354387 0.0339481
3 0.00885377 0.00601932 0.951766 0.00928253 0.00222118 0.00383939 0.00343305 0.0145843
3 0.0561218 0.0209347 0.86375 0.0150069 0.00380774 0.00644745 0.00913587 0.0247952
3 0.00714752 0.0171709 0.939363 0.0130911 0.00434823 0.00788491 0.00338559 0.00760882
3 0.0119764 0.0674 0.855016 0.0215873 0.00635367 0.0277485 0.00412419 0.00579408
3 0.0244952 0.0343324 0.850821 0.0386705 0.009766 0.0184121 0.0116748 0.0118279
3 0.00458341 0.00567982 0.961682 0.00819291 0.00457457 0.00590998 0.00339485 0.00598285
2 0.190552 0.354726 0.184814 0.141991 0.0306729 0.064958 0.0162391 0.0160472
3 0.00810249 0.0249165 0.930118 0.0126309 0.00535118 0.00641176 0.00370067 0.00876826
2 0.106233 0.375234 0.24843 0.123848 0.0273462 0.0877879 0.0150032 0.0161168
3 0.00854307 0.00391408 0.975776 0.00217299 0.00167277 0.00167402 0.00260304 0.00364356
3 0.00067324 0.00153232 0.990156 0.00161239 0.00166906 0.00144885 0.00138086 0.00152751
3 0.00873059 0.00470746 0.972018 0.00274942 0.00223824 0.00211362 0.00255007 0.00489304
3 0.0699757 0.0146967 0.887424 0.00700289 0.00444937 0.00478467 0.00376819 0.00789824
3 0.00604017 0.00653056 0.961003 0.00699055 0.00411639 0.00465516 0.00327742 0.00738625
3 0.00484329 0.00547453 0.962799 0.00722896 0.00444664 0.00527073 0.00341253 0.0065244
2 0.194485 0.349292 0.181052 0.145392 0.031146 0.0660263 0.0164367 0.0161702
3 0.0109086 0.0102608 0.95109 0.0077929 0.00443506 0.00459901 0.00354389 0.00736953
4 0.00206329 0.00225476 0.002766 0.981952 0.00321156 0.00232338 0.00177371 0.00365518
4 0.0119977 0.0107631 0.0140264 0.74571 0.00594606 0.0108446 0.174105 0.0266077
4 0.00421673 0.0045046 0.00608845 0.967124 0.00445171 0.00474745 0.00583473 0.00303218
4 0.00264942 0.00290209 0.00370218 0.978291 0.00398163 0.00352318 0.00246325 0.00248727
4 0.00309969 0.00345686 0.00397707 0.95643 0.00836378 0.00339043 0.0127657 0.00851621
4 0.00301129 0.00335356 0.0038717 0.975504 0.00487335 0.00371422 0.00226612 0.00340535
4 0.00380721 0.0041945 0.00460975 0.969516 0.00680356 0.00438762 0.002935 0.00374657
4 0.00352684 0.00334158 0.0067925 0.921281 0.0157231 0.00520452 0.00407651 0.0400536
4 0.0108766 0.0101057 0.0130252 0.923473 0.00661269 0.0101206 0.00852043 0.0172662
4 0.0026239 0.00252063 0.00297027 0.97993 0.00356197 0.0031331 0.0014619 0.00379871
4 0.00214996 0.00241288 0.00268745 0.97282 0.00464443 0.00232032 0.00778749 0.00517775
4 0.00341911 0.00319584 0.00428622 0.957104 0.00267482 0.0041302 0.0154372 0.00975215
4 0.0166171 0.0799305 0.0223269 0.828545 0.0105164 0.0155335 0.0103709 0.0161594
4 0.0184176 0.0227574 0.0316085 0.777731 0.0125388 0.0188382 0.103448 0.0146608
4 0.044914 0.0294653 0.0349881 0.82729 0.0170595 0.0190277 0.016297 0.0109584
4 0.00774321 0.015966 0.0100799 0.938716 0.00911722 0.00856413 0.00424943 0.00556448
4 0.0337002 0.0380167 0.105367 0.75199 0.0190238 0.0286092 0.0109928 0.0123002
4 0.0182557 0.0221463 0.0267091 0.88921 0.0143614 0.0173183 0.00616586 0.00583324
4 0.00245309 0.00244768 0.00339015 0.980142 0.0033918 0.0025373 0.00196273 0.00367482
4 0.00759852 0.00661995 0.00851429 0.95414 0.00676097 0.00669882 0.00358965 0.00607813
4 0.00602626 0.00667639 0.00914963 0.955375 0.00678338 0.00621347 0.00360152 0.00617399
4 0.00869525 0.0106452 0.0128075 0.937937 0.00810708 0.0113423 0.00549893 0.00496669
5 0.00877194 0.008415 0.00899836 0.0192422 0.920792 0.00656601 0.00689247 0.0203218
5 0.00970274 0.0108964 0.0112654 0.0152525 0.922374 0.00728784 0.00653553 0.016686
5 0.00554885 0.00535877 0.00757953 0.391315 0.574321 0.00451791 0.00338969 0.00796863
5 0.00111756 0.00106713 0.00146093 0.00267922 0.989302 0.000968224 0.00133482 0.00207024
5 0.00342609 0.00351588 0.00432613 0.00750107 0.971282 0.00260779 0.00270371 0.00463694
5 0.00361387 0.00380158 0.00417736 0.00369381 0.974891 0.00266117 0.00276727 0.00439386
5 0.011308 0.013245 0.014445 0.0223399 0.916666 0.00779041 0.00548811 0.00871743
6 0.0183085 0.0182859 0.0148476 0.0287877 0.00512875 0.850519 0.00711804 0.057005
6 0.0130655 0.0162772 0.0124281 0.0153757 0.00496513 0.925943 0.00453701 0.00740784
6 0.0135296 0.0196966 0.0168025 0.0210524 0.00635364 0.911888 0.00486965 0.00580785
6 0.00781475 0.0164734 0.0124823 0.0155201 0.00416512 0.927692 0.00447575 0.0113767
6 0.00686771 0.0133163 0.0114996 0.0148904 0.00433994 0.941094 0.00353462 0.00445777
6 0.0111093 0.0165608 0.0148752 0.0182426 0.00585943 0.922778 0.00460938 0.00596537
6 0.0102984 0.0165818 0.0138819 0.0163545 0.00556961 0.926905 0.00450757 0.00590077
6 0.00878858 0.00895477 0.00770617 0.0143811 0.00308608 0.937277 0.00401119 0.0157952
6 0.0031838 0.0040282 0.00447373 0.0100577 0.00224099 0.970375 0.00198976 0.0036512
6 0.00373616 0.00556995 0.00536949 0.0114679 0.00238498 0.94805 0.00355579 0.0198656
6 0.00835706 0.0148581 0.0131515 0.0158177 0.00513775 0.933152 0.00418619 0.00533987
6 0.00523624 0.00662769 0.00649652 0.0111103 0.00288662 0.961704 0.00253954 0.0033987
6 0.00232433 0.00360073 0.00387718 0.00770046 0.00196146 0.975968 0.00179394 0.0027737
6 0.00407759 0.00477337 0.00576107 0.014551 0.00273659 0.937654 0.00452265 0.0259234
6 0.00660269 0.0139745 0.0113875 0.0129035 0.00444765 0.941241 0.00390985 0.00553308
6 0.0104923 0.0127279 0.0133785 0.0236257 0.00482789 0.918464 0.00508576 0.0113975
6 0.0110098 0.0164996 0.01545 0.0211846 0.00565922 0.917016 0.00489578 0.008285
6 0.0112179 0.0160575 0.0154861 0.0210335 0.00583311 0.91917 0.0047473 0.00645464
6 0.0107544 0.0137449 0.0146143 0.0237722 0.00524023 0.922814 0.0043212 0.00473845
7 0.0137951 0.0108645 0.0131659 0.0221368 0.00863094 0.010319 0.876086 0.0450021
7 0.00611669 0.00891963 0.0100008 0.0127463 0.00771054 0.00541477 0.943614 0.00547746
7 0.0315507 0.029103 0.0293172 0.0398581 0.0497689 0.019886 0.761443 0.0390735
7 0.057155 0.0227118 0.0218953 0.0289988 0.0341117 0.0140858 0.800044 0.0209975
7 0.0176067 0.015007 0.0168438 0.0262761 0.00938579 0.0121545 0.86499 0.0377358
7 0.0493164 0.0140451 0.0120854 0.0160183 0.0101084 0.00963595 0.813603 0.0751874
7 0.0239443 0.00928382 0.00841317 0.0256402 0.00866405 0.00678439 0.890162 0.0271077
7 0.0984985 0.0709464 0.0580782 0.0905253 0.0256945 0.0368437 0.525006 0.0944069
7 0.0100257 0.0103203 0.0107802 0.0190022 0.00917678 0.00649859 0.927089 0.00710704
7 0.0227158 0.0183027 0.0181238 0.0295487 0.0140469 0.0104098 0.874357 0.0124959
8 0.00469255 0.00363693 0.00424308 0.0095647 0.00187478 0.00554071 0.00510748 0.96534
8 0.00364913 0.00331218 0.00349665 0.0096895 0.00177908 0.00539043 0.00574861 0.966934
