labels 1 2 3 4 5 6 7
1 0.854159 0.0560248 0.0392123 0.0121362 0.00658537 0.00983867 0.0220441
1 0.806682 0.077704 0.0570763 0.0132343 0.00704585 0.0108884 0.027369
1 0.865624 0.026932 0.0214462 0.0283329 0.00993061 0.0218114 0.0259226
1 0.895964 0.0444649 0.0138555 0.0142426 0.00719502 0.0171287 0.00714893
1 0.918389 0.0286335 0.0122588 0.0126266 0.00677044 0.0145168 0.00680472
1 0.911467 0.0330451 0.0114496 0.0125693 0.00659448 0.0179344 0.0069396
1 0.895499 0.031451 0.0173668 0.0177678 0.00843115 0.0205957 0.00888884
1 0.918037 0.0236674 0.0139406 0.01641 0.00786127 0.0129483 0.0071356
1 0.889719 0.0314761 0.020189 0.0224416 0.00975085 0.0174583 0.00896483
1 0.91039 0.0315786 0.0133808 0.0160803 0.00767012 0.0138043 0.00709548
1 0.887935 0.035593 0.016049 0.0188728 0.00840921 0.0249359 0.00820492
1 0.918509 0.0281482 0.0203071 0.00834837 0.00524778 0.00778444 0.0116552
1 0.954063 0.0115978 0.00912029 0.00521752 0.00350067 0.00468798 0.0118127
1 0.924437 0.0203984 0.0146704 0.00997724 0.00435173 0.00826693 0.0178984
1 0.915605 0.032798 0.022095 0.00690661 0.00454551 0.00548941 0.0125609
1 0.932044 0.0221097 0.0141407 0.00977656 0.0043893 0.00609478 0.0114445
1 0.966705 0.0100129 0.00745986 0.00302351 0.00212836 0.00230253 0.00836747
1 0.946094 0.0177586 0.0120361 0.00547763 0.00272489 0.00384113 0.0120677
1 0.9419 0.0234239 0.0164678 0.00342805 0.00296152 0.00273946 0.00907896
1 0.923014 0.0314992 0.0171959 0.00829311 0.00405147 0.00502026 0.0109257
1 0.953627 0.0173095 0.0110185 0.00403132 0.00249213 0.00265 0.00887121
1 0.928143 0.0289461 0.016985 0.00683891 0.00313835 0.00409481 0.0118535
1 0.924444 0.0331231 0.02169 0.00436431 0.00343281 0.00317193 0.00977361
2 0.0177867 0.919652 0.0275532 0.0106612 0.0047773 0.00840284 0.0111672
2 0.0100217 0.941566 0.0304264 0.00540219 0.00244187 0.0037137 0.00642779
2 0.0031494 0.970345 0.014967 0.00387371 0.00186509 0.0030853 0.00271451
2 0.00161395 0.979994 0.011788 0.00197979 0.00118447 0.00163142 0.00180871
2 0.00157429 0.984315 0.0103278 0.00121828 0.000652548 0.000829056 0.00108354
2 0.0164798 0.925458 0.0285056 0.00951461 0.00386366 0.00680446 0.00937418
2 0.00988032 0.942779 0.0310806 0.00472515 0.00227074 0.00325237 0.00601221
2 0.00143302 0.982913 0.011632 0.00115386 0.000750835 0.000842964 0.00127443
2 0.00269365 0.970348 0.0190404 0.00228584 0.00141424 0.00178635 0.00243151
2 0.0153354 0.898188 0.0405869 0.0166519 0.00560835 0.0111236 0.0125056
3 0.00576655 0.34793 0.633136 0.00371333 0.00180283 0.0024355 0.00521552
2 0.0109945 0.884345 0.0479999 0.0237996 0.00277268 0.0233386 0.00674987
2 0.00166042 0.97705 0.0114279 0.00237265 0.000925306 0.00535824 0.00120586
2 0.00415837 0.951071 0.0122153 0.00372682 0.00124585 0.00212484 0.0254574
2 0.0163631 0.934034 0.0304712 0.00439324 0.00259483 0.0034557 0.00868835
2 0.0161485 0.93372 0.0317479 0.00448057 0.00249005 0.00330838 0.00810431
2 0.0180459 0.913737 0.0421813 0.00745221 0.0035254 0.00523648 0.00982154
2 0.00223192 0.970114 0.0188226 0.00230761 0.00156415 0.00185645 0.00310305
3 0.00947652 0.338042 0.638185 0.00312582 0.00199134 0.00217131 0.00700818
2 0.00257807 0.977417 0.0147686 0.00111832 0.000908295 0.0008459 0.00236427
2 0.0240489 0.860923 0.0650941 0.023126 0.0093101 0.00542367 0.0120744
2 0.144456 0.764379 0.0319396 0.0165896 0.0081418 0.0245973 0.00989684
2 0.00799217 0.925451 0.0306659 0.011194 0.00625754 0.0112387 0.00720036
3 0.0177396 0.0358689 0.924843 0.00757057 0.00282283 0.00424707 0.00690759
3 0.0174326 0.0375939 0.924417 0.00687438 0.00283905 0.00393829 0.00690468
3 0.000151492 0.00235198 0.994594 0.000721355 0.000700826 0.000494911 0.000985198
3 0.0420441 0.066339 0.832119 0.0240167 0.0070968 0.0126238 0.0157606
3 0.025086 0.0514993 0.892087 0.0112348 0.0043395 0.00640731 0.00934631
3 0.00121466 0.00385419 0.989323 0.001904 0.0011446 0.00124337 0.00131577
3 0.000435571 0.00466488 0.987469 0.00224421 0.00150968 0.00142096 0.0022555
3 0.0265289 0.0423641 0.879285 0.0217842 0.00560653 0.0116239 0.0128077
3 0.0287878 0.0380762 0.88563 0.0175149 0.00562333 0.0100905 0.0142768
3 0.0476907 0.040517 0.869984 0.0123884 0.00550478 0.00838364 0.0155318
3 0.0193301 0.0768193 0.826138 0.0376807 0.00326504 0.0291654 0.00760196
3 0.000739781 0.0410103 0.935543 0.00216811 0.00130807 0.0174273 0.00180297
3 0.00680835 0.0134885 0.930078 0.00734981 0.00189064 0.00383962 0.0365451
3 0.00134494 0.00504342 0.989441 0.00101756 0.000813784 0.000716208 0.00162283
2 0.242415 0.470056 0.156913 0.0497473 0.0156177 0.0468049 0.0184456
3 0.0226623 0.0948686 0.816814 0.0390234 0.0100425 0.00701821 0.00957062
3 0.0168455 0.11094 0.769231 0.0263479 0.00676022 0.0578391 0.0120361
3 0.028039 0.0348351 0.915506 0.00589112 0.00297262 0.00372474 0.00903123
3 0.000146971 0.00233325 0.995085 0.000493771 0.000600046 0.000352846 0.00098768
3 0.0253899 0.0366476 0.916078 0.00617593 0.0030458 0.00371136 0.00895111
3 0.0305332 0.0491888 0.887544 0.0106892 0.00459443 0.00609248 0.0113581
3 0.000447769 0.00474159 0.986292 0.00239112 0.00171729 0.0014479 0.00296196
3 0.00119911 0.00451319 0.989558 0.000974868 0.000917979 0.000675727 0.00216134
2 0.26841 0.433199 0.153901 0.0573933 0.0174839 0.0494168 0.0201964
4 0.0387631 0.0209073 0.0176362 0.872067 0.00581488 0.0225464 0.0222649
4 0.0357556 0.0197692 0.0171805 0.836967 0.0498012 0.0212747 0.0192517
4 0.001034 0.0016251 0.00108638 0.989108 0.00463826 0.0015026 0.00100566
4 0.022391 0.0161775 0.0144683 0.726995 0.00505406 0.0164852 0.198429
4 0.0026621 0.00408263 0.00313059 0.974213 0.00244093 0.00369561 0.00977495
4 0.000612772 0.00161988 0.000946177 0.991668 0.0014886 0.0016898 0.00197489
4 0.00431945 0.00481923 0.00402257 0.942453 0.0166238 0.00465588 0.0231056
4 0.000896487 0.00133288 0.00102352 0.987509 0.00604919 0.00118246 0.0020069
4 0.00245313 0.00299187 0.00236874 0.972937 0.0119177 0.00241768 0.00491415
4 0.029918 0.0218873 0.0183387 0.848073 0.0380065 0.0232827 0.0204936
4 0.0390365 0.02369 0.0150831 0.867462 0.00556224 0.0234458 0.0257206
4 0.00325236 0.00371436 0.00193819 0.983483 0.00141077 0.00388799 0.00231373
4 0.00168225 0.00206428 0.00153094 0.978562 0.00764497 0.0020509 0.00646457
4 0.00558402 0.00580026 0.00396098 0.941512 0.00199071 0.00662109 0.0345312
2 0.0191999 0.549033 0.0334203 0.346842 0.00832811 0.0202608 0.0229162
4 0.0156092 0.0107008 0.00860053 0.905075 0.0164257 0.00539017 0.0381985
4 0.00144876 0.0280987 0.00269682 0.951557 0.0075057 0.00193185 0.00676095
4 0.00193532 0.00508466 0.123446 0.850109 0.0094167 0.002913 0.00709491
4 0.00161174 0.00347381 0.00240425 0.983564 0.00371365 0.00237516 0.0028576
4 0.00170976 0.00231931 0.00141378 0.987499 0.00452159 0.0014404 0.00109658
4 0.00227018 0.00250398 0.00148066 0.984811 0.00532244 0.00231521 0.00129671
4 0.00187279 0.00270628 0.00170327 0.984678 0.00551862 0.00214422 0.00137704
4 0.00154617 0.00292132 0.00162953 0.9851 0.0019702 0.00376761 0.00306525
5 0.025781 0.0157845 0.0132685 0.0714273 0.839737 0.0162193 0.0177821
5 0.00779487 0.00848737 0.00653252 0.00562041 0.952054 0.00787301 0.0116374
4 0.0183261 0.0136581 0.012149 0.500022 0.436943 0.0125284 0.00637261
5 0.00420602 0.0034213 0.00302366 0.00780555 0.974898 0.00374999 0.00289516
5 0.00191287 0.00256548 0.00213797 0.000737948 0.987502 0.00255304 0.00259108
5 0.00249197 0.00308998 0.00272073 0.00157776 0.985483 0.00300536 0.00163109
5 0.00167209 0.00304842 0.00264082 0.000471434 0.987519 0.00279427 0.00185359
6 0.0181237 0.0141438 0.0108915 0.0205605 0.00656049 0.9169 0.0128197
6 0.00329934 0.00440248 0.00280029 0.00332391 0.00255036 0.981296 0.00232741
6 0.0127406 0.0137317 0.00975348 0.0168614 0.00615646 0.930445 0.0103114
6 0.00134013 0.00225671 0.00169356 0.00220624 0.00179346 0.989095 0.00161521
6 0.00831798 0.0152804 0.0106306 0.0114357 0.00603711 0.942689 0.00560942
6 0.0279914 0.0200729 0.0113432 0.0169287 0.00688346 0.906405 0.010375
6 0.023252 0.0317077 0.0175751 0.021155 0.00888861 0.887211 0.0102104
6 0.0169591 0.0119311 0.00913147 0.0167146 0.00611515 0.928474 0.0106747
6 0.00108598 0.00165352 0.0013022 0.0019167 0.00146607 0.991231 0.00134474
6 0.0127496 0.0137358 0.0107563 0.0212921 0.00661183 0.922458 0.0123963
6 0.00253905 0.00519506 0.00401964 0.00472569 0.00316809 0.977535 0.00281765
6 0.0011614 0.00153223 0.00119745 0.00160618 0.00147966 0.991753 0.00127013
6 0.000886727 0.00157583 0.00122347 0.00172724 0.00143148 0.991889 0.00126609
6 0.0203576 0.0165783 0.0134821 0.0283142 0.00761367 0.898186 0.0154679
6 0.0129984 0.018232 0.012101 0.0176545 0.006966 0.92264 0.00940819
6 0.0279032 0.0161478 0.0138256 0.0279581 0.00881946 0.88965 0.0156958
6 0.016215 0.025108 0.0181442 0.0292145 0.00858818 0.889487 0.0132429
6 0.00246092 0.00569884 0.00448217 0.00558326 0.00319635 0.975632 0.00294622
6 0.00216301 0.0034449 0.00267345 0.00368458 0.00232865 0.983564 0.00214102
7 0.0073981 0.00598307 0.00516556 0.0303848 0.00204236 0.00509675 0.943929
7 0.0533619 0.0179235 0.018249 0.0196416 0.0277996 0.0154759 0.847549
7 0.0455717 0.023083 0.0215243 0.0573014 0.0399893 0.0226205 0.78991
7 0.0581704 0.023203 0.0217103 0.0658117 0.00972853 0.0249527 0.796423
7 0.054487 0.022962 0.0221595 0.0650074 0.00590373 0.0244639 0.805017
7 0.0612301 0.019926 0.0192454 0.018388 0.00849638 0.0176751 0.855039
7 0.0604376 0.0181374 0.0168999 0.0702382 0.00794283 0.0158682 0.810476
7 0.0738013 0.0367009 0.0308486 0.0904116 0.0106807 0.0273501 0.730207
7 0.00992676 0.00594383 0.00505902 0.0439494 0.00225395 0.00427799 0.928589
7 0.0120081 0.00903136 0.00753301 0.0493697 0.00865869 0.00596024 0.907439
1 0.88512 0.069657 0.0174326 0.00682641 0.00641778 0.00587309 0.0086727
1 0.940037 0.03391 0.0122629 0.00236739 0.00331113 0.00237167 0.00574033
1 0.945979 0.0237367 0.00671339 0.00457345 0.00471952 0.00536832 0.00890961
1 0.962664 0.0171208 0.00448589 0.00198353 0.00300374 0.00292321 0.00781878
1 0.962325 0.0213782 0.00606774 0.00123853 0.00244674 0.00157467 0.00496874
1 0.943095 0.0288176 0.0072728 0.00280098 0.00361399 0.00385791 0.010542
1 0.917641 0.0532061 0.0153546 0.00203429 0.00340642 0.00238335 0.00597433
1 0.950617 0.0283279 0.0113766 0.00119688 0.00229949 0.0014284 0.00475368
1 0.957212 0.0206197 0.00750235 0.00199946 0.00335429 0.0025611 0.00675086
1 0.960467 0.0172876 0.0069936 0.00166632 0.00420499 0.0021903 0.00718992
2 0.00846734 0.978489 0.00617088 0.00133715 0.00163822 0.00138219 0.00251479
3 0.0719346 0.21709 0.65825 0.0156644 0.0104465 0.0116259 0.0149884
7 0.0483609 0.0340315 0.0222694 0.0161998 0.0354099 0.00932427 0.834404
1 0.717028 0.0980823 0.0554597 0.0243226 0.0343345 0.0227508 0.0480224
3 0.0336883 0.0667521 0.799688 0.0216128 0.0244999 0.0209338 0.0328248
4 0.0381964 0.0500029 0.0385198 0.793588 0.0279643 0.0214162 0.0303124
2 0.0230038 0.876324 0.0340757 0.0235957 0.00821947 0.0175024 0.0172786
2 0.00336688 0.890324 0.0819068 0.00933804 0.00495909 0.00634648 0.00375826
2 0.0358353 0.712867 0.220719 0.0103148 0.00665156 0.00704942 0.00656307
2 0.00597496 0.827436 0.160272 0.00154447 0.00108617 0.00183657 0.00184961
2 0.0011661 0.930373 0.0570836 0.00456432 0.00128739 0.00338262 0.00214324
2 0.0236462 0.889725 0.0630954 0.00590853 0.00487575 0.0055637 0.00718509
2 0.00358884 0.974072 0.0179989 0.000634138 0.00152766 0.000873706 0.00130447
2 0.00418762 0.970909 0.0204636 0.000734654 0.00131012 0.000976949 0.00141757
2 0.00649791 0.954734 0.0309115 0.00167535 0.00180544 0.0020095 0.00236676
2 0.0284024 0.862892 0.0864476 0.00616498 0.00373996 0.00570563 0.00664723
2 0.00303605 0.97674 0.0172 0.000455793 0.000936393 0.000624694 0.00100753
2 0.0041362 0.970469 0.0219329 0.000582327 0.000912396 0.000765176 0.00120158
2 0.00734556 0.948787 0.0369597 0.00150074 0.00146065 0.00174663 0.00219943
2 0.00313956 0.975503 0.0179919 0.00057223 0.000799853 0.000669488 0.00132439
2 0.00508937 0.961318 0.0271704 0.00137197 0.00128348 0.00147454 0.00229227
2 0.00348443 0.877251 0.089277 0.0131846 0.00542455 0.00739159 0.00398672
2 0.00660613 0.814505 0.112907 0.0247943 0.00622632 0.0281517 0.00680896
2 0.021525 0.774916 0.173503 0.0133882 0.0042828 0.00701832 0.0053673
2 0.0222058 0.602565 0.154482 0.0442174 0.139885 0.0200179 0.0166269
2 0.0141977 0.695692 0.135097 0.0382897 0.0895241 0.0155525 0.0116468
2 0.00703979 0.800785 0.140175 0.022423 0.00664509 0.0154579 0.00747449
2 0.0011033 0.759628 0.234742 0.000581624 0.000577599 0.00159216 0.001776
2 0.00128307 0.90646 0.0794374 0.00161039 0.00301373 0.00191601 0.00627899
2 0.00123746 0.904805 0.0828243 0.00157948 0.000970393 0.0019021 0.00668125
2 0.00229993 0.847641 0.124792 0.00393254 0.0157183 0.00312887 0.00248735
2 0.00283789 0.864312 0.11304 0.00729072 0.00230222 0.00570733 0.00450976
1 0.79859 0.091557 0.0533231 0.0119353 0.0185073 0.0116449 0.0144426
6 0.0403115 0.173276 0.212711 0.0730203 0.0443206 0.422501 0.0338597
3 0.0214146 0.0108616 0.901783 0.00697158 0.0251006 0.0130039 0.0208647
4 0.022114 0.0205125 0.0246749 0.871223 0.0303755 0.010944 0.0201565
6 0.031324 0.0484731 0.0596726 0.0110869 0.035715 0.792675 0.021053
7 0.0330031 0.0174598 0.0218735 0.0173012 0.0486838 0.0178763 0.843802
3 0.0476864 0.0319492 0.757613 0.0175065 0.0678731 0.0391741 0.0381976
6 0.0404658 0.0340897 0.032432 0.0105577 0.0437182 0.817782 0.0209547
7 0.0626112 0.0263363 0.0293711 0.0265548 0.088045 0.0386029 0.728479
3 0.0349224 0.0397736 0.843995 0.0342574 0.00867631 0.0190762 0.0192989
3 0.00181459 0.0959406 0.892962 0.00302459 0.00125341 0.0028525 0.00215186
3 0.0040339 0.0251608 0.961887 0.00264081 0.00121571 0.00278168 0.00227985
3 0.0033534 0.0937982 0.875617 0.0155833 0.00254973 0.00495874 0.00413985
3 0.0104585 0.0823747 0.884061 0.00622347 0.00582885 0.00494721 0.00610673
3 0.000642604 0.0150832 0.9784 0.00101513 0.00236351 0.00105989 0.00143594
3 0.000490259 0.0136642 0.979479 0.00140287 0.00190225 0.00122445 0.00183724
3 0.000862711 0.0203139 0.966664 0.00369243 0.00263876 0.00253959 0.00328878
3 0.0102357 0.119063 0.85392 0.00372143 0.00538082 0.00401333 0.0036657
3 0.000458729 0.0152318 0.979773 0.000985247 0.00130834 0.000982751 0.00125973
3 0.000664053 0.021359 0.972997 0.00111242 0.00124333 0.00108221 0.00154171
3 0.150121 0.149003 0.469741 0.122354 0.0375443 0.0409323 0.0303055
3 0.0161555 0.0924659 0.678282 0.0785885 0.0729338 0.0192546 0.0423201
3 0.0102393 0.0680385 0.805676 0.0556882 0.011054 0.0128588 0.0364455
3 0.0136484 0.0678344 0.696606 0.086896 0.106989 0.0165084 0.0115179
3 0.0127244 0.0589977 0.727179 0.0859033 0.0876079 0.0161713 0.0114162
3 0.0607796 0.117424 0.778328 0.0169308 0.00814778 0.0107068 0.00768275
3 0.000963609 0.106484 0.884839 0.00338849 0.000871159 0.00186317 0.00159093
3 0.00315925 0.11852 0.846755 0.00655622 0.00941434 0.00442746 0.0111668
3 0.00425555 0.0412138 0.944591 0.00358944 0.00107268 0.00285984 0.00241808
3 0.00470718 0.114971 0.856934 0.0103484 0.00273704 0.0058814 0.00442084
2 0.00220003 0.909457 0.0790389 0.00177016 0.00213567 0.00296039 0.00243796
4 0.00426864 0.00280816 0.00367507 0.975556 0.00529571 0.00254293 0.00585342
6 0.0164939 0.0361632 0.0958147 0.0767449 0.0227959 0.738085 0.0139027
7 0.018744 0.0260698 0.0586822 0.0536423 0.0402852 0.0165804 0.785996
1 0.93519 0.00688067 0.0112601 0.00951998 0.0164151 0.012885 0.00784949
2 0.00815407 0.91336 0.0554964 0.00259614 0.00711119 0.00729652 0.00598615
5 0.0158404 0.00748313 0.015572 0.00984214 0.918596 0.0121068 0.0205595
7 0.0279692 0.0145702 0.0263156 0.0272609 0.0435484 0.0195201 0.840816
2 0.0179756 0.895968 0.0376628 0.00513612 0.0152737 0.0169902 0.0109937
3 0.0266717 0.0152831 0.873107 0.00771968 0.0337654 0.025192 0.0182612
4 0.0222819 0.0138869 0.0163896 0.879984 0.0221687 0.03118 0.014109
5 0.0245292 0.00968325 0.0161752 0.00992005 0.892763 0.0200541 0.0268751
6 0.0219406 0.0140765 0.0193987 0.00795685 0.0253769 0.899329 0.0119211
7 0.0511668 0.0212445 0.0310241 0.032651 0.0705092 0.0374482 0.755956
4 0.00285139 0.00205009 0.00176973 0.98456 0.00245668 0.00275179 0.00356063
4 0.00640759 0.0107334 0.0328693 0.911652 0.0167808 0.0174124 0.00414431
4 0.0086658 0.0146832 0.0370452 0.889421 0.0216742 0.0222615 0.00624957
4 0.0033698 0.00394571 0.00535671 0.971378 0.00668928 0.00580799 0.00345253
4 0.0043528 0.0037303 0.00396671 0.972588 0.00482168 0.00519665 0.00534378
4 0.00187949 0.00177129 0.00238113 0.985744 0.00337872 0.00289024 0.00195479
4 0.0259406 0.121931 0.320467 0.392775 0.0789112 0.0391609 0.0208144
4 0.067216 0.0267424 0.0526882 0.803106 0.00863118 0.0327474 0.00886873
4 0.0156347 0.124398 0.0678373 0.732516 0.0163334 0.0314836 0.0117974
4 0.00871259 0.0146037 0.0204664 0.865549 0.054251 0.0146062 0.0218113
1 0.600235 0.033528 0.091493 0.216226 0.0152181 0.0316051 0.0116954
2 0.00155472 0.787275 0.177084 0.0236162 0.00115058 0.00682961 0.00249052
3 0.00438883 0.0368485 0.868044 0.0740456 0.00332707 0.0093757 0.00397052
4 0.0121296 0.0314568 0.189394 0.490537 0.00956488 0.25715 0.00976732
4 0.00366075 0.0191943 0.00564169 0.959703 0.00321059 0.00439075 0.00419923
4 0.00316711 0.00241515 0.00194012 0.982332 0.00293413 0.00317174 0.00403974
4 0.35116 0.0217104 0.0513425 0.5384 0.00971801 0.0191819 0.00848712
2 0.00414825 0.748447 0.128505 0.100634 0.00349781 0.00981875 0.00494898
4 0.0226661 0.151678 0.362082 0.392214 0.0201984 0.0310503 0.0201119
4 0.00210658 0.0018643 0.00164598 0.986188 0.00311405 0.00235837 0.00272305
4 0.0038488 0.00481144 0.00449513 0.948844 0.0209694 0.00466492 0.0123663
4 0.00812155 0.0171053 0.0561162 0.792868 0.00591496 0.112087 0.00778735
1 0.879391 0.00756932 0.0173167 0.0503406 0.0132797 0.0244968 0.00760607
3 0.00923245 0.0241466 0.862323 0.0684156 0.00945969 0.0197473 0.00667577
4 0.0029083 0.00132393 0.00165081 0.983864 0.00261298 0.00400469 0.00363563
5 0.0186557 0.0136695 0.027663 0.178949 0.699889 0.0371606 0.0240132
7 0.0207522 0.0178806 0.0401017 0.135711 0.0486313 0.0359708 0.700952
1 0.926757 0.00472369 0.0101736 0.0187002 0.0148982 0.0174332 0.00731454
2 0.0179274 0.911148 0.0242079 0.00800082 0.0106519 0.0181511 0.00991301
7 0.0270451 0.0114381 0.0259031 0.0496442 0.0437882 0.0254334 0.816748
1 0.893531 0.00804892 0.0175673 0.0222472 0.0221489 0.0255345 0.0109221
2 0.0325626 0.869443 0.0212572 0.0107787 0.0185043 0.0313385 0.0161153
3 0.018782 0.0165557 0.908236 0.00821681 0.017302 0.0201187 0.0107885
4 0.0218063 0.0124176 0.0178538 0.86947 0.0178676 0.0476952 0.0128897
7 0.0431382 0.0177988 0.0355009 0.0491463 0.0612115 0.0400209 0.753183
5 0.00753368 0.0134643 0.00966607 0.0610478 0.87423 0.0183034 0.0157547
5 0.00316051 0.00270716 0.00264238 0.0172054 0.963436 0.00440597 0.00644297
5 0.00210971 0.00148039 0.00141991 0.0123723 0.978172 0.00297172 0.00147374
5 0.0143206 0.0140774 0.0189903 0.0600907 0.847601 0.0381869 0.00673311
5 0.00495946 0.00317182 0.00386889 0.0352477 0.941883 0.00902005 0.00184954
5 0.00588627 0.00745504 0.00634605 0.0205088 0.941756 0.0117044 0.00634379
5 0.00385799 0.00416421 0.0037018 0.044787 0.931142 0.00755026 0.00479697
1 0.593718 0.0904391 0.0810146 0.0409806 0.0994002 0.0674123 0.0270351
4 0.0149947 0.011699 0.0162543 0.873731 0.0469385 0.0224952 0.0138876
6 0.00964692 0.013001 0.0148153 0.0115187 0.0444278 0.898221 0.00836964
7 0.0184153 0.0202339 0.0290809 0.0267074 0.0625681 0.0250018 0.817993
1 0.774463 0.0486381 0.0516589 0.018925 0.0572476 0.0310681 0.0179996
5 0.00847084 0.00674447 0.0104176 0.00613953 0.942848 0.00909749 0.0162823
6 0.0112815 0.0119268 0.0169967 0.0081005 0.0315232 0.91002 0.0101515
1 0.729952 0.0506163 0.0774344 0.0238206 0.0556113 0.037409 0.0251561
2 0.0139676 0.906033 0.0244836 0.00863769 0.0149667 0.0181231 0.0137885
3 0.00806569 0.0216133 0.934966 0.00357484 0.0135891 0.00908843 0.00910219
6 0.017324 0.0119222 0.0169 0.0502977 0.0332684 0.85737 0.0129181
6 0.0120531 0.0128147 0.0166011 0.0355162 0.0155361 0.897721 0.00975837
6 0.0163367 0.0242789 0.0283965 0.052885 0.0161706 0.848943 0.0129895
6 0.00866016 0.0111651 0.015092 0.0274347 0.010184 0.919507 0.0079572
6 0.0133967 0.0211128 0.0269255 0.0439935 0.012974 0.870116 0.0114816
6 0.00487533 0.00647377 0.00768664 0.0258292 0.00601071 0.944158 0.00496627
6 0.0118645 0.018061 0.0250323 0.0434875 0.0119352 0.879178 0.0104419
6 0.00642448 0.00646411 0.00911475 0.0162939 0.0103002 0.945319 0.00608329
6 0.00697036 0.00924482 0.0118895 0.0207335 0.00842945 0.935894 0.00683841
6 0.00551765 0.0082493 0.011294 0.0171285 0.00619729 0.945653 0.00596012
6 0.00447673 0.00446963 0.00530927 0.0248131 0.00801267 0.948078 0.00484055
6 0.00233076 0.00296093 0.00383375 0.00973485 0.00354151 0.974705 0.0028928
6 0.00408928 0.00614546 0.00775464 0.0185685 0.0047496 0.954123 0.00456944
6 0.00984357 0.00952427 0.0137904 0.0309078 0.0160679 0.910737 0.00912858
6 0.00576887 0.00894896 0.012326 0.0161353 0.00721715 0.943527 0.00607694
6 0.00357792 0.00369965 0.00343977 0.0343991 0.00600292 0.944979 0.00390174
6 0.00323145 0.00602192 0.00680958 0.0171385 0.00364671 0.959416 0.0037363
2 0.0403558 0.636055 0.0395513 0.0706095 0.0389005 0.145094 0.0294337
3 0.0841667 0.159916 0.24061 0.162708 0.0895557 0.203145 0.0598984
2 0.0531883 0.702977 0.0431972 0.0418248 0.0346889 0.0889743 0.0351495
3 0.0421997 0.100245 0.659971 0.0747674 0.0336216 0.0620492 0.0271462
7 0.025002 0.0106685 0.0155443 0.0224592 0.0341515 0.0276114 0.864563
1 0.825412 0.0172344 0.0373669 0.0315397 0.0291456 0.0370608 0.02224
2 0.0554537 0.726997 0.0396889 0.0319974 0.0322118 0.0744353 0.0392162
5 0.0425942 0.0325559 0.0514479 0.0365565 0.718039 0.0542949 0.064512
1 0.491158 0.381261 0.0419339 0.0320273 0.0102625 0.0193892 0.0239688
2 0.0136186 0.910835 0.040645 0.012892 0.004083 0.00821875 0.00970817
2 0.0457908 0.595858 0.296295 0.0214218 0.00895721 0.0145234 0.0171532
3 0.0226133 0.0462617 0.890292 0.0174394 0.00439694 0.00907576 0.00992067
3 0.0085902 0.046413 0.912201 0.012714 0.00615624 0.00734269 0.00658296
2 0.0517536 0.503325 0.331392 0.044729 0.0159686 0.0275758 0.0252556
2 0.0386265 0.630548 0.285212 0.0156492 0.00644972 0.0107051 0.0128092
3 0.0145345 0.0637678 0.863044 0.0226373 0.0124961 0.014242 0.00927787
3 0.00800644 0.0621188 0.906352 0.00910265 0.00442926 0.00574873 0.00424178
1 0.642587 0.177349 0.0723598 0.0262828 0.0192721 0.020318 0.0418314
3 0.120922 0.329048 0.374541 0.04484 0.0333234 0.0363715 0.060955
3 0.0399946 0.0611839 0.802224 0.0248266 0.0214708 0.0203776 0.0299223
