labels 1 2 3 4 5 6 7
1 0.863556 0.0279763 0.0238164 0.0214705 0.0088017 0.0262446 0.0281349
1 0.889126 0.034562 0.0159408 0.0139733 0.0074248 0.0268886 0.0120842
1 0.898981 0.0321304 0.0167126 0.0118824 0.00731575 0.0204112 0.0125668
1 0.909967 0.0321308 0.0120923 0.00913918 0.00584404 0.0201265 0.0107
1 0.896656 0.0299384 0.0185021 0.0159215 0.00825901 0.0181987 0.0125244
1 0.903218 0.0322559 0.0162713 0.0132584 0.00739794 0.0162269 0.0113716
1 0.892495 0.0292311 0.0196808 0.0163 0.00871653 0.0205298 0.0130462
1 0.892865 0.0289882 0.0191144 0.0162866 0.00866026 0.0209762 0.0131094
1 0.865361 0.0327867 0.020247 0.0242968 0.00823115 0.0306165 0.0184606
1 0.916137 0.0315995 0.0142067 0.00739423 0.00467501 0.011705 0.0142825
1 0.933198 0.0254666 0.0112676 0.00471178 0.00359047 0.00756067 0.0142053
1 0.876726 0.0259621 0.024139 0.019549 0.00670966 0.0213496 0.025565
1 0.887349 0.0347879 0.0264737 0.013014 0.00625662 0.0149737 0.017145
1 0.929323 0.0142739 0.0149506 0.01042 0.00496329 0.0118947 0.0141743
1 0.902349 0.0206767 0.0202496 0.0153575 0.00580453 0.0160914 0.0194713
1 0.898989 0.0309691 0.0262146 0.0107383 0.00570124 0.012854 0.0145339
1 0.926849 0.013795 0.0140322 0.0114521 0.0058272 0.0134371 0.0146079
1 0.885948 0.0348891 0.0285609 0.0128568 0.00680845 0.0152882 0.0156488
2 0.00177107 0.98456 0.00854009 0.00157496 0.000857354 0.00133775 0.00135841
2 0.037268 0.90435 0.0278127 0.0116203 0.00356514 0.00781184 0.00757161
2 0.0511749 0.88609 0.0329107 0.0111537 0.00353229 0.00750525 0.00763348
2 0.0893468 0.823603 0.0462638 0.0148513 0.00498835 0.0108643 0.0100824
2 0.0105085 0.958355 0.0155288 0.00486259 0.0025332 0.00429198 0.00392024
2 0.00517556 0.960951 0.0211319 0.00379579 0.00202532 0.00341672 0.00350399
2 0.0422679 0.849181 0.0431326 0.024957 0.00746009 0.0181159 0.0148852
2 0.0322817 0.88653 0.0496967 0.0110092 0.00381718 0.00817464 0.00849048
2 0.0909452 0.825506 0.0376798 0.0113294 0.00669628 0.011847 0.0159967
2 0.0308205 0.892169 0.0461208 0.0106844 0.00337917 0.00755006 0.00927562
2 0.0365483 0.845115 0.0460034 0.0152529 0.00559495 0.0390744 0.012411
2 0.0461035 0.865105 0.0336406 0.0174283 0.00914848 0.0172166 0.0113574
2 0.0316887 0.852204 0.0537003 0.0309948 0.0119877 0.00956034 0.00986453
2 0.035318 0.840502 0.0558438 0.0336751 0.0120108 0.0106197 0.0120308
2 0.011581 0.918248 0.0279223 0.0114845 0.00454855 0.0182868 0.0079284
2 0.0791276 0.873535 0.0246795 0.00529345 0.00338585 0.00525244 0.00872614
2 0.00142191 0.985522 0.0083492 0.000998598 0.000950772 0.00108494 0.00167298
2 0.0907606 0.855999 0.029881 0.00575508 0.00343965 0.00539279 0.00877191
2 0.00442898 0.961418 0.021239 0.00325033 0.00224141 0.00321213 0.00421022
2 0.0649601 0.818223 0.0493794 0.0239633 0.00424588 0.0278982 0.0113304
2 0.0914825 0.799861 0.0391012 0.0220216 0.0107663 0.0231057 0.0136615
2 0.091423 0.821652 0.0300402 0.0166128 0.00899861 0.0196225 0.0116509
2 0.0424144 0.869302 0.0317248 0.0163841 0.00917294 0.0197243 0.0112774
3 0.0426266 0.0464637 0.778182 0.0518682 0.0115346 0.0376678 0.0316572
3 0.0404541 0.0490369 0.809514 0.0385147 0.00902002 0.0261331 0.0273275
3 0.00243072 0.00569437 0.977157 0.0043724 0.00191923 0.00392096 0.00450536
3 0.00183831 0.00453108 0.9815 0.00331272 0.00158531 0.0029228 0.00430993
3 0.000700668 0.00371562 0.988165 0.00165356 0.0010105 0.001653 0.00310119
3 0.0262073 0.048168 0.876252 0.0152507 0.00530491 0.0122765 0.0165405
3 0.0020603 0.00619432 0.975496 0.00418189 0.00208391 0.00401052 0.00597327
3 0.00111817 0.00377528 0.98443 0.00223966 0.00144663 0.00246476 0.0045253
3 0.0509284 0.05612 0.824567 0.0210187 0.00776522 0.018851 0.02075
3 0.00406531 0.00666409 0.965387 0.00577892 0.00314966 0.00645998 0.00849548
3 0.0343543 0.0423913 0.837204 0.0323326 0.00782271 0.0232395 0.0226555
3 0.0281362 0.0350266 0.876191 0.0210614 0.00572637 0.0147641 0.0190941
3 0.0268116 0.0538803 0.872947 0.0142328 0.00444603 0.0109471 0.0167352
3 0.0314276 0.0694754 0.807697 0.0458774 0.01392 0.0145735 0.0170286
3 0.000728482 0.0044611 0.986269 0.00135592 0.0012547 0.00156257 0.00436831
3 0.0466289 0.0530896 0.853493 0.0110544 0.00567277 0.0101959 0.0198653
3 0.00103019 0.00455733 0.982134 0.00204933 0.00177029 0.00237254 0.00608642
3 0.0464684 0.0510611 0.854638 0.0110814 0.00589365 0.0104984 0.020359
3 0.00307868 0.00784158 0.963266 0.00548627 0.0036351 0.00614635 0.0105464
3 0.00240872 0.00633758 0.978852 0.00197868 0.00157612 0.00211681 0.00673031
3 0.0535495 0.062761 0.786237 0.0339405 0.00605322 0.0380152 0.0194438
3 0.00614135 0.0115897 0.91805 0.0358081 0.0122394 0.00846534 0.00770591
3 0.00220315 0.0059415 0.975979 0.00646293 0.00323162 0.0029708 0.00321081
4 0.0494388 0.0318646 0.0283401 0.769559 0.0461923 0.0431134 0.0314912
4 0.0497472 0.0323804 0.0228614 0.812974 0.00797185 0.0431519 0.0309128
4 0.00976345 0.0074303 0.00461465 0.960354 0.00226637 0.0115289 0.00404183
4 0.00508338 0.0045257 0.00384954 0.949242 0.0102597 0.00635782 0.020682
4 0.00563911 0.0054767 0.00463863 0.951546 0.0145679 0.00612602 0.0120058
4 0.00272443 0.00277616 0.00211565 0.977184 0.00727763 0.00336365 0.0045586
4 0.0158338 0.0127356 0.0110923 0.853499 0.00419965 0.0185459 0.0840936
4 0.00433372 0.00447071 0.00305515 0.972044 0.00220854 0.0062498 0.0076377
4 0.0504203 0.0293197 0.027137 0.766149 0.0570068 0.0402922 0.0296746
4 0.00376438 0.00322725 0.00216185 0.979068 0.00549417 0.00442648 0.00185835
4 0.0124813 0.0104762 0.0100059 0.861597 0.0237798 0.0133134 0.068346
4 0.00866358 0.00967786 0.050773 0.911337 0.0028221 0.0115684 0.00515751
4 0.00915924 0.00741852 0.00499916 0.894945 0.00981008 0.0685618 0.00510568
4 0.0439746 0.0271765 0.0195734 0.873759 0.00488494 0.019247 0.0113842
4 0.00987229 0.00764923 0.00580937 0.920065 0.0462398 0.00661203 0.00375208
5 0.0584239 0.0215881 0.02017 0.0610942 0.79097 0.0261442 0.0216092
5 0.024009 0.0111232 0.00897508 0.00840869 0.92461 0.0115924 0.0112816
5 0.0159163 0.00531703 0.00521386 0.00629373 0.95579 0.0063973 0.00507222
5 0.00828476 0.003617 0.00321903 0.00118939 0.976192 0.0039213 0.00357691
5 0.0423175 0.0211585 0.0190624 0.053419 0.833619 0.019482 0.0109414
5 0.0114191 0.00481007 0.00434881 0.00157868 0.969601 0.00486999 0.00337196
5 0.00869829 0.00478866 0.00381238 0.000962169 0.97431 0.00425642 0.00317219
6 0.00851487 0.00361233 0.00285282 0.00554128 0.0020484 0.971751 0.00567957
6 0.0866984 0.0437575 0.0210559 0.0324485 0.0108926 0.7819 0.0232472
6 0.00807793 0.00461128 0.00348976 0.00635267 0.00249375 0.968351 0.0066238
6 0.0438782 0.0253737 0.0141591 0.0209883 0.007898 0.871829 0.0158738
6 0.0420584 0.0212551 0.0148289 0.0312908 0.00775034 0.858728 0.0240887
6 0.0918738 0.0286014 0.0153694 0.0277495 0.00842153 0.804731 0.0232531
6 0.0562025 0.0252575 0.0213083 0.0517098 0.009661 0.804337 0.0315243
6 0.0427473 0.025637 0.0165845 0.0305672 0.00871046 0.853183 0.0225703
6 0.00568692 0.00352523 0.00293178 0.00569744 0.00205308 0.974616 0.00548935
6 0.0596064 0.0196787 0.0147306 0.0332016 0.0076953 0.840455 0.0246323
6 0.0358875 0.0213077 0.0172751 0.0405222 0.00832522 0.849349 0.027333
6 0.015074 0.00724603 0.00576983 0.0107452 0.00338127 0.949779 0.00800456
6 0.00819738 0.00387469 0.00330931 0.00657018 0.00217128 0.970125 0.00575232
6 0.013604 0.0103941 0.00755986 0.0133673 0.00437464 0.940786 0.00991443
6 0.0699068 0.0317583 0.0250705 0.0557679 0.0109832 0.77543 0.0310834
6 0.0454426 0.0333143 0.0233648 0.0473407 0.0105541 0.812305 0.0276786
7 0.0919228 0.0372125 0.0421294 0.0236231 0.0165346 0.0360749 0.752503
7 0.0716171 0.0410002 0.0466687 0.0703235 0.0175683 0.0519843 0.700838
7 0.0709183 0.0422278 0.047257 0.0688788 0.0154899 0.0512363 0.703992
7 0.0957749 0.0341724 0.0378377 0.0464754 0.0154649 0.0344193 0.735856
7 0.00688037 0.00795085 0.0124809 0.0105759 0.00536193 0.0100103 0.94674
7 0.0147086 0.014081 0.0175445 0.0177787 0.0215259 0.0144182 0.899943
1 0.905093 0.0318798 0.0189035 0.0109076 0.00730448 0.0141036 0.0118077
1 0.900959 0.0327988 0.018931 0.0103792 0.00910207 0.0143328 0.0134976
1 0.95915 0.0148541 0.0103376 0.00191044 0.00273274 0.00394959 0.0070653
1 0.926907 0.0306076 0.0179854 0.00363133 0.00422098 0.00712128 0.00952672
1 0.93652 0.0303499 0.0123809 0.00218306 0.00365183 0.00502012 0.00989424
1 0.941902 0.0300988 0.00774234 0.0017106 0.00271777 0.00368957 0.0121385
4 0.0435648 0.0285156 0.022998 0.871177 0.0101055 0.0131603 0.010479
5 0.0821872 0.0277043 0.0245658 0.0359305 0.799376 0.0140213 0.016215
6 0.0404173 0.0136452 0.0096806 0.00911015 0.00588535 0.912153 0.00910839
1 0.884605 0.0335312 0.0250067 0.00805668 0.0103646 0.014697 0.0237389
2 0.082265 0.793443 0.0653808 0.0140946 0.0117068 0.0153654 0.0177441
3 0.0526907 0.0701431 0.80151 0.0159203 0.0128688 0.0200521 0.0268146
4 0.0484372 0.0349196 0.0332203 0.823405 0.0151146 0.0219843 0.0229188
5 0.081233 0.032116 0.031063 0.0474945 0.753136 0.0223987 0.032559
6 0.0782758 0.0339171 0.0338718 0.0335672 0.0167976 0.763865 0.0397058
7 0.0783251 0.0475789 0.0603259 0.0401573 0.063622 0.0434604 0.66653
2 0.0663267 0.803539 0.036745 0.0368561 0.0101698 0.0267621 0.0196012
2 0.0437735 0.834379 0.0876054 0.0160418 0.00517057 0.0073673 0.00566269
2 0.0914162 0.806497 0.0621023 0.0105952 0.00794577 0.0108897 0.0105541
2 0.0604868 0.809822 0.0889799 0.0109698 0.00848642 0.0109605 0.0102948
2 0.0573852 0.828553 0.084973 0.00742842 0.00590033 0.00780351 0.00795633
2 0.0655247 0.80999 0.0858688 0.0162066 0.00767856 0.00885649 0.005875
2 0.0248962 0.835171 0.0827511 0.0134785 0.0272663 0.00920784 0.0072291
2 0.0255921 0.847406 0.0862418 0.0143197 0.00850604 0.00933385 0.00860067
2 0.0786715 0.771471 0.0686288 0.0284438 0.0122518 0.0260932 0.0144401
2 0.0244009 0.873277 0.0856836 0.00617348 0.00269733 0.00383527 0.00393205
2 0.00917819 0.88643 0.0861627 0.0077314 0.00282339 0.00398799 0.00368616
2 0.0174522 0.861489 0.0858123 0.0138512 0.00441023 0.0107126 0.00627285
2 0.0110183 0.934592 0.0407085 0.00397084 0.00387581 0.00300399 0.00283081
4 0.0255057 0.0516644 0.0347395 0.849529 0.0204401 0.00751595 0.0106051
5 0.0504594 0.0570979 0.03618 0.0128307 0.817981 0.0146851 0.0107661
1 0.88755 0.0349138 0.0252509 0.00868936 0.0189754 0.0146083 0.0100117
2 0.0336148 0.880478 0.05368 0.00755233 0.011591 0.00755263 0.00553098
5 0.0668016 0.02764 0.0207998 0.0108795 0.846736 0.0150246 0.0121182
2 0.0708678 0.783154 0.0787025 0.0142564 0.0232623 0.0175245 0.0122323
4 0.0540326 0.04468 0.0230061 0.789935 0.0361131 0.0286249 0.0236081
5 0.0909089 0.0290554 0.022241 0.0146876 0.800143 0.0220668 0.0208973
3 0.0179815 0.0935168 0.78631 0.0572266 0.0114537 0.0216192 0.0118919
3 0.0167061 0.0328042 0.878327 0.0208892 0.0110433 0.0216693 0.018561
3 0.00774248 0.105613 0.842674 0.0203213 0.00353662 0.0118991 0.00821296
3 0.0208849 0.102365 0.809219 0.0372557 0.00482147 0.015157 0.0102973
3 0.0210324 0.106059 0.810459 0.0136266 0.0126473 0.0190629 0.0171131
3 0.0199867 0.105647 0.826135 0.0109666 0.00803897 0.015317 0.013908
3 0.00142553 0.0227695 0.961506 0.00255156 0.00301307 0.00425474 0.00447971
3 0.00670313 0.0281655 0.928268 0.00835279 0.00553887 0.0115516 0.0114201
3 0.0116051 0.0399502 0.909246 0.00884305 0.00563556 0.0119116 0.0128082
3 0.0231761 0.106774 0.806016 0.0291223 0.00661736 0.0170112 0.0112832
3 0.0122686 0.0889781 0.806258 0.0569954 0.00879302 0.0168061 0.00990056
3 0.0184498 0.0963742 0.775136 0.0521815 0.00901958 0.0359649 0.0128739
3 0.0280699 0.0674462 0.813161 0.052292 0.00802713 0.0189113 0.0120928
3 0.012172 0.105477 0.816379 0.028171 0.00445723 0.0225384 0.0108056
3 0.0103362 0.106544 0.823881 0.0263624 0.00495515 0.0148106 0.0131114
3 0.0196411 0.0989333 0.790885 0.0197416 0.0108612 0.0207222 0.0392154
3 0.012643 0.104124 0.795873 0.0394513 0.0211353 0.016589 0.0101849
3 0.00815971 0.102104 0.809422 0.0410119 0.0169022 0.0131759 0.00922435
5 0.0301214 0.0243351 0.0573527 0.0376595 0.822992 0.018779 0.00875997
3 0.0285146 0.101835 0.803149 0.0183586 0.017032 0.01861 0.0125012
4 0.017356 0.0112309 0.015142 0.90635 0.0169695 0.0211358 0.0118155
4 0.0495137 0.0309727 0.0288326 0.811904 0.00849957 0.0434133 0.0268644
4 0.0186327 0.0256961 0.0568851 0.831079 0.00947376 0.0457884 0.0124452
4 0.00908998 0.00893842 0.012136 0.937026 0.00550421 0.0160087 0.0112968
4 0.0057312 0.00481722 0.00822478 0.957054 0.00631006 0.0108101 0.00705256
4 0.0178879 0.0206734 0.0502191 0.817379 0.0449775 0.0376713 0.0111921
4 0.00683211 0.00523166 0.00627455 0.960362 0.00383967 0.00889214 0.00856787
4 0.0165448 0.0186507 0.0565858 0.831502 0.0232153 0.0420874 0.011414
4 0.0227453 0.0285049 0.0589865 0.807908 0.013808 0.0510447 0.0170029
4 0.0102005 0.00967475 0.0153678 0.923859 0.011132 0.0184614 0.0113041
4 0.0186484 0.0262473 0.0580092 0.829233 0.0102653 0.0440397 0.0135577
4 0.0160377 0.0185289 0.0300273 0.827544 0.0109885 0.0804725 0.0164006
4 0.0206212 0.0277412 0.059528 0.812175 0.0113574 0.0494412 0.0191358
4 0.0165536 0.021853 0.0330708 0.808139 0.0674829 0.033326 0.0195741
4 0.0080441 0.00858452 0.00914741 0.917896 0.0294644 0.0131151 0.0137489
6 0.0341874 0.017084 0.022264 0.0684366 0.0159748 0.826403 0.0156496
5 0.052412 0.0133307 0.0364964 0.0222803 0.812833 0.0294321 0.0332159
5 0.044913 0.0277893 0.0269218 0.0571829 0.788543 0.0461581 0.00849143
5 0.0443393 0.0300256 0.02768 0.0560539 0.77176 0.0484458 0.0216948
5 0.0158063 0.00887894 0.00746749 0.0243644 0.92202 0.0137656 0.0076973
5 0.0304934 0.0253991 0.0190152 0.0526041 0.820346 0.0380831 0.0140587
5 0.0196201 0.00909317 0.00864633 0.0216861 0.916123 0.0143236 0.0105076
5 0.0341534 0.0192994 0.0158678 0.034279 0.865098 0.023552 0.00775041
5 0.0187128 0.00857086 0.00744132 0.0176134 0.926939 0.0105957 0.0101266
5 0.0154501 0.00733519 0.0058805 0.0132104 0.943597 0.00926423 0.00526274
5 0.0180442 0.00961218 0.00790961 0.0225697 0.92128 0.0119481 0.00863634
2 0.0420553 0.804929 0.0737332 0.0218654 0.0172318 0.0301467 0.0100388
5 0.0380453 0.0191388 0.0190669 0.0156092 0.863883 0.0314747 0.0127822
3 0.0312274 0.0975637 0.782434 0.018261 0.0195189 0.0320365 0.0189589
4 0.0386453 0.028043 0.029028 0.800542 0.0313077 0.0491685 0.0232657
4 0.0453044 0.0346994 0.0556653 0.739008 0.031979 0.0493399 0.0440043
6 0.0590781 0.0270084 0.0413832 0.0190047 0.0248711 0.788837 0.0398172
7 0.0585362 0.038124 0.0770921 0.0258441 0.0744955 0.0491605 0.676748
6 0.0685872 0.02534 0.0219674 0.0545942 0.0110401 0.787237 0.0312338
6 0.0535337 0.0121163 0.0151526 0.061581 0.0131207 0.830833 0.0136632
6 0.0566702 0.0301344 0.0283587 0.0532548 0.0149705 0.794539 0.0220725
6 0.0361384 0.00913348 0.00895525 0.0608932 0.00828589 0.864943 0.0116506
6 0.0653092 0.0170117 0.0204236 0.0665939 0.0178406 0.795663 0.0171583
6 0.0557509 0.0153151 0.0187335 0.0521928 0.0156144 0.826056 0.0163377
6 0.0573663 0.0188753 0.0204189 0.0531049 0.0158548 0.816489 0.017891
6 0.0598557 0.0172122 0.0210932 0.0627548 0.0162452 0.80549 0.0173486
6 0.0509136 0.0156628 0.0198619 0.0411812 0.0134383 0.842719 0.0162234
6 0.0244384 0.0068306 0.00586511 0.0594616 0.00583956 0.886931 0.0106333
6 0.0208139 0.00643292 0.0060012 0.0315981 0.00499013 0.920151 0.0100124
6 0.0253221 0.0119883 0.0104712 0.0299116 0.00687177 0.90105 0.0143847
6 0.0207114 0.00869333 0.00633288 0.0413035 0.00518015 0.905888 0.0118904
1 0.896807 0.0105224 0.0143053 0.0149116 0.0133361 0.0417607 0.00835666
4 0.0404262 0.00991212 0.0114514 0.843645 0.0146692 0.0649548 0.0149408
1 0.896908 0.00857988 0.0176022 0.0132586 0.0168069 0.0300719 0.0167729
5 0.0812201 0.0153144 0.0267621 0.0320075 0.753426 0.0483455 0.0429246
3 0.0508938 0.0611945 0.7525 0.0274216 0.0230615 0.0436634 0.0412656
4 0.048814 0.0213955 0.0394013 0.765587 0.0291004 0.0512779 0.044424
7 0.0670121 0.0260259 0.0631599 0.033044 0.0701216 0.0530125 0.687624
