labels 1 2 3 4 5 6 7
1 0.865624 0.026932 0.0214462 0.0283329 0.00993061 0.0218114 0.0259226
1 0.887935 0.035593 0.016049 0.0188728 0.00840921 0.0249359 0.00820492
1 0.894949 0.034045 0.0181967 0.0176619 0.00851909 0.01796 0.00866826
1 0.911467 0.0330451 0.0114496 0.0125693 0.00659448 0.0179344 0.0069396
1 0.89174 0.0322741 0.0193421 0.0222756 0.00940298 0.0163214 0.00864422
1 0.903499 0.0334179 0.0157535 0.0178932 0.00825687 0.0136479 0.00753155
1 0.889719 0.0314761 0.020189 0.0224416 0.00975085 0.0174583 0.00896483
1 0.887959 0.0330173 0.0197195 0.0224876 0.00969417 0.0181013 0.00902103
1 0.86122 0.0314194 0.0210283 0.0341296 0.00937274 0.0276169 0.0152132
1 0.902538 0.0340795 0.0212776 0.0128353 0.00630556 0.0113265 0.0116374
1 0.918509 0.0281482 0.0203071 0.00834837 0.00524778 0.00778444 0.0116552
1 0.859233 0.0326923 0.0227868 0.0351626 0.00906134 0.0200847 0.0209796
1 0.954063 0.0115978 0.00912029 0.00521752 0.00350067 0.00468798 0.0118127
1 0.924437 0.0203984 0.0146704 0.00997724 0.00435173 0.00826693 0.0178984
1 0.915605 0.032798 0.022095 0.00690661 0.00454551 0.00548941 0.0125609
1 0.966705 0.0100129 0.00745986 0.00302351 0.00212836 0.00230253 0.00836747
1 0.946094 0.0177586 0.0120361 0.00547763 0.00272489 0.00384113 0.0120677
1 0.9419 0.0234239 0.0164678 0.00342805 0.00296152 0.00273946 0.00907896
1 0.953627 0.0173095 0.0110185 0.00403132 0.00249213 0.00265 0.00887121
1 0.928143 0.0289461 0.016985 0.00683891 0.00313835 0.00409481 0.0118535
1 0.924444 0.0331231 0.02169 0.00436431 0.00343281 0.00317193 0.00977361
2 0.0230038 0.876324 0.0340757 0.0235957 0.00821947 0.0175024 0.0172786
2 0.00157429 0.984315 0.0103278 0.00121828 0.000652548 0.000829056 0.00108354
2 0.0100217 0.941566 0.0304264 0.00540219 0.00244187 0.0037137 0.00642779
2 0.00988032 0.942779 0.0310806 0.00472515 0.00227074 0.00325237 0.00601221
2 0.0031494 0.970345 0.014967 0.00387371 0.00186509 0.0030853 0.00271451
2 0.000800429 0.979871 0.0130632 0.00180026 0.00110944 0.00149197 0.00186346
2 0.00143302 0.982913 0.011632 0.00115386 0.000750835 0.000842964 0.00127443
2 0.01759 0.910749 0.0355322 0.012768 0.00448755 0.00867333 0.0101998
2 0.0129441 0.922676 0.0410872 0.00734483 0.00321682 0.00502687 0.00770446
2 0.00244426 0.966139 0.0199344 0.00354179 0.00197215 0.00290001 0.00306799
2 0.00269365 0.970348 0.0190404 0.00228584 0.00141424 0.00178635 0.00243151
2 0.0153354 0.898188 0.0405869 0.0166519 0.00560835 0.0111236 0.0125056
2 0.010278 0.935339 0.0309995 0.00707973 0.00323783 0.00503399 0.0080321
2 0.0177867 0.919652 0.0275532 0.0106612 0.0047773 0.00840284 0.0111672
2 0.01281 0.923067 0.0459845 0.00547783 0.00254643 0.00374992 0.00636391
2 0.0199474 0.902255 0.03901 0.00967842 0.0053609 0.00841351 0.0153346
2 0.0120697 0.929575 0.0409908 0.00514249 0.00210773 0.00326395 0.00685025
2 0.0118524 0.882275 0.050406 0.0101262 0.00402185 0.0320672 0.00925149
2 0.00534055 0.950122 0.0184292 0.00628286 0.0114076 0.00406772 0.00434971
2 0.00415837 0.951071 0.0122153 0.00372682 0.00124585 0.00212484 0.0254574
2 0.00500555 0.965179 0.0216042 0.00234534 0.0012241 0.00155339 0.00308849
2 0.0154684 0.900765 0.0388464 0.015215 0.00730191 0.013742 0.00866174
2 0.0139206 0.892175 0.0490104 0.0236639 0.00932077 0.00471997 0.00718939
2 0.014778 0.877555 0.0587654 0.0251757 0.00919618 0.00551476 0.00901516
2 0.00931036 0.913928 0.0378746 0.0109807 0.00386402 0.0176832 0.00635881
2 0.0163631 0.934034 0.0304712 0.00439324 0.00259483 0.0034557 0.00868835
2 0.000378808 0.986293 0.00989561 0.000802012 0.000627315 0.000618529 0.00138473
2 0.0161485 0.93372 0.0317479 0.00448057 0.00249005 0.00330838 0.00810431
2 0.000486825 0.984079 0.0113807 0.000905547 0.000748499 0.000721433 0.0016785
2 0.0180459 0.913737 0.0421813 0.00745221 0.0035254 0.00523648 0.00982154
2 0.00223192 0.970114 0.0188226 0.00230761 0.00156415 0.00185645 0.00310305
2 0.0194155 0.880284 0.0493018 0.0199044 0.00303404 0.0190835 0.00897662
2 0.0250311 0.870454 0.0474465 0.0199991 0.00874341 0.0179925 0.0103337
2 0.0207691 0.887246 0.0496944 0.0194046 0.00898593 0.00441213 0.00948817
2 0.0200643 0.896838 0.0337943 0.0147068 0.00762314 0.0175095 0.00946429
2 0.0116733 0.905194 0.0348883 0.0143587 0.00756051 0.0175361 0.00878881
2 0.00799217 0.925451 0.0306659 0.011194 0.00625754 0.0112387 0.00720036
3 0.0349224 0.0397736 0.843995 0.0342574 0.00867631 0.0190762 0.0192989
3 0.0287878 0.0380762 0.88563 0.0175149 0.00562333 0.0100905 0.0142768
3 0.00121466 0.00385419 0.989323 0.001904 0.0011446 0.00124337 0.00131577
3 0.000232615 0.00248515 0.993867 0.000954396 0.000805905 0.000647813 0.00100715
3 0.000148529 0.00224034 0.995581 0.000517887 0.000510517 0.000350281 0.000651839
3 0.0177396 0.0358689 0.924843 0.00757057 0.00282283 0.00424707 0.00690759
3 0.0300533 0.046087 0.879004 0.0171224 0.00522314 0.00908528 0.013425
3 0.0174326 0.0375939 0.924417 0.00687438 0.00283905 0.00393829 0.00690468
3 0.000218731 0.00299108 0.992074 0.00139108 0.0010247 0.000867896 0.00143241
3 0.000151492 0.00235198 0.994594 0.000721355 0.000700826 0.000494911 0.000985198
3 0.025086 0.0514993 0.892087 0.0112348 0.0043395 0.00640731 0.00934631
3 0.000618919 0.0062922 0.981989 0.00386958 0.00200658 0.00222191 0.00300159
3 0.000435571 0.00466488 0.987469 0.00224421 0.00150968 0.00142096 0.0022555
3 0.0265289 0.0423641 0.879285 0.0217842 0.00560653 0.0116239 0.0128077
3 0.0216507 0.0350347 0.91515 0.0099353 0.00356251 0.00553277 0.00913373
3 0.020595 0.0435303 0.917906 0.00601052 0.00252924 0.00355432 0.00587461
3 0.0229861 0.0565991 0.899594 0.0071391 0.0023822 0.00403198 0.00726782
3 0.00117825 0.0049385 0.990719 0.000853078 0.000598195 0.000560689 0.00115224
3 0.0235304 0.0752525 0.842047 0.0354248 0.010232 0.00585103 0.00766202
3 0.028039 0.0348351 0.915506 0.00589112 0.00297262 0.00372474 0.00903123
3 0.000146971 0.00233325 0.995085 0.000493771 0.000600046 0.000352846 0.00098768
3 0.000156049 0.00246209 0.993845 0.000768656 0.000821594 0.000516176 0.00143085
3 0.0253899 0.0366476 0.916078 0.00617593 0.0030458 0.00371136 0.00895111
3 0.0305332 0.0491888 0.887544 0.0106892 0.00459443 0.00609248 0.0113581
3 0.000447769 0.00474159 0.986292 0.00239112 0.00171729 0.0014479 0.00296196
3 0.00121437 0.00446658 0.990848 0.000708815 0.000672159 0.000495487 0.00159442
3 0.0343429 0.0667507 0.835699 0.0285116 0.00339257 0.0217228 0.00958017
3 0.0366661 0.0643215 0.848628 0.0264227 0.00954288 0.00489762 0.00952079
3 0.035575 0.0772769 0.8304 0.0300685 0.00932736 0.00579778 0.0115545
3 0.00289273 0.00798428 0.949454 0.0237769 0.0097681 0.00338485 0.00273884
3 0.00264859 0.00909987 0.956234 0.0190592 0.00757468 0.00298158 0.00240218
3 0.000910244 0.00335919 0.985371 0.00490237 0.0032545 0.0012646 0.000938534
3 0.000616152 0.00329467 0.989468 0.00299733 0.00201408 0.000865643 0.000743919
4 0.029918 0.0218873 0.0183387 0.848073 0.0380065 0.0232827 0.0204936
4 0.0390365 0.02369 0.0150831 0.867462 0.00556224 0.0234458 0.0257206
4 0.00325236 0.00371436 0.00193819 0.983483 0.00141077 0.00388799 0.00231373
4 0.001034 0.0016251 0.00108638 0.989108 0.00463826 0.0015026 0.00100566
4 0.00558402 0.00580026 0.00396098 0.941512 0.00199071 0.00662109 0.0345312
4 0.00168225 0.00206428 0.00153094 0.978562 0.00764497 0.0020509 0.00646457
4 0.00245313 0.00299187 0.00236874 0.972937 0.0119177 0.00241768 0.00491415
4 0.000896487 0.00133288 0.00102352 0.987509 0.00604919 0.00118246 0.0020069
4 0.000612772 0.00161988 0.000946177 0.991668 0.0014886 0.0016898 0.00197489
4 0.0357556 0.0197692 0.0171805 0.836967 0.0498012 0.0212747 0.0192517
4 0.00431945 0.00481923 0.00402257 0.942453 0.0166238 0.00465588 0.0231056
4 0.00269832 0.00519064 0.0309052 0.952621 0.00179078 0.0040886 0.00270552
4 0.00470308 0.00646105 0.00507394 0.932647 0.0443003 0.00417044 0.0026441
4 0.0022194 0.00370941 0.00278637 0.94681 0.00695725 0.0353767 0.00214101
4 0.00717485 0.0123074 0.00757321 0.906887 0.00320156 0.00987721 0.0529792
4 0.00234573 0.00434288 0.0281745 0.941753 0.0122602 0.0027833 0.00833987
4 0.023443 0.0101895 0.00683463 0.908288 0.00410305 0.00516538 0.0419765
4 0.0362132 0.0202982 0.0116232 0.914617 0.0029962 0.00712297 0.00712963
5 0.025781 0.0157845 0.0132685 0.0714273 0.839737 0.0162193 0.0177821
5 0.00779487 0.00848737 0.00653252 0.00562041 0.952054 0.00787301 0.0116374
5 0.00420602 0.0034213 0.00302366 0.00780555 0.974898 0.00374999 0.00289516
5 0.00191287 0.00256548 0.00213797 0.000737948 0.987502 0.00255304 0.00259108
5 0.0135485 0.0154013 0.0135167 0.0686584 0.871232 0.0123986 0.00524455
5 0.00249197 0.00308998 0.00272073 0.00157776 0.985483 0.00300536 0.00163109
5 0.00167209 0.00304842 0.00264082 0.000471434 0.987519 0.00279427 0.00185359
6 0.0279032 0.0161478 0.0138256 0.0279581 0.00881946 0.88965 0.0156958
6 0.0279914 0.0200729 0.0113432 0.0169287 0.00688346 0.906405 0.010375
6 0.00108519 0.00154369 0.00121341 0.00166679 0.00141646 0.991774 0.00130074
6 0.023252 0.0317077 0.0175751 0.021155 0.00888861 0.887211 0.0102104
6 0.00134013 0.00225671 0.00169356 0.00220624 0.00179346 0.989095 0.00161521
6 0.00831798 0.0152804 0.0106306 0.0114357 0.00603711 0.942689 0.00560942
6 0.0127406 0.0137317 0.00975348 0.0168614 0.00615646 0.930445 0.0103114
6 0.0203576 0.0165783 0.0134821 0.0283142 0.00761367 0.898186 0.0154679
6 0.0011614 0.00153223 0.00119745 0.00160618 0.00147966 0.991753 0.00127013
6 0.0129984 0.018232 0.012101 0.0176545 0.006966 0.92264 0.00940819
6 0.000886727 0.00157583 0.00122347 0.00172724 0.00143148 0.991889 0.00126609
6 0.00108598 0.00165352 0.0013022 0.0019167 0.00146607 0.991231 0.00134474
6 0.0169591 0.0119311 0.00913147 0.0167146 0.00611515 0.928474 0.0106747
6 0.0127496 0.0137358 0.0107563 0.0212921 0.00661183 0.922458 0.0123963
6 0.02559 0.0228742 0.0175882 0.0330203 0.00880568 0.876461 0.0156605
6 0.00216301 0.0034449 0.00267345 0.00368458 0.00232865 0.983564 0.00214102
6 0.00246092 0.00569884 0.00448217 0.00558326 0.00319635 0.975632 0.00294622
6 0.016215 0.025108 0.0181442 0.0292145 0.00858818 0.889487 0.0132429
7 0.0581704 0.023203 0.0217103 0.0658117 0.00972853 0.0249527 0.796423
7 0.0585577 0.0178019 0.0176793 0.0168655 0.00870454 0.0154815 0.86491
7 0.0455717 0.023083 0.0215243 0.0573014 0.0399893 0.0226205 0.78991
7 0.054487 0.022962 0.0221595 0.0650074 0.00590373 0.0244639 0.805017
7 0.0604376 0.0181374 0.0168999 0.0702382 0.00794283 0.0158682 0.810476
7 0.00992676 0.00594383 0.00505902 0.0439494 0.00225395 0.00427799 0.928589
7 0.0120081 0.00903136 0.00753301 0.0493697 0.00865869 0.00596024 0.907439
1 0.940654 0.0314062 0.0134808 0.00252298 0.00323495 0.00241392 0.00628747
1 0.903163 0.0337392 0.0151137 0.0143417 0.010868 0.0109044 0.0118698
1 0.976616 0.011758 0.00475628 0.000708605 0.00151178 0.000875998 0.00377358
1 0.970572 0.0140447 0.00657325 0.00114421 0.00185486 0.0011994 0.00461122
1 0.970013 0.0105644 0.00417673 0.00234321 0.00386531 0.00279729 0.00623984
1 0.944274 0.0298773 0.0135452 0.00182828 0.00279086 0.00193397 0.00575006
1 0.935114 0.0313781 0.0121719 0.00426089 0.00516147 0.00436221 0.00755178
1 0.937896 0.0317482 0.0109819 0.00278093 0.00393461 0.00346067 0.00919757
4 0.0190864 0.024786 0.0124888 0.922371 0.009014 0.0053003 0.00695329
5 0.0322025 0.0250031 0.0147057 0.0242452 0.885668 0.00582014 0.0123555
6 0.00667786 0.00977296 0.00487819 0.00304622 0.00431776 0.968251 0.00305612
1 0.908872 0.0334824 0.0170072 0.00540724 0.0116202 0.00617277 0.0174383
2 0.0145521 0.941869 0.0238616 0.00414631 0.00471872 0.004172 0.00667994
3 0.0339959 0.0826668 0.842832 0.00899467 0.00970926 0.00816794 0.0136339
4 0.0269147 0.0301279 0.0194839 0.883636 0.0153571 0.00992891 0.0145513
5 0.0283355 0.0215724 0.0150378 0.0308335 0.877707 0.00807024 0.0184433
6 0.0114628 0.0143339 0.00884272 0.00609916 0.00751401 0.944923 0.00682444
7 0.0379379 0.0268911 0.0198084 0.0192384 0.0361851 0.0109791 0.84896
2 0.0249599 0.843064 0.0677633 0.0162251 0.0142752 0.0147016 0.0190107
5 0.0348122 0.0342322 0.0259769 0.060915 0.791267 0.0175133 0.0352836
6 0.0233356 0.029933 0.0225014 0.0192225 0.0161177 0.870931 0.0179587
7 0.0386942 0.0365754 0.0295324 0.0369523 0.0477504 0.0199962 0.790499
2 0.00336688 0.890324 0.0819068 0.00933804 0.00495909 0.00634648 0.00375826
2 0.000807998 0.916337 0.0784033 0.000945421 0.000702917 0.00150932 0.00129424
2 0.00715017 0.905878 0.0743926 0.00495214 0.00152399 0.0036294 0.00247337
2 0.0255623 0.871535 0.0715462 0.00771149 0.00737374 0.00698418 0.00928721
2 0.0257827 0.878514 0.0688698 0.00751713 0.00472962 0.00701988 0.00756708
2 0.0231577 0.881046 0.074773 0.00512436 0.00444724 0.0046415 0.00681025
2 0.0239075 0.886012 0.0726783 0.00429798 0.00332139 0.00403808 0.0057447
2 0.00270116 0.977319 0.0168975 0.000502463 0.000818271 0.000593668 0.00116795
2 0.0235782 0.880846 0.0678837 0.0107452 0.00562729 0.00674695 0.00457287
2 0.00604763 0.904982 0.0826714 0.00132668 0.00124972 0.00193735 0.00178496
2 0.00505456 0.861641 0.0783973 0.0105997 0.0206363 0.0068694 0.0168018
2 0.00440649 0.875025 0.0804477 0.0106216 0.00523073 0.00660411 0.0176641
2 0.00901751 0.872825 0.0818445 0.0116669 0.0067188 0.0101189 0.00780803
2 0.00809245 0.908084 0.0772495 0.0018206 0.00108284 0.00190035 0.00177047
2 0.00081175 0.91043 0.0831937 0.00143497 0.00081885 0.0018788 0.00143203
2 0.00172061 0.898805 0.0825661 0.00517889 0.00136993 0.00745387 0.00290593
2 0.00123746 0.904805 0.0828243 0.00157948 0.000970393 0.0019021 0.00668125
2 0.00365177 0.907377 0.0829003 0.00182821 0.000680357 0.0019026 0.00166013
2 0.00864677 0.87365 0.0818261 0.0117276 0.00634462 0.0100058 0.00779878
2 0.00130069 0.902743 0.0797228 0.00346242 0.00847094 0.0024258 0.00187474
2 0.00099296 0.977178 0.0170448 0.000489135 0.00128396 0.00120239 0.00180873
3 0.00562323 0.0953587 0.880343 0.0020776 0.00542749 0.00316504 0.00800511
4 0.0130913 0.0300985 0.0358306 0.882624 0.0174007 0.0053513 0.0156034
5 0.0170258 0.0357617 0.0358768 0.0107172 0.864865 0.0103363 0.0254168
7 0.0199523 0.0402474 0.0398015 0.021132 0.0321502 0.0116206 0.835096
1 0.914878 0.0190522 0.0144721 0.00809028 0.0199762 0.0118492 0.0116818
2 0.00637496 0.917998 0.0558379 0.00183449 0.00702308 0.00466463 0.00626736
5 0.0200147 0.0107577 0.0143985 0.00688931 0.909361 0.0115068 0.0270715
1 0.890763 0.0190762 0.0152146 0.0128025 0.0287419 0.01916 0.0142421
2 0.0167169 0.855785 0.0751258 0.0048221 0.0198098 0.0148277 0.0129127
4 0.028647 0.0242339 0.0221415 0.847903 0.0343114 0.0213176 0.0214458
5 0.0285714 0.0123901 0.0141126 0.00870441 0.885881 0.018953 0.0313877
3 0.00676778 0.0558808 0.874158 0.0374895 0.00889919 0.00897079 0.00783425
3 0.0190298 0.0179054 0.913381 0.0264908 0.00770602 0.00794928 0.00753807
3 0.0085902 0.046413 0.912201 0.012714 0.00615624 0.00734269 0.00658296
3 0.00181459 0.0959406 0.892962 0.00302459 0.00125341 0.0028525 0.00215186
3 0.00740354 0.0678849 0.910383 0.00525274 0.00285278 0.00368377 0.00253909
3 0.00779894 0.0444944 0.925156 0.0112835 0.00245149 0.0046446 0.00417114
3 0.0033534 0.0937982 0.875617 0.0155833 0.00254973 0.00495874 0.00413985
3 0.00862334 0.0610501 0.906048 0.00952224 0.00400494 0.00589348 0.00485774
3 0.0121086 0.0945993 0.866521 0.00593541 0.00898396 0.00567951 0.00617188
3 0.0119714 0.0947875 0.861901 0.0106637 0.00603864 0.00690675 0.00773102
3 0.00962553 0.0935257 0.881047 0.00418582 0.00390058 0.00376112 0.0039541
3 0.0117652 0.0948249 0.869265 0.00808714 0.00458763 0.00574994 0.00572069
3 0.000593896 0.0185905 0.976966 0.000674315 0.00145836 0.000802373 0.000914961
3 0.0007975 0.0200519 0.969522 0.00286608 0.00204842 0.00219304 0.00252105
3 0.000738798 0.0208038 0.974312 0.000793698 0.00131832 0.000897086 0.0011362
3 0.000823611 0.0319763 0.956781 0.00308887 0.0020188 0.00236363 0.00294826
3 0.00922121 0.0948782 0.873788 0.00850789 0.00345322 0.00554603 0.00460537
3 0.00381306 0.05932 0.880103 0.0393024 0.00591671 0.00595406 0.00559079
3 0.00691076 0.0525807 0.876862 0.0356681 0.00584828 0.01542 0.00670993
3 0.0152767 0.0189104 0.914198 0.0312568 0.00571698 0.0074114 0.00722988
3 0.012524 0.0939713 0.84716 0.0187194 0.00718156 0.0122364 0.00820775
3 0.00860055 0.0770156 0.855474 0.0323748 0.00700864 0.0119112 0.00761508
3 0.00158862 0.0962324 0.895625 0.00124038 0.000730509 0.00291249 0.00167049
3 0.00312477 0.0950264 0.882038 0.00793586 0.00170362 0.00699033 0.00318074
3 0.00267151 0.0955224 0.881652 0.00497063 0.00176885 0.00394468 0.00946964
3 0.0115485 0.0926773 0.846378 0.0121736 0.0061451 0.00797654 0.0231013
3 0.012414 0.0939173 0.847657 0.0186196 0.00718355 0.0119582 0.00825081
3 0.00287814 0.0949593 0.875472 0.00796728 0.0112873 0.00445279 0.00298361
3 0.00239316 0.0951295 0.879067 0.00815578 0.00900671 0.00361682 0.00263105
1 0.894552 0.0181722 0.0305498 0.0204364 0.0143455 0.0132224 0.00872129
3 0.00307953 0.00769979 0.978221 0.00178016 0.00266263 0.00310068 0.00345629
5 0.0126539 0.0157095 0.0386119 0.0381818 0.864809 0.0112969 0.018737
3 0.0116209 0.00453391 0.951014 0.00316941 0.0113903 0.00951839 0.0087531
4 0.0116397 0.0065243 0.00877962 0.938921 0.013317 0.0112599 0.0095588
6 0.0155951 0.0148598 0.0279082 0.00803231 0.0203301 0.902572 0.0107028
1 0.907056 0.00967489 0.0145925 0.0133956 0.0241403 0.0203517 0.0107887
4 0.0387631 0.0209073 0.0176362 0.872067 0.00581488 0.0225464 0.0222649
4 0.0109582 0.0161924 0.0338933 0.89992 0.0108393 0.0201765 0.00802003
4 0.0123526 0.0174018 0.0356356 0.885918 0.0147643 0.0236683 0.0102597
4 0.0043528 0.0037303 0.00396671 0.972588 0.00482168 0.00519665 0.00534378
4 0.00187949 0.00177129 0.00238113 0.985744 0.00337872 0.00289024 0.00195479
4 0.00939734 0.0116213 0.0308084 0.883209 0.0450627 0.0146365 0.00526467
4 0.00135703 0.001583 0.00120688 0.990606 0.00122562 0.00214284 0.00187867
4 0.00640759 0.0107334 0.0328693 0.911652 0.0167808 0.0174124 0.00414431
4 0.0033698 0.00394571 0.00535671 0.971378 0.00668928 0.00580799 0.00345253
4 0.0110386 0.0164722 0.0332794 0.89916 0.0115077 0.0199569 0.00858571
4 0.00994744 0.0118132 0.0201707 0.895499 0.012387 0.0407209 0.0094615
4 0.0114134 0.0175987 0.03624 0.880444 0.0108436 0.0221136 0.0213466
4 0.00871259 0.0146037 0.0204664 0.865549 0.054251 0.0146062 0.0218113
4 0.0178995 0.00496094 0.00645541 0.958491 0.00211763 0.00627722 0.00379828
4 0.000964465 0.000615749 0.000533319 0.994265 0.00130002 0.000869337 0.0014522
4 0.0038488 0.00481144 0.00449513 0.948844 0.0209694 0.00466492 0.0123663
4 0.00376375 0.00258362 0.00236944 0.97349 0.00429963 0.00819355 0.00530046
4 0.0034197 0.0029229 0.00324015 0.973828 0.00286843 0.00408786 0.00963298
2 0.00639365 0.872071 0.0798439 0.0180907 0.00505533 0.0135555 0.00499029
6 0.00714903 0.00825988 0.0156586 0.036727 0.0108677 0.914688 0.0066495
3 0.01123 0.00932027 0.938217 0.0137175 0.00861113 0.012601 0.00630329
4 0.0102719 0.00490986 0.00785632 0.940291 0.00876335 0.0205905 0.0073171
5 0.0177117 0.00638629 0.016249 0.0275209 0.891437 0.0186807 0.0220144
6 0.00892767 0.00544175 0.00941301 0.00612108 0.012231 0.951056 0.00680987
5 0.026644 0.0100432 0.0236111 0.0213271 0.859804 0.0281079 0.0304632
6 0.0137572 0.0073642 0.0125461 0.00793951 0.015967 0.933849 0.00857676
5 0.0143206 0.0140774 0.0189903 0.0600907 0.847601 0.0381869 0.00673311
5 0.00495946 0.00317182 0.00386889 0.0352477 0.941883 0.00902005 0.00184954
5 0.00874723 0.0122554 0.0113452 0.0290105 0.886957 0.0168599 0.0348252
5 0.00588627 0.00745504 0.00634605 0.0205088 0.941756 0.0117044 0.00634379
5 0.00385799 0.00416421 0.0037018 0.044787 0.931142 0.00755026 0.00479697
5 0.00753368 0.0134643 0.00966607 0.0610478 0.87423 0.0183034 0.0157547
5 0.00316051 0.00270716 0.00264238 0.0172054 0.963436 0.00440597 0.00644297
5 0.00454553 0.00330441 0.00344201 0.0392593 0.941318 0.00658462 0.00154638
5 0.00337514 0.00277266 0.002651 0.0231728 0.960386 0.00394156 0.0037003
5 0.00233173 0.00163246 0.00156897 0.0170569 0.973484 0.00273133 0.00119454
5 0.00483548 0.00505281 0.00484807 0.0564301 0.917529 0.00749474 0.00380988
2 0.00538655 0.869708 0.0813276 0.008619 0.0147026 0.0143064 0.00595028
3 0.00600771 0.0142762 0.936919 0.0120875 0.0136806 0.0120874 0.00494145
5 0.00531359 0.00455377 0.00531944 0.0054062 0.964246 0.00698175 0.00817895
2 0.00821084 0.923152 0.028245 0.00564103 0.0134728 0.0123549 0.00892386
3 0.00661443 0.0152899 0.947877 0.00348921 0.0123663 0.00812556 0.00623779
4 0.0189221 0.0143645 0.0196984 0.867291 0.0366133 0.024898 0.0182122
7 0.0183176 0.0138167 0.0236831 0.0179449 0.041027 0.0172247 0.867986
4 0.0211657 0.02283 0.0365374 0.844077 0.0270336 0.0266914 0.021665
5 0.0172603 0.0185726 0.03197 0.0134803 0.862064 0.0211872 0.0354651
6 0.0140669 0.0162183 0.0280091 0.0096586 0.0240937 0.89452 0.0134335
7 0.0239751 0.0212912 0.0368426 0.0238421 0.0445582 0.0250852 0.824406
6 0.0118136 0.00989582 0.0140428 0.034961 0.0198733 0.899502 0.00991119
6 0.0115785 0.0118555 0.0152568 0.036619 0.0158142 0.898876 0.00999973
6 0.0116034 0.0101252 0.0147031 0.0377481 0.0189385 0.896894 0.00998735
6 0.00536707 0.00474103 0.00614982 0.0278002 0.00967956 0.940846 0.00541652
6 0.00506039 0.00634773 0.00844525 0.0201599 0.00650581 0.948249 0.00523225
6 0.0104182 0.0153361 0.0207405 0.0353144 0.0108826 0.897773 0.00953526
6 0.00414048 0.00386107 0.00413864 0.0345829 0.00690923 0.942076 0.00429136
6 0.0130997 0.0101586 0.0143864 0.0369384 0.0256857 0.888863 0.0108683
6 0.00823217 0.00737235 0.0109673 0.022666 0.0155037 0.927558 0.00770005
6 0.00732269 0.00778886 0.0115663 0.0210811 0.0118293 0.933265 0.00714679
6 0.00984357 0.00952427 0.0137904 0.0309078 0.0160679 0.910737 0.00912858
6 0.00471636 0.00595032 0.00865413 0.0129711 0.00655461 0.956074 0.00507949
6 0.00363245 0.00519317 0.00717804 0.0131965 0.00441051 0.962087 0.00430208
6 0.00357792 0.00369965 0.00343977 0.0343991 0.00600292 0.944979 0.00390174
6 0.00211813 0.00277683 0.00296377 0.0141011 0.00306986 0.972391 0.00257918
6 0.00672539 0.00886556 0.0118874 0.0174301 0.00964909 0.938882 0.00656078
6 0.00549759 0.00889269 0.0122408 0.0152667 0.00685777 0.945502 0.00574282
6 0.00471624 0.00861985 0.012481 0.0137859 0.00530898 0.949792 0.00529585
6 0.00307854 0.00492902 0.00562804 0.0134694 0.00409052 0.965168 0.00363613
6 0.00292704 0.00532847 0.00716355 0.0111824 0.00345844 0.966343 0.00359674
6 0.00297347 0.00485875 0.00435443 0.0209834 0.00380606 0.959637 0.00338679
1 0.882651 0.00981667 0.0125403 0.0211282 0.0229525 0.0391795 0.0117313
4 0.0184202 0.00709831 0.00924784 0.890789 0.0210293 0.03722 0.0161952
5 0.0235714 0.00945665 0.011437 0.0371126 0.846813 0.041125 0.0304846
6 0.00962233 0.00520848 0.00578916 0.00857822 0.0176608 0.945213 0.00792815
7 0.0251832 0.0123901 0.0169428 0.0338957 0.0441914 0.0420258 0.825371
1 0.900948 0.00781234 0.0127674 0.0166447 0.0215977 0.026815 0.013415
4 0.0253972 0.0112831 0.0146526 0.865555 0.0230584 0.0388592 0.0211943
5 0.0290248 0.0127764 0.0179847 0.0229862 0.840568 0.0357683 0.0408917
6 0.0130602 0.00675259 0.00838249 0.00695896 0.0177056 0.936553 0.0105871
3 0.0220369 0.0819173 0.816635 0.0195033 0.0159524 0.0276864 0.0162685
4 0.0261338 0.0208638 0.0239289 0.852216 0.020983 0.0326044 0.0232698
6 0.0167397 0.0126789 0.0198545 0.0109873 0.018137 0.907247 0.0143559
7 0.0309749 0.0199048 0.0312975 0.0334136 0.0402814 0.0355917 0.808536
