labels 1 2 3 4 5 6 7
1 0.853893 0.121073 0.00509209 0.00499047 0.00541629 0.00509574 0.0044387
1 0.986611 0.00265868 0.00341915 0.00149245 0.00157747 0.00195417 0.00228728
1 0.933122 0.00867494 0.00521375 0.00950924 0.0280855 0.00684364 0.00855125
1 0.934153 0.0185598 0.0135762 0.00985395 0.00872793 0.00946214 0.00566753
1 0.939208 0.0190275 0.0126272 0.00798774 0.00834707 0.00743982 0.0053629
1 0.939458 0.0198304 0.0114564 0.00790113 0.00831279 0.00771775 0.00532317
1 0.955041 0.0192196 0.00552218 0.00455994 0.00645695 0.00521885 0.00398114
1 0.896613 0.0306174 0.0239166 0.0167195 0.0118177 0.0122658 0.00804997
1 0.938258 0.0191567 0.0123663 0.00852541 0.00847586 0.00776161 0.00545625
1 0.938312 0.0183768 0.0131142 0.00855728 0.00848455 0.00769002 0.00546508
1 0.950882 0.0194277 0.00709948 0.00551487 0.0069771 0.00574754 0.00435171
1 0.928318 0.0237122 0.0138555 0.00983144 0.00929801 0.00891702 0.00606822
1 0.335093 0.170689 0.165227 0.133209 0.0597299 0.104498 0.0315544
1 0.935555 0.0176163 0.0143234 0.00932255 0.00887726 0.00869984 0.00560615
1 0.93522 0.0182461 0.0138162 0.00986302 0.00874206 0.00840331 0.00570941
5 0.25893 0.0530782 0.0415625 0.0801774 0.505084 0.0363172 0.0248508
1 0.984412 0.00212996 0.00141394 0.00222924 0.00573236 0.00220641 0.00187603
1 0.937742 0.0103251 0.00723025 0.0114431 0.0171729 0.00682989 0.00925648
1 0.955724 0.0175664 0.0116281 0.00284778 0.00564039 0.00369765 0.00289548
1 0.992312 0.00124568 0.00109669 0.000960629 0.0017348 0.00150411 0.00114587
1 0.972223 0.00694031 0.00548748 0.00372481 0.00504183 0.00380572 0.00277731
1 0.967044 0.0121083 0.0081743 0.00226686 0.00438655 0.00335868 0.00266169
1 0.98451 0.00182156 0.00253618 0.00219657 0.00291638 0.00316442 0.00285444
1 0.958343 0.00868403 0.01107 0.00528825 0.00632545 0.00583555 0.00445384
1 0.952922 0.0127243 0.0129613 0.00411345 0.00738445 0.00536363 0.00453102
2 0.00662878 0.940117 0.00343609 0.00765414 0.0318273 0.00585072 0.00448584
2 0.000950859 0.995283 0.00052005 0.000456314 0.00108681 0.000953759 0.000748856
2 1.2711e-05 0.997726 0.000266858 0.000282001 0.000386989 0.000771937 0.000553709
2 0.00120678 0.989067 0.000863848 0.00177415 0.00266325 0.00253797 0.00188734
2 0.136606 0.820452 0.0105215 0.0061029 0.0151576 0.00638902 0.00477041
2 0.00114956 0.990575 0.00110372 0.00130157 0.00232823 0.00203134 0.00151089
2 0.00173417 0.984741 0.00120567 0.00228179 0.00458769 0.00306643 0.00238283
1 0.702633 0.257665 0.0124789 0.00612225 0.00853735 0.00683998 0.00572369
2 0.0135954 0.963047 0.00435835 0.00325587 0.00782495 0.00436193 0.00355612
2 0.00520544 0.9676 0.00344019 0.00511036 0.0087798 0.00562678 0.00423765
2 0.0317656 0.893489 0.00627921 0.0142959 0.0387774 0.00922077 0.00617216
2 0.0573843 0.889813 0.00564405 0.00840129 0.0276495 0.00670552 0.00440264
1 0.831965 0.124385 0.00377108 0.00871545 0.0173612 0.00702821 0.00677474
2 0.00745855 0.958587 0.00865981 0.00572836 0.00884952 0.00656276 0.00415366
2 0.0694546 0.570582 0.181419 0.0700484 0.0311823 0.0555691 0.021745
2 0.0106614 0.958065 0.00506391 0.00689464 0.0103912 0.00521905 0.00370497
2 0.00466335 0.976657 0.00186331 0.00412792 0.0036572 0.00340971 0.00562144
2 0.0867403 0.481285 0.246872 0.0860053 0.0307807 0.0455252 0.0227915
2 0.00855098 0.95479 0.00999822 0.00619601 0.0096771 0.00621076 0.00457679
2 0.0920051 0.352433 0.30593 0.121703 0.035447 0.0647516 0.0277311
2 0.0118831 0.981893 0.000743529 0.000826702 0.00181127 0.00149544 0.00134741
2 0.0122157 0.976272 0.00218931 0.0013678 0.00376402 0.00223713 0.00195359
2 0.0781916 0.887521 0.0107788 0.00463224 0.0089469 0.00556552 0.00436365
2 0.0079332 0.963414 0.00478531 0.00517127 0.00877424 0.00565544 0.00426672
3 0.120208 0.279624 0.359647 0.120181 0.03494 0.057423 0.0279769
2 0.270552 0.660176 0.0188752 0.0146548 0.0137585 0.0137818 0.00820235
2 0.0250137 0.931397 0.0112074 0.00874174 0.0102425 0.00799973 0.00539789
2 0.012033 0.949136 0.00934214 0.00806275 0.00940537 0.00715037 0.00486993
3 0.0055673 0.00334609 0.941824 0.0103657 0.028309 0.00566119 0.00492711
3 0.00104613 0.00154002 0.993169 0.00084642 0.00134903 0.000948188 0.0011016
3 0.0109023 0.0033637 0.964446 0.00437228 0.00973901 0.00371523 0.0034617
3 0.00178098 0.00231093 0.980668 0.00395486 0.00487364 0.00336083 0.00305087
3 0.00341718 0.00432506 0.975492 0.00390297 0.0060081 0.00348611 0.00336823
3 0.00439844 0.00579844 0.963479 0.00771881 0.00817411 0.00570547 0.00472546
3 0.0252178 0.00521637 0.905626 0.0154311 0.0334524 0.00849533 0.00656154
3 0.0651398 0.00389616 0.883664 0.00942262 0.0264824 0.0064955 0.00490002
3 0.0119547 0.00282137 0.949855 0.00618119 0.0213323 0.00416208 0.00369342
1 0.707248 0.00539743 0.238378 0.0115457 0.0195438 0.00892017 0.00896695
3 0.00698972 0.00694241 0.957631 0.00906254 0.00808454 0.00662315 0.00466618
3 0.00501524 0.00616349 0.95825 0.00918524 0.00924833 0.00688587 0.00525166
3 0.00915206 0.00261186 0.98093 0.00155223 0.0021657 0.00161906 0.00196929
3 0.0022025 0.00245091 0.978998 0.00480128 0.00422018 0.00386319 0.00346388
3 0.00551511 0.00173015 0.982579 0.00204935 0.0036508 0.00211443 0.00236123
3 0.00216465 0.00246378 0.978319 0.00442485 0.00548118 0.00373213 0.0034146
3 0.00460555 0.00528314 0.964383 0.00740846 0.00809253 0.00555753 0.00466958
3 0.0040626 0.0052283 0.966149 0.00695607 0.00764266 0.00540389 0.00455699
3 0.0051302 0.00672849 0.958323 0.00875768 0.00916606 0.00668021 0.00521436
3 0.0121747 0.0108217 0.94774 0.00879476 0.00887201 0.00625323 0.00534325
3 0.0125309 0.0182982 0.924206 0.0180922 0.0101107 0.00967059 0.00709129
3 0.0387322 0.0477795 0.780999 0.0608738 0.0241117 0.0300076 0.0174961
4 0.00733846 0.00858545 0.00726764 0.896691 0.0540852 0.0100615 0.015971
4 0.0130195 0.0141633 0.0167165 0.887578 0.0420856 0.0134236 0.0130134
4 0.00465134 0.00555519 0.00588621 0.967229 0.0082289 0.0040781 0.00437152
4 0.00209102 0.00191186 0.00238502 0.973356 0.0141151 0.00290708 0.0032335
4 0.00278469 0.00291256 0.00317184 0.981382 0.00430118 0.00305358 0.00239401
4 0.00216495 0.00331488 0.00354774 0.937439 0.00900027 0.00387895 0.0406538
4 0.00349019 0.00424773 0.003917 0.975316 0.00548311 0.00375054 0.00379588
4 0.00342506 0.00448011 0.00402866 0.971531 0.00503499 0.00421115 0.00728925
4 0.00710307 0.00759368 0.00634566 0.902824 0.0541325 0.00909119 0.0129096
4 0.00478785 0.00516017 0.00603014 0.966905 0.0101897 0.00471782 0.00220961
4 0.0045223 0.00426262 0.00471216 0.906668 0.0290293 0.00641377 0.0443917
4 0.00124972 0.00162625 0.00184641 0.98079 0.00578318 0.00199502 0.00670918
4 0.00312415 0.00334703 0.00346059 0.97821 0.00433539 0.0036691 0.00385373
4 0.0259932 0.187356 0.0307812 0.685774 0.0344553 0.0194941 0.016146
4 0.0120473 0.0119472 0.0567037 0.89185 0.0133223 0.00942283 0.00470629
4 0.00764912 0.0203161 0.00940683 0.940262 0.0085783 0.00704261 0.00674546
4 0.0469538 0.0578193 0.139644 0.676929 0.024194 0.0310194 0.0234407
4 0.0230525 0.0310666 0.0299979 0.87564 0.011582 0.0181229 0.0105382
4 0.111226 0.043087 0.0465931 0.729292 0.018478 0.021667 0.0296574
4 0.020149 0.0188988 0.019409 0.90924 0.0139674 0.00971525 0.00862054
4 0.206245 0.136175 0.147381 0.410155 0.0354899 0.0409719 0.023582
4 0.0125614 0.0165695 0.0174752 0.920719 0.014146 0.00972256 0.00880652
4 0.0176944 0.0239853 0.0246458 0.893613 0.014508 0.0124177 0.0131354
5 0.00806356 0.00805802 0.0116892 0.0858434 0.855672 0.0171624 0.013511
5 0.0119885 0.0146294 0.0194623 0.0676257 0.851285 0.01968 0.0153294
6 0.0096155 0.0139135 0.00924606 0.0197949 0.0323032 0.906056 0.00907046
6 0.0102691 0.0162152 0.00879941 0.0129025 0.0146493 0.929656 0.00750902
6 0.00571419 0.00974098 0.00663943 0.00915112 0.00756261 0.956426 0.0047659
6 0.00864156 0.0163804 0.00865511 0.0140719 0.0186313 0.925748 0.00787216
6 0.00974312 0.0159347 0.0132059 0.0144827 0.0128964 0.926067 0.00767021
6 0.00734062 0.0138666 0.00794774 0.0114226 0.01052 0.94249 0.00641281
6 0.00974007 0.0163456 0.0115151 0.0134871 0.0127355 0.928667 0.00750981
7 0.00603131 0.00625514 0.0074547 0.0282712 0.0515608 0.010797 0.88963
7 0.00126347 0.00189103 0.00293446 0.00193771 0.00308033 0.00319937 0.985694
7 0.0860214 0.00673076 0.00716045 0.0192348 0.0264471 0.00904939 0.845356
7 0.0134069 0.00862832 0.0109559 0.0353764 0.0131288 0.00951097 0.908993
7 0.0066151 0.00744908 0.0104374 0.0384249 0.0153297 0.00983242 0.911911
7 0.00326971 0.00428748 0.00617663 0.0377352 0.00585621 0.00627092 0.936404
7 0.0704282 0.0199167 0.0211587 0.20834 0.0436373 0.0192635 0.617255
7 0.0836514 0.0732211 0.0817402 0.237442 0.0543115 0.0443159 0.425318
7 0.00848242 0.00748936 0.00943863 0.0367235 0.00839202 0.00765234 0.921822
7 0.010919 0.0129884 0.0161258 0.0400283 0.0147344 0.0116327 0.893571
2 0.301342 0.443231 0.0380137 0.0235793 0.15676 0.021802 0.0152723
1 0.897316 0.0636393 0.00779876 0.00475001 0.0153382 0.00629354 0.00486425
2 0.111157 0.495296 0.0604227 0.041928 0.22314 0.0446307 0.0234255
1 0.765373 0.164718 0.012344 0.0110966 0.0231638 0.0127126 0.0105918
1 0.950259 0.0192938 0.006618 0.00539425 0.00685098 0.00610374 0.00548006
1 0.977911 0.00486968 0.00184447 0.00279739 0.00495418 0.00415264 0.00347054
1 0.820273 0.103022 0.0135417 0.0082063 0.034455 0.012205 0.00829653
1 0.841958 0.0442556 0.0403821 0.027678 0.0151211 0.0186883 0.0119168
1 0.910895 0.0656018 0.00683385 0.00299171 0.00617667 0.00407588 0.00342557
1 0.92803 0.0400637 0.00568918 0.00615821 0.00766473 0.00710285 0.00529155
1 0.862304 0.0440171 0.0283547 0.0220344 0.0156345 0.0172653 0.0103905
3 0.0122513 0.0551529 0.918755 0.00254186 0.00515227 0.00339623 0.00275055
4 0.0125152 0.0194441 0.0108324 0.925077 0.0184479 0.00831128 0.00537263
7 0.0154111 0.0220539 0.0220477 0.0500248 0.0303023 0.014743 0.845417
2 0.00750739 0.973555 0.00304985 0.00252392 0.00719641 0.00358176 0.00258599
3 0.00665927 0.00411573 0.970543 0.00387083 0.00717667 0.00414439 0.00348993
5 0.0154314 0.00957012 0.00854176 0.0156379 0.920095 0.016245 0.014479
6 0.0199342 0.0190439 0.0175091 0.0206405 0.0304881 0.882491 0.00989311
7 0.0121042 0.0129147 0.015543 0.0338937 0.0280977 0.0114051 0.886042
4 0.0310763 0.02754 0.031399 0.813286 0.047365 0.0202636 0.0290704
6 0.0412714 0.0404203 0.045906 0.0473372 0.0497884 0.758342 0.0169348
2 0.00405281 0.983321 0.00473518 0.00152715 0.00340687 0.00174204 0.00121486
2 0.00470031 0.954476 0.0106907 0.00584173 0.0144673 0.00554481 0.0042793
2 0.00822014 0.960011 0.00751903 0.00492397 0.0109753 0.0046292 0.00372151
2 0.00527132 0.981811 0.0021064 0.00199132 0.00430061 0.00247626 0.00204317
2 0.0121271 0.930483 0.0402051 0.00361926 0.00643135 0.0040979 0.00303622
2 0.0292458 0.808564 0.133035 0.00630883 0.0104981 0.00705508 0.00529357
2 0.0116723 0.947703 0.0127997 0.00695903 0.00854627 0.00747396 0.0048457
2 0.0370847 0.835936 0.0711841 0.0161652 0.0161607 0.014287 0.0091821
2 0.00658674 0.977401 0.00290998 0.00241076 0.00539095 0.00290313 0.00239699
2 0.00443337 0.803184 0.16098 0.00662859 0.0155989 0.00556621 0.00360947
2 0.0398111 0.474233 0.136063 0.0553688 0.222321 0.0387155 0.0334884
2 0.0128976 0.826826 0.0327188 0.0234194 0.0292654 0.0137039 0.0611688
2 0.00661674 0.966513 0.00528782 0.00401698 0.0103726 0.0037688 0.00342375
2 0.00829657 0.911026 0.0315097 0.0127875 0.0205862 0.00936249 0.00643128
2 0.0134294 0.920765 0.022431 0.010353 0.0139131 0.0120999 0.00700855
3 0.00493905 0.263705 0.719344 0.00227815 0.00436307 0.00301446 0.00235698
2 0.00789703 0.925932 0.0183042 0.00828934 0.0288667 0.006215 0.0044961
2 0.00436468 0.971244 0.00595267 0.00414543 0.00584579 0.00382384 0.00462324
2 0.0043501 0.978028 0.0068898 0.00266443 0.00423122 0.00217544 0.00166066
2 0.0792359 0.755731 0.0668358 0.0373802 0.021746 0.0251344 0.0139371
2 0.00455446 0.972875 0.00707935 0.0041069 0.0058993 0.00319067 0.00229456
2 0.00230234 0.989587 0.000656122 0.00091035 0.00360382 0.00168792 0.00125259
4 0.0156247 0.0331287 0.0242299 0.876975 0.0271405 0.0112178 0.0116835
5 0.0126035 0.0211214 0.0171046 0.0122119 0.906291 0.0171058 0.0135616
6 0.00747331 0.0156168 0.00970298 0.00782347 0.0159954 0.937606 0.00578199
7 0.0140938 0.0236291 0.0287359 0.0363308 0.0326901 0.013869 0.850651
4 0.0163382 0.0148119 0.0140508 0.890281 0.0362382 0.0115478 0.0167324
5 0.01107 0.00722308 0.00593419 0.00980478 0.941383 0.0134903 0.0110943
6 0.00873551 0.00863494 0.00797875 0.00801441 0.0210394 0.940138 0.00545915
2 0.00618078 0.965173 0.00582211 0.00450988 0.0097336 0.004975 0.00360529
3 0.00670319 0.00500157 0.958859 0.00795879 0.0104562 0.00624531 0.00477572
7 0.0106977 0.010892 0.0148636 0.0292684 0.0249803 0.0104965 0.898801
3 0.00157074 0.00413891 0.974068 0.00856266 0.00716466 0.00299197 0.00150335
3 0.00227834 0.00338304 0.974606 0.0085414 0.00663734 0.00269719 0.00185638
3 0.0013346 0.00375734 0.983514 0.00424163 0.00375414 0.0018256 0.00157286
3 0.00168747 0.00308749 0.984599 0.00321094 0.00394171 0.00173509 0.00173866
3 0.00388107 0.00717721 0.959726 0.0115131 0.00970392 0.00450224 0.00349628
3 0.00408319 0.00661096 0.965044 0.00800132 0.00862894 0.00404081 0.00359052
3 0.0130004 0.0823452 0.863977 0.0141945 0.0111644 0.00844192 0.00687714
3 0.0013749 0.00184986 0.982976 0.00640382 0.00407356 0.00184106 0.00148093
3 0.00205653 0.00790917 0.974243 0.00706434 0.00463803 0.00220457 0.00188396
3 0.0121813 0.0187625 0.934154 0.0119872 0.00991112 0.00710576 0.00589808
3 0.00346967 0.0033846 0.972294 0.00814661 0.00569979 0.00377674 0.00322877
3 0.0143448 0.013578 0.922758 0.0186981 0.012417 0.0104985 0.00770539
2 0.00839195 0.606499 0.33257 0.0274495 0.0105843 0.0087575 0.00574804
3 0.00349257 0.00823347 0.957537 0.0147928 0.00915805 0.00378533 0.00300114
2 0.0174866 0.895447 0.0265343 0.020471 0.0156671 0.0153345 0.00905964
3 0.0056817 0.0361579 0.864637 0.0656408 0.0162126 0.00666418 0.00500622
3 0.0106033 0.0165508 0.93204 0.012276 0.0115093 0.00988459 0.00713625
3 0.00359276 0.00993744 0.95937 0.010698 0.00901634 0.00372118 0.00366445
3 0.0028578 0.0102711 0.953926 0.0215924 0.00577086 0.00273396 0.00284749
2 0.069647 0.620067 0.138454 0.0773431 0.0301057 0.0428634 0.0215201
3 0.00681762 0.0338037 0.843339 0.0919089 0.0112384 0.00675583 0.00613665
1 0.583045 0.0682338 0.16945 0.083492 0.0644037 0.0180086 0.0133667
3 0.00486308 0.00287535 0.966106 0.00474995 0.0124263 0.00493835 0.00404056
4 0.0155914 0.0118774 0.014599 0.889334 0.0369739 0.0120027 0.0196213
3 0.00715801 0.00556533 0.955044 0.00959264 0.0109332 0.00665186 0.00505495
4 0.00638879 0.00612703 0.00596454 0.916829 0.0528371 0.00855487 0.0032991
4 0.00406649 0.00511267 0.00725546 0.947716 0.0236244 0.00712976 0.00509493
4 0.0093724 0.00951156 0.0145855 0.92558 0.0183724 0.0102137 0.0123647
4 0.00953469 0.00964797 0.0150755 0.923744 0.0200392 0.0102579 0.0117008
4 0.0100378 0.0100753 0.0155243 0.92242 0.0191739 0.0104618 0.0123072
4 0.00491699 0.00751661 0.0114788 0.939973 0.0220513 0.00778146 0.00628192
4 0.00246252 0.00330968 0.00416413 0.968539 0.0129584 0.00401617 0.00455031
4 0.0106434 0.010924 0.0162533 0.919665 0.0189326 0.0108031 0.0127784
4 0.00276636 0.0031622 0.00335218 0.966952 0.0145518 0.00476181 0.00445384
4 0.00377093 0.00710571 0.00958278 0.948407 0.0187539 0.00664646 0.00573307
4 0.00860694 0.00695024 0.0357822 0.809779 0.112741 0.0114448 0.0146953
6 0.0195873 0.0290165 0.0577717 0.21255 0.0269911 0.638765 0.0153186
4 0.00906348 0.0283514 0.0308727 0.893462 0.0161949 0.00943824 0.0126168
4 0.0137071 0.0256481 0.104328 0.759322 0.0191033 0.0632298 0.0146614
4 0.00474106 0.00540002 0.00593556 0.955305 0.0152942 0.00643269 0.00689165
4 0.010707 0.00882038 0.0347171 0.828904 0.0850552 0.0132414 0.0185546
4 0.025858 0.0347921 0.0602362 0.458202 0.0283326 0.372753 0.0198262
4 0.00800503 0.00642499 0.0116047 0.937069 0.0157505 0.00881523 0.0123307
4 0.0283663 0.0328303 0.0455327 0.822169 0.0257925 0.0236229 0.0216862
1 0.681925 0.0249634 0.0527319 0.169397 0.0444983 0.0157328 0.0107516
3 0.00303904 0.00361168 0.965043 0.011575 0.00969656 0.0036907 0.00334405
5 0.01081 0.00403329 0.0120543 0.160174 0.787272 0.0136405 0.0120149
6 0.00880568 0.00729409 0.0107536 0.0281881 0.0222399 0.915601 0.00711776
2 0.00609046 0.970871 0.00230801 0.00278957 0.0100974 0.00439086 0.00345311
3 0.00396867 0.00406165 0.969412 0.00397855 0.0110038 0.00403482 0.00354105
6 0.0082671 0.00536314 0.00708259 0.0112009 0.0216924 0.941117 0.00527655
1 0.928179 0.0105695 0.011378 0.0135689 0.0208586 0.00994231 0.00550369
2 0.00873906 0.955966 0.00696902 0.00544424 0.0115815 0.00662192 0.00467776
5 0.0444258 0.0220847 0.0341853 0.0791054 0.757066 0.0368637 0.0262691
6 0.0147817 0.0117464 0.013967 0.0172779 0.0233012 0.911152 0.00777385
7 0.0177332 0.0170395 0.0238288 0.0414296 0.0318195 0.0161207 0.852029
5 0.017858 0.0175228 0.0166019 0.0800914 0.817743 0.028747 0.0214363
4 0.0470506 0.0175858 0.038335 0.745426 0.0834972 0.0539906 0.0141146
4 0.0459897 0.0302741 0.0687298 0.551356 0.185209 0.0466504 0.0717914
5 0.0301314 0.0147524 0.0686825 0.323876 0.49709 0.0464721 0.0189955
5 0.00804353 0.00538149 0.0125623 0.0862946 0.858429 0.0180585 0.0112308
2 0.018992 0.911447 0.012471 0.0185617 0.0179168 0.0129548 0.00765678
5 0.0357868 0.00717791 0.019483 0.105033 0.782191 0.0344848 0.0158437
7 0.0212063 0.0159553 0.0231887 0.0666891 0.0387318 0.0204023 0.813827
2 0.00911075 0.961411 0.0032628 0.00407682 0.0116897 0.00613749 0.00431178
3 0.00396484 0.00653468 0.970673 0.00310334 0.00862093 0.00379622 0.00330685
3 0.00822873 0.0138414 0.946107 0.00903906 0.0101375 0.00726449 0.0053822
5 0.0879052 0.0461178 0.069138 0.12389 0.560001 0.0664378 0.0465104
7 0.0144489 0.0141611 0.0180474 0.0341586 0.0237413 0.0135021 0.881941
6 0.00553735 0.00651148 0.00578878 0.0153894 0.0451592 0.914009 0.00760479
6 0.0215105 0.00989105 0.0118745 0.034492 0.0222838 0.891184 0.00876454
6 0.0216757 0.0248499 0.034237 0.0434549 0.0202696 0.842366 0.0131473
6 0.0465567 0.0621268 0.0844393 0.0781593 0.0288312 0.678426 0.0214606
6 0.034095 0.044354 0.0610381 0.0584255 0.0245949 0.759708 0.0177847
2 0.0447614 0.744918 0.0927511 0.0444982 0.0276807 0.0309914 0.0143995
4 0.0320987 0.0204444 0.0245414 0.846142 0.0289487 0.0281815 0.019643
5 0.123788 0.0311951 0.0623104 0.107123 0.510445 0.129806 0.0353323
6 0.0213176 0.014276 0.0151213 0.0254783 0.0202586 0.894105 0.00944284
7 0.0558675 0.0487373 0.0615872 0.123946 0.050897 0.0468605 0.612104
2 0.0146165 0.927869 0.0175879 0.00879151 0.0143409 0.0104452 0.00634881
5 0.114673 0.0458551 0.0723479 0.120626 0.495885 0.0978827 0.05273
1 0.825052 0.0383761 0.0347528 0.0392018 0.0225049 0.0263489 0.0137632
3 0.0177455 0.0373696 0.880003 0.0259293 0.0145151 0.0148332 0.00960399
4 0.0251477 0.026028 0.0287592 0.849661 0.0233629 0.0196441 0.0273974
5 0.162984 0.108451 0.12664 0.175983 0.245108 0.104073 0.0767595
6 0.0250499 0.0268682 0.0278935 0.0372648 0.022151 0.847504 0.0132683
