labels 1 2 3 4 5 6 7
1 0.979891 0.00433347 0.00535262 0.00302601 0.0020822 0.00200862 0.00330649
1 0.971582 0.00499213 0.00624249 0.00651059 0.00321218 0.00374367 0.00371725
1 0.965759 0.00373602 0.00474627 0.00862528 0.00279994 0.00425887 0.0100749
1 0.975991 0.00521774 0.00418778 0.00459284 0.00322035 0.00379123 0.00299897
1 0.976913 0.00505955 0.00413583 0.00427778 0.00318948 0.00344939 0.00297541
1 0.984211 0.00282106 0.00288562 0.00286246 0.00245627 0.00236691 0.00239627
1 0.973823 0.00544285 0.0055175 0.00517174 0.00331887 0.00364256 0.00308341
1 0.979756 0.00466218 0.00343428 0.0034926 0.00287835 0.00304361 0.00273269
1 0.976525 0.00413679 0.00479689 0.00475379 0.00325381 0.00350205 0.00303196
1 0.974948 0.00541942 0.00457822 0.00503113 0.00330985 0.00364825 0.0030652
1 0.975665 0.00531694 0.00453536 0.00470373 0.00326429 0.00348407 0.00303036
1 0.983204 0.00303272 0.00316432 0.00317502 0.00251904 0.00245741 0.00244703
1 0.973043 0.00541346 0.00574213 0.0055385 0.00336985 0.0037679 0.00312537
1 0.978724 0.00493117 0.00374974 0.00384358 0.00295556 0.0030093 0.00278619
1 0.974164 0.00523093 0.00525675 0.00526824 0.00333536 0.00365732 0.00308715
1 0.968541 0.00535267 0.00638029 0.00722085 0.0033047 0.00575168 0.00344841
1 0.971655 0.00495798 0.00620026 0.00618975 0.00326269 0.00446129 0.00327305
1 0.97106 0.00497278 0.00626992 0.00657605 0.00341684 0.00438253 0.00332209
1 0.971182 0.0050406 0.00468414 0.00759736 0.0026806 0.00355726 0.00525775
1 0.99581 0.000432892 0.000540658 0.000387589 0.000738328 0.000358731 0.00173148
1 0.974667 0.00362599 0.00440263 0.00516615 0.00207793 0.00234059 0.00771994
1 0.982906 0.00466455 0.00490968 0.0014945 0.00190366 0.00151624 0.00260554
1 0.992574 0.00155582 0.00157177 0.000591736 0.0012457 0.00065259 0.00180792
1 0.996615 0.000515396 0.000593578 0.000195902 0.000740921 0.000301348 0.00103765
1 0.988362 0.00263175 0.00256853 0.00157632 0.00154656 0.0011297 0.00218476
1 0.990902 0.00176135 0.00222826 0.000759653 0.00151261 0.0010031 0.0018327
1 0.980815 0.004799 0.00464232 0.00209872 0.00273739 0.0020492 0.00285804
1 0.987518 0.00258161 0.00273724 0.0013623 0.0020669 0.00152461 0.00220973
1 0.977494 0.0050687 0.00527179 0.00354662 0.00286452 0.00271041 0.00304412
1 0.978753 0.00465054 0.0053493 0.00290288 0.00284128 0.00262982 0.00287331
2 0.0126728 0.958246 0.00521162 0.0102334 0.00247796 0.00455136 0.00660675
2 0.0141116 0.974435 0.00207153 0.00280708 0.00148762 0.00172679 0.00336024
2 0.00396715 0.990136 0.00104072 0.00106885 0.000965618 0.000980305 0.00184178
2 0.000761641 0.994229 0.00180194 0.000947176 0.000850721 0.000701046 0.000708935
2 2.17812e-05 0.997096 0.000635057 0.00042439 0.000701467 0.000440002 0.000681748
2 2.49691e-05 0.997373 0.000159774 0.0004269 0.000672354 0.000501547 0.00084172
2 0.0137387 0.975914 0.00221318 0.00217205 0.00151915 0.00155159 0.00289176
2 0.00549873 0.988078 0.00106761 0.00105879 0.00114966 0.00104938 0.0020976
2 9.67761e-05 0.994039 0.000963119 0.00110369 0.00114713 0.000992548 0.00165791
2 8.93258e-05 0.995165 0.000315801 0.000864908 0.00101924 0.000890549 0.00165483
2 0.0143747 0.968161 0.00535948 0.00317388 0.00234891 0.00256792 0.0040141
2 0.0100737 0.973879 0.00481737 0.00283994 0.0022403 0.00241252 0.00373689
2 0.00201609 0.980457 0.00381362 0.00408909 0.00253623 0.00297742 0.00411092
2 0.00200271 0.981858 0.00297714 0.00388056 0.00245696 0.00287361 0.0039513
2 0.00409703 0.97792 0.0057611 0.0049892 0.00160455 0.0025532 0.00307515
2 0.00368419 0.990154 0.0013645 0.00116367 0.000961716 0.000966291 0.00170579
2 0.00641852 0.980411 0.00347296 0.00272871 0.00181941 0.00226771 0.00288153
2 0.0150137 0.962812 0.0063929 0.00487251 0.00225356 0.00298726 0.0056679
2 0.00307631 0.990243 0.00123763 0.001159 0.0010273 0.00110544 0.00215124
2 0.00582619 0.971223 0.00998121 0.0038431 0.00225075 0.00290505 0.00397048
2 0.00801981 0.96418 0.0112323 0.00548565 0.00261457 0.00425516 0.00421285
2 0.00811011 0.960329 0.0116144 0.00633779 0.00310363 0.00606675 0.00443863
2 0.00937859 0.955261 0.0113779 0.009383 0.0034317 0.00643911 0.00472822
2 0.00304149 0.977325 0.00469077 0.00526276 0.00334592 0.00292878 0.00340573
2 0.00304291 0.979492 0.00303653 0.00426227 0.00174913 0.00220666 0.00621039
2 0.00910965 0.968227 0.0045931 0.00626983 0.00306753 0.00425759 0.00447544
2 0.0106989 0.957279 0.0116812 0.00752198 0.0033649 0.00492462 0.00452894
2 0.00844799 0.963574 0.0113264 0.00573055 0.00310174 0.00353909 0.00428026
2 0.0075528 0.96472 0.0110383 0.00552035 0.00306541 0.00367834 0.00442488
2 0.00860968 0.958266 0.0115787 0.00750745 0.00333804 0.00615992 0.00454001
2 0.0139482 0.977991 0.0011866 0.00142465 0.0013047 0.0013003 0.00284466
2 6.29647e-05 0.995805 0.000235231 0.000747436 0.00100047 0.000821275 0.00132755
2 0.0111647 0.980949 0.00125494 0.00134001 0.00137655 0.00128337 0.00263116
2 0.000135776 0.993881 0.000393401 0.00115275 0.00124148 0.00114617 0.00204982
2 0.0144028 0.968023 0.00533515 0.00317431 0.00240737 0.00264138 0.00401568
2 0.00193075 0.981406 0.00298881 0.0040224 0.00255544 0.00299941 0.00409672
2 0.00744609 0.968798 0.0100795 0.0038703 0.00248384 0.00299915 0.00432327
2 0.010118 0.962199 0.0114576 0.00535507 0.00264238 0.00395766 0.00427024
2 0.00174061 0.988071 0.00114229 0.00239979 0.00185105 0.0019782 0.00281755
2 0.0107124 0.957329 0.0116496 0.00751629 0.00336207 0.00490178 0.00452889
2 0.0105523 0.961734 0.0115468 0.00543541 0.00299073 0.00341273 0.00432787
2 0.00840592 0.963999 0.0111494 0.00537084 0.00297737 0.0035891 0.00450803
2 0.0146417 0.965277 0.00554316 0.00431034 0.00267587 0.00347421 0.00407725
2 0.0148026 0.964748 0.00572008 0.00442217 0.00271202 0.00348812 0.00410663
2 0.00322586 0.973788 0.00677547 0.00533249 0.00284535 0.00382304 0.00421026
2 0.00706785 0.968124 0.00771317 0.00584156 0.00295547 0.00402493 0.00427286
3 0.0077771 0.00510284 0.970881 0.0068837 0.0021946 0.00345248 0.00370857
3 0.00831958 0.00532112 0.978448 0.00262675 0.0015373 0.00160787 0.00213979
3 0.00237417 0.00357029 0.990307 0.0009606 0.000969035 0.000818249 0.00100094
3 0.000275134 0.000701472 0.997192 0.000451746 0.000663964 0.0003858 0.000329577
3 0.000182566 0.000566514 0.997554 0.00035297 0.000660889 0.00033779 0.0003457
3 0.000204671 0.000630796 0.997224 0.000425101 0.000701319 0.00040518 0.000408712
3 0.00802995 0.00598134 0.979314 0.00207807 0.00156995 0.00138916 0.00163796
3 0.00346808 0.00441329 0.987808 0.00101205 0.00121315 0.00094746 0.00113792
3 0.000289386 0.000907006 0.995062 0.000933274 0.00118109 0.000811795 0.000815697
3 0.000347634 0.000986016 0.994991 0.000880559 0.00114771 0.000810141 0.000836639
3 0.00830973 0.0062688 0.976924 0.00243632 0.00216403 0.00197898 0.00191826
3 0.00643886 0.00645853 0.978656 0.0023867 0.00218925 0.00200735 0.00186291
3 0.000994312 0.00191385 0.987658 0.0030074 0.00229024 0.00221974 0.00191617
3 0.00115762 0.00244693 0.986637 0.00316754 0.00234769 0.00231216 0.00193098
3 0.00267372 0.00348672 0.985413 0.00339979 0.00154889 0.00182154 0.0016559
3 0.00204287 0.0027341 0.991313 0.00107007 0.00103982 0.000815837 0.000984774
3 0.00592002 0.00968896 0.976166 0.0026033 0.00194089 0.00205452 0.00162647
3 0.00860631 0.00638509 0.973804 0.00368476 0.00204704 0.00232904 0.00314355
3 0.00377023 0.0112567 0.979943 0.00141657 0.00120208 0.00115428 0.00125699
3 0.0006827 0.00261935 0.992496 0.00117666 0.00121097 0.000951522 0.000863167
3 0.0058845 0.0126034 0.96892 0.00466683 0.00243668 0.00337106 0.00211764
3 0.00299772 0.0125229 0.970715 0.00488988 0.00237796 0.00465633 0.00183971
3 0.00724885 0.0104442 0.9637 0.00788781 0.00285986 0.00389709 0.00396269
3 0.00268734 0.00629847 0.981528 0.00321804 0.00227958 0.00232542 0.0016634
3 0.0078807 0.0119886 0.964234 0.00645237 0.00305824 0.00395913 0.00242646
3 0.00578297 0.0124175 0.969579 0.00456648 0.00279738 0.00271755 0.00213905
3 0.0050761 0.0126516 0.970016 0.00444541 0.00276617 0.00282006 0.00222483
3 0.00593325 0.0125627 0.964836 0.00634758 0.00301075 0.00489096 0.0024191
3 0.00816047 0.00606759 0.980488 0.00134557 0.00124652 0.00112 0.00157196
3 0.000282707 0.00121503 0.995426 0.00071753 0.00101955 0.00068426 0.000655217
3 0.00646853 0.00546969 0.983037 0.00119832 0.00135716 0.00109759 0.00137155
3 0.000361928 0.00132174 0.99387 0.0010987 0.00133518 0.00100474 0.00100811
3 0.0083132 0.00626929 0.976836 0.00242476 0.0022173 0.00203299 0.00190683
3 0.00104151 0.00247976 0.986871 0.00306155 0.00233632 0.00228181 0.00192834
3 0.00153117 0.0040702 0.988875 0.00165181 0.00150558 0.00129301 0.0010735
3 0.00725572 0.0124285 0.968294 0.00439196 0.00241212 0.00307311 0.00214436
3 0.00283447 0.00696823 0.980264 0.00335584 0.00238788 0.00245509 0.00173399
3 0.00786375 0.0119829 0.964126 0.00653439 0.00307079 0.00398842 0.00243415
3 0.00745584 0.012447 0.968322 0.00428063 0.00270215 0.00261718 0.00217558
3 0.00571761 0.012656 0.969661 0.00425268 0.00269323 0.00274224 0.00227678
3 0.00247464 0.00327146 0.981338 0.00617286 0.00311826 0.00199875 0.00162578
3 0.00364346 0.0056636 0.975777 0.00681033 0.00321351 0.00282066 0.00207103
3 0.00605707 0.00879444 0.967326 0.00792682 0.00331011 0.00405036 0.0025349
3 0.00637645 0.0101863 0.965414 0.00799174 0.00327992 0.00421137 0.00254009
4 0.00728164 0.00213925 0.00320804 0.981835 0.000463301 0.00375525 0.00131792
4 0.0059859 0.00206944 0.00316604 0.970184 0.0122529 0.00352953 0.00281195
4 0.0065142 0.00295182 0.00436555 0.965992 0.0119068 0.00450048 0.00376907
4 0.00725316 0.00254669 0.00469478 0.975964 0.00171062 0.00420221 0.00362898
4 0.00109107 0.000460913 0.000856879 0.994975 0.000990799 0.00106351 0.000561376
4 0.000916865 0.000574363 0.00100462 0.99441 0.00104159 0.000859777 0.0011928
4 0.00316976 0.000984524 0.00189543 0.983876 0.000399345 0.00208577 0.00758963
4 0.000720476 0.0002026 0.000416825 0.995242 0.000314816 0.000603694 0.00249946
4 0.000715751 0.000388419 0.000837143 0.996077 0.000692867 0.000782243 0.000506799
4 0.000452434 0.000255217 0.000449801 0.997097 0.000844018 0.000537251 0.000363957
4 0.0010705 0.000725643 0.00128361 0.987968 0.00410593 0.00113213 0.00371402
4 0.000585501 0.000339598 0.000636294 0.992207 0.00169854 0.000587308 0.00394534
4 0.00104467 0.000829931 0.00149466 0.99148 0.00296283 0.00124863 0.000939288
4 0.00067124 0.00047237 0.000785139 0.99505 0.00153071 0.000766816 0.000723877
4 0.0045899 0.0041692 0.00388086 0.978409 0.00279311 0.00340325 0.00275509
4 0.00238124 0.00148705 0.0057336 0.985099 0.00192706 0.00225794 0.00111433
4 0.00582756 0.00507421 0.0069558 0.967359 0.00754736 0.00452891 0.00270699
4 0.00375474 0.00324038 0.00479091 0.976793 0.00277691 0.00612533 0.00251867
4 0.00365683 0.00205431 0.00328099 0.977396 0.00284553 0.00282228 0.00794449
4 0.00748003 0.00406607 0.00605289 0.970294 0.00388576 0.00381152 0.00440951
4 0.00245941 0.00361414 0.00293313 0.983555 0.00341076 0.002326 0.00170134
4 0.00153306 0.00128926 0.00420865 0.987406 0.00297066 0.00155072 0.00104208
4 0.00416467 0.00315106 0.00646567 0.976226 0.00369701 0.00357145 0.00272429
4 0.00560706 0.00424824 0.00616592 0.974932 0.00353443 0.0041645 0.00134763
4 0.00768383 0.00368095 0.00547313 0.971434 0.0033925 0.00362031 0.00471482
4 0.00163009 0.000764367 0.00128893 0.992836 0.00128776 0.000994625 0.00119851
4 0.00556892 0.00313825 0.00454827 0.977712 0.00284997 0.00354889 0.00263344
4 0.00768849 0.00341525 0.0047408 0.975315 0.00321374 0.00313158 0.00249556
4 0.00400418 0.00306625 0.00472116 0.979758 0.00278791 0.00305977 0.00260289
4 0.00258328 0.00193781 0.00278272 0.986275 0.00225168 0.00278891 0.0013811
5 0.00718094 0.00451839 0.00469496 0.0141548 0.95866 0.00548362 0.00530696
5 0.0074223 0.00640228 0.00716443 0.00761064 0.959632 0.00631787 0.00545057
5 0.00673029 0.00520607 0.00529697 0.0137569 0.960213 0.00539522 0.00340197
5 0.000704664 0.000639843 0.000719304 0.000126135 0.996239 0.000856 0.000714633
5 0.00223953 0.00217248 0.00238837 0.00248446 0.986822 0.00225775 0.00163519
5 0.00602566 0.00601333 0.00614883 0.00171629 0.970995 0.00555803 0.00354278
5 0.00220896 0.00227287 0.0023645 0.000760934 0.988409 0.00232718 0.00165624
5 0.00724468 0.0086333 0.00993347 0.0161749 0.947354 0.00683712 0.00382248
6 0.0100059 0.00449237 0.00514519 0.0101911 0.00278042 0.962222 0.00516332
6 0.0106451 0.00587541 0.00652721 0.00973135 0.00290123 0.959894 0.00442528
6 0.0102765 0.00847931 0.00835062 0.00786185 0.00326507 0.958414 0.00335227
6 0.00397165 0.00423673 0.00486517 0.00437331 0.00224763 0.978457 0.00184844
6 0.00834455 0.00902361 0.00940105 0.00878567 0.00354541 0.957538 0.00336158
6 0.0053588 0.00666247 0.00677808 0.00663299 0.00263848 0.96893 0.00299912
6 0.00685771 0.00947155 0.00991178 0.00837828 0.00364067 0.958477 0.00326333
6 0.00397886 0.00567035 0.00591125 0.00517215 0.00251883 0.974509 0.00223923
6 0.00682917 0.00915887 0.00996545 0.00898271 0.00375052 0.957993 0.00332058
6 0.00580955 0.00373804 0.004834 0.0094043 0.00234577 0.969048 0.00482027
6 0.00564662 0.00324882 0.00361793 0.00495985 0.00194706 0.977986 0.00259381
6 0.00209696 0.00238071 0.00310021 0.00311602 0.00164398 0.986218 0.00144415
6 0.00282952 0.00279721 0.00318704 0.00306566 0.00172972 0.984899 0.00149215
6 0.00301728 0.00249892 0.00292231 0.00455646 0.00163605 0.982674 0.00269453
6 0.00614862 0.00926018 0.00986126 0.00841541 0.00351089 0.95947 0.00333402
6 0.00142737 0.00172944 0.00205596 0.00202521 0.00127872 0.990347 0.00113669
6 0.00667789 0.00919274 0.00989372 0.00896205 0.00367759 0.958236 0.00336048
6 0.0082204 0.00724453 0.00876206 0.0108494 0.00330765 0.957463 0.0041531
6 0.00686535 0.00783076 0.009433 0.00940242 0.00344605 0.959916 0.00310665
6 0.00717648 0.00862412 0.00975655 0.00981897 0.00355374 0.957475 0.00359524
6 0.00696135 0.00871882 0.00992742 0.00959747 0.00369311 0.957634 0.00346819
7 0.0144075 0.00333304 0.00564284 0.0238695 0.0051148 0.00637386 0.941259
7 0.00375957 0.00258886 0.00476184 0.0222787 0.00426572 0.00344215 0.958903
7 0.0162086 0.00273609 0.00480764 0.0127104 0.00490736 0.0045687 0.954061
7 0.0147835 0.00597617 0.00894367 0.0242053 0.0118757 0.00743334 0.926782
7 0.018046 0.00434764 0.00711814 0.0157292 0.00863845 0.00551251 0.940608
7 0.0142048 0.00399954 0.00678944 0.0235056 0.00327835 0.00658358 0.941639
7 0.0144293 0.00187484 0.00342159 0.0102633 0.00371773 0.00360644 0.962687
7 0.0101492 0.0013984 0.00251948 0.0226617 0.00320937 0.00267402 0.957388
7 0.0118096 0.00422286 0.00785116 0.024404 0.00548122 0.00577789 0.940453
7 0.00401525 0.00213974 0.00406517 0.0229419 0.00435631 0.00320117 0.95928
7 0.0118064 0.00572515 0.00958033 0.0245899 0.00715569 0.00633531 0.934807
1 0.979962 0.00440551 0.00320378 0.00316611 0.00290017 0.00273202 0.00362993
1 0.990896 0.00211152 0.00139588 0.000990462 0.0014842 0.0012018 0.00191979
1 0.981903 0.00418485 0.00289216 0.00276441 0.00285671 0.0025794 0.00281992
1 0.974733 0.00545553 0.00381578 0.00504031 0.00347576 0.00372807 0.00375139
1 0.972983 0.00549841 0.00431728 0.0058553 0.0034307 0.0039141 0.00400073
1 0.980962 0.00335916 0.00327703 0.0041081 0.00260286 0.00273043 0.00296027
1 0.994266 0.00087622 0.000613841 0.000562558 0.00118545 0.000740995 0.00175529
1 0.994784 0.000833719 0.000614405 0.000528148 0.00108825 0.000764623 0.0013873
1 0.985518 0.00268602 0.00209466 0.00230487 0.00255508 0.00229198 0.00254898
1 0.98922 0.00192633 0.00140044 0.0018774 0.00185291 0.00157264 0.00215045
1 0.970711 0.00504235 0.00606148 0.00690894 0.0035209 0.0042477 0.00350716
1 0.983474 0.00426109 0.00295664 0.00201439 0.00244625 0.00210094 0.00274661
1 0.989677 0.00225834 0.00146679 0.0012601 0.00178395 0.0014887 0.00206478
1 0.981443 0.00431989 0.00296434 0.00286574 0.00290793 0.00266401 0.00283506
1 0.975491 0.00547233 0.00465371 0.0044603 0.00321727 0.00337677 0.00332908
1 0.983915 0.0027989 0.00286928 0.00319234 0.0023847 0.00234515 0.0024947
1 0.971316 0.00507292 0.00617823 0.00650975 0.00348114 0.00412462 0.00331721
1 0.988589 0.00201808 0.00139049 0.00131911 0.00243481 0.00133146 0.00291665
2 0.0120363 0.959341 0.0117349 0.00509623 0.00322863 0.00355445 0.00500816
3 0.00879576 0.0120361 0.966883 0.00394583 0.0029044 0.00275477 0.00268018
4 0.00742682 0.00404913 0.00472989 0.973934 0.00410409 0.00365808 0.00209829
5 0.0129085 0.00743165 0.00644809 0.01525 0.944106 0.00533662 0.00851958
6 0.0103008 0.00834908 0.00768725 0.00794839 0.00404238 0.957731 0.0039415
7 0.0166411 0.00858894 0.00979733 0.0154933 0.0183558 0.00651456 0.924609
1 0.977015 0.00424485 0.00327824 0.0034682 0.00483864 0.00273204 0.00442325
2 0.00578617 0.967559 0.0108081 0.00421668 0.00353921 0.00321994 0.00487109
3 0.00385816 0.00671686 0.978742 0.00301484 0.00299558 0.00231039 0.00236221
4 0.00516236 0.00329682 0.00417669 0.977409 0.00430781 0.00320057 0.00244716
5 0.00736832 0.00461432 0.00518914 0.00814527 0.962206 0.00403484 0.00844173
6 0.00657665 0.00567786 0.00608355 0.00619055 0.00395086 0.968012 0.00350854
7 0.00819403 0.00512094 0.00638684 0.0088013 0.0156294 0.00433198 0.951536
1 0.964585 0.00647445 0.00655288 0.00641322 0.00660209 0.00452021 0.00485227
2 0.00852401 0.962289 0.0110609 0.00497628 0.00422104 0.00389898 0.00502938
3 0.00592465 0.0128092 0.967809 0.0039636 0.00380205 0.0030239 0.00266739
4 0.00700426 0.00471771 0.00629926 0.96973 0.00510842 0.00424744 0.00289317
5 0.013642 0.00909961 0.0106207 0.0116315 0.935266 0.00712895 0.0126109
6 0.0094092 0.00867648 0.00971991 0.00881105 0.00553722 0.953677 0.0041688
7 0.0143339 0.00906156 0.0120501 0.0144857 0.0230245 0.00741681 0.919627
2 0.000872809 0.991503 0.00250946 0.00163042 0.000881503 0.00118507 0.0014174
2 0.00638161 0.974615 0.00869508 0.00380539 0.00187192 0.00197732 0.00265415
2 0.000750191 0.994483 0.0013313 0.000589155 0.000739191 0.000770524 0.00133681
2 0.00357153 0.983015 0.00612556 0.00160436 0.00164725 0.001485 0.00255136
2 0.00177035 0.982875 0.00646248 0.00333338 0.00110161 0.00180296 0.00265412
2 0.00598138 0.970438 0.0101963 0.00440692 0.00214681 0.00267391 0.00415677
2 0.0135333 0.963014 0.0107232 0.00318618 0.00250033 0.00266753 0.00437549
2 0.00667713 0.982407 0.00448984 0.00135043 0.0013614 0.00136181 0.0023528
2 0.0136152 0.963961 0.0105279 0.00306521 0.00239677 0.00262299 0.00381064
2 0.00332754 0.984828 0.0038155 0.00178124 0.00183798 0.00173144 0.00267843
2 0.00179259 0.990683 0.00187597 0.00110734 0.00128349 0.0011969 0.00206058
2 0.00408827 0.980014 0.00484671 0.00275288 0.00225354 0.00241925 0.0036251
2 0.0120163 0.963836 0.0113221 0.00328746 0.00251547 0.00273793 0.0042848
2 0.00642934 0.981968 0.00459773 0.00147262 0.00149443 0.00146856 0.00256895
2 0.0125433 0.964052 0.0111398 0.00314027 0.00246941 0.00268089 0.00397482
2 0.00339758 0.982894 0.00447686 0.00225629 0.00196712 0.00203772 0.0029703
2 0.00206013 0.988887 0.0022969 0.00142581 0.00147858 0.00143659 0.0024149
2 0.00463695 0.976587 0.00627524 0.00327354 0.00248136 0.00273755 0.00400825
2 0.00836436 0.966651 0.0110136 0.00405359 0.00262336 0.0030255 0.00426811
2 0.00616299 0.97956 0.00558241 0.00209557 0.00178465 0.00185026 0.0029637
2 0.0117324 0.962967 0.0114493 0.00397917 0.00266367 0.00310062 0.00410816
2 0.00648677 0.971852 0.010094 0.00440828 0.00193903 0.0023165 0.00290338
2 0.0064515 0.968823 0.0102154 0.00457943 0.00285875 0.00284546 0.00422686
2 0.00291482 0.975561 0.00985696 0.0040797 0.00207886 0.00250237 0.00300635
2 0.00529458 0.97012 0.0101772 0.00432607 0.00273985 0.00319791 0.00414396
2 0.00284646 0.970257 0.0101361 0.00440098 0.00460174 0.00239071 0.00536696
2 0.00318793 0.971781 0.0100229 0.00430957 0.0022531 0.00260429 0.00584131
2 0.00618209 0.971026 0.0101779 0.00442877 0.00176724 0.00251495 0.00390293
2 0.00641119 0.967556 0.0101877 0.00475003 0.00295786 0.00382659 0.00431114
2 0.00542064 0.968791 0.0102111 0.00453507 0.00411083 0.00279895 0.00413233
2 0.00361893 0.971893 0.0101189 0.0042334 0.00365413 0.00256232 0.0039196
2 0.0060003 0.968598 0.0101423 0.00462112 0.00288989 0.00348077 0.00426729
2 0.00432949 0.978203 0.00866962 0.00232188 0.00173984 0.00192232 0.00281393
2 0.00576659 0.969091 0.0101587 0.00451826 0.00289373 0.00330463 0.00426707
2 0.00261435 0.97835 0.0097894 0.00257399 0.00180624 0.00199975 0.00286597
2 0.00555063 0.969528 0.0101673 0.00446369 0.00277991 0.00332315 0.00418745
2 0.00270992 0.97703 0.00871714 0.00235065 0.00303381 0.00208079 0.00407781
2 0.00280851 0.977958 0.00865043 0.0022567 0.0019128 0.00212856 0.00428455
2 0.00472584 0.973551 0.0100294 0.00354801 0.00201114 0.00226845 0.00386598
2 0.00641561 0.967541 0.0102144 0.00474289 0.00295507 0.00382303 0.00430827
2 0.00560378 0.969646 0.0101732 0.00376158 0.00360919 0.00306939 0.00413719
2 0.00404758 0.971682 0.0100618 0.00423709 0.003322 0.00269669 0.00395295
2 0.0061213 0.968297 0.0101687 0.00466711 0.00290606 0.00357023 0.00427005
1 0.977658 0.00512783 0.00424077 0.00289476 0.00421024 0.00261542 0.00325295
2 0.00374571 0.985575 0.00156443 0.00126929 0.00248593 0.00194309 0.00341664
3 0.00377348 0.012393 0.975365 0.000955963 0.00311782 0.0022282 0.00216678
4 0.00458478 0.0047293 0.00525936 0.975712 0.00418951 0.0031913 0.00233342
5 0.006831 0.0128389 0.00788472 0.00543337 0.955672 0.00429011 0.00704964
6 0.00547347 0.0102348 0.00809351 0.00539981 0.00396695 0.96362 0.00321106
7 0.00864502 0.0100608 0.010597 0.00822177 0.0161108 0.00478275 0.941582
1 0.987502 0.00138511 0.00172591 0.00103613 0.00385024 0.00180277 0.0026977
2 0.00749795 0.970087 0.00819086 0.00217035 0.00412492 0.00307433 0.00485446
3 0.00449509 0.00124042 0.984875 0.00128252 0.00350932 0.00231318 0.00228433
4 0.0047473 0.00260662 0.00313293 0.980258 0.00426033 0.00279476 0.00219996
5 0.00529641 0.00241044 0.00300086 0.00207826 0.977857 0.00263953 0.00671738
6 0.00399097 0.00322181 0.00377101 0.00202025 0.00307662 0.981562 0.00235746
7 0.00555453 0.00295365 0.0037483 0.00339658 0.01276 0.00268836 0.968899
1 0.965288 0.00620055 0.00712795 0.00571637 0.00679096 0.00431696 0.00455928
2 0.00797657 0.96328 0.010811 0.00484842 0.00431163 0.0038139 0.00495896
3 0.00539849 0.0126373 0.968761 0.00382153 0.00387058 0.00292708 0.0025835
4 0.00664669 0.00480748 0.00646187 0.970007 0.00511674 0.00412975 0.00283002
5 0.012733 0.0100501 0.0114358 0.00954767 0.9371 0.00673123 0.0124019
6 0.00881534 0.0089107 0.0100649 0.00847399 0.00553987 0.954157 0.00403789
7 0.0133778 0.00949563 0.0125922 0.0129678 0.0227809 0.00702003 0.921766
3 0.000440082 0.00580562 0.98858 0.00292018 0.000699615 0.000935187 0.000619046
3 0.00300547 0.00371185 0.983721 0.00574878 0.0013622 0.00135317 0.00109709
3 0.0042119 0.0120062 0.973307 0.00349083 0.00245388 0.00248158 0.0020489
3 0.000354932 0.0104008 0.987039 0.000585714 0.000575684 0.00049794 0.000545675
3 0.00148726 0.00429807 0.990368 0.000778393 0.00119439 0.000875567 0.000998447
3 0.00351081 0.0089498 0.979811 0.00235239 0.00195823 0.00194013 0.00147713
3 0.000929542 0.0085456 0.980493 0.00668559 0.000839238 0.00132867 0.001178
3 0.0030446 0.0100956 0.974612 0.0069428 0.00161769 0.00184326 0.0018442
3 0.00404852 0.01264 0.971629 0.0043782 0.00252085 0.00266102 0.00212249
3 0.00430345 0.0122295 0.973804 0.00294331 0.00246791 0.0022776 0.00197391
3 0.00260485 0.00820553 0.983139 0.00158526 0.00163444 0.00143373 0.0013972
3 0.00432314 0.012251 0.973833 0.00290558 0.00240287 0.0023429 0.0019412
3 0.0039648 0.0109005 0.974907 0.00325758 0.00251898 0.00243734 0.00201353
3 0.00237936 0.00703722 0.984078 0.00178702 0.00170988 0.00154389 0.00146423
3 0.00365702 0.00978097 0.976731 0.00309827 0.00239038 0.00240429 0.00193816
3 0.00426816 0.0122265 0.973911 0.00295439 0.00243332 0.00229818 0.00190805
3 0.00279687 0.00869756 0.982025 0.0017373 0.00173853 0.00154325 0.00146185
3 0.00431655 0.0122896 0.973693 0.00295054 0.0024194 0.00237749 0.00195387
3 0.00409134 0.0111363 0.974323 0.00336353 0.00253615 0.00252215 0.00202744
3 0.00276614 0.0084115 0.981675 0.00201516 0.00185308 0.00170739 0.00157185
3 0.00412854 0.0118199 0.973643 0.00333194 0.002495 0.00256387 0.00201819
3 0.00420844 0.0126641 0.971667 0.0040687 0.00259567 0.00269161 0.00210486
3 0.00278151 0.00885631 0.981018 0.00216292 0.00185437 0.00175219 0.00157438
3 0.00429696 0.0125937 0.972066 0.00369396 0.00255489 0.00272269 0.00207219
3 0.00305854 0.0093043 0.976261 0.00693527 0.00151425 0.00164815 0.00127819
3 0.00314326 0.0125278 0.97352 0.00454995 0.00244474 0.00191636 0.00189823
3 0.00108097 0.00963303 0.978427 0.00685621 0.0012191 0.00173179 0.00105156
3 0.00282929 0.0114547 0.972743 0.00649547 0.00231608 0.00229114 0.0018702
3 0.00146715 0.00914356 0.974538 0.00713335 0.0036175 0.00166946 0.00243097
3 0.00160696 0.00971268 0.975605 0.00694963 0.00168035 0.0018003 0.0026451
3 0.00302329 0.00602972 0.980031 0.00627594 0.00124359 0.00172877 0.00166749
3 0.00384218 0.0124802 0.972761 0.00342867 0.00261334 0.00282206 0.00205243
3 0.00280377 0.0116239 0.971974 0.00649997 0.00335601 0.00189383 0.00184825
3 0.00190481 0.0089253 0.975612 0.00686381 0.0031522 0.00179787 0.00174396
3 0.00323347 0.0124874 0.974097 0.00324833 0.00243599 0.00254088 0.00195691
3 0.001902 0.011919 0.98066 0.00180879 0.00134102 0.00119526 0.00117365
3 0.00307382 0.0124601 0.974132 0.00372656 0.00245349 0.00220508 0.00194909
3 0.000647231 0.0103046 0.984957 0.00167639 0.000788921 0.000853831 0.000771575
3 0.00296467 0.0125131 0.973218 0.00473278 0.00235594 0.00230734 0.00190788
3 0.00129659 0.0119821 0.979387 0.00194053 0.00235443 0.00129129 0.00174783
3 0.00130288 0.0120059 0.980396 0.00173353 0.00142972 0.00129854 0.00183327
3 0.00431894 0.0128588 0.96846 0.00555813 0.00277168 0.00330106 0.00273152
3 0.0021716 0.0067314 0.982162 0.00447152 0.00145989 0.00140272 0.00160041
3 0.0038453 0.01248 0.972759 0.0034319 0.00261195 0.00281882 0.00205295
3 0.0029142 0.0123404 0.975483 0.0023383 0.00300499 0.0020603 0.0018587
3 0.00212691 0.0112933 0.97371 0.00650361 0.00282683 0.00180148 0.00173738
3 0.00340918 0.0125255 0.973354 0.00363878 0.00248907 0.0026007 0.0019824
1 0.981476 0.00187015 0.005869 0.00299151 0.00324564 0.00188679 0.00266096
2 0.00337683 0.978008 0.00989157 0.00141586 0.00229817 0.00175846 0.00325087
3 0.00154526 0.000499071 0.993988 0.00035008 0.00157541 0.000914538 0.00112751
4 0.00265225 0.001445 0.00414992 0.985691 0.00281335 0.00177163 0.00147673
5 0.00435559 0.00443622 0.0109775 0.00555541 0.966643 0.00290914 0.00512314
6 0.00353351 0.00351943 0.0086927 0.00691812 0.00300602 0.971798 0.00253196
7 0.00586925 0.00417937 0.0126566 0.00755501 0.0126336 0.00324644 0.95386
1 0.990947 0.000747169 0.00120939 0.000657577 0.00297156 0.0012835 0.00218359
2 0.00534564 0.981653 0.00261261 0.00125836 0.00306764 0.00217638 0.00388659
3 0.00316591 0.000972678 0.989387 0.000739941 0.00265468 0.00141541 0.00166441
4 0.00425464 0.00194523 0.00307 0.982557 0.00395255 0.00232396 0.00189668
5 0.00347074 0.00108448 0.00218117 0.0012542 0.984916 0.00182 0.00527379
6 0.0028135 0.00176258 0.00271085 0.0013636 0.00233783 0.987139 0.00187268
7 0.00340177 0.0014239 0.00257365 0.00191216 0.00918076 0.00174009 0.979768
1 0.975832 0.00379082 0.00500463 0.00301798 0.0054591 0.0031801 0.00371499
2 0.0061728 0.973834 0.00638334 0.00293271 0.00351447 0.00293574 0.00422732
3 0.00409863 0.00928916 0.976888 0.00231775 0.00314669 0.00217555 0.00208452
4 0.0052574 0.00356654 0.00530317 0.975829 0.00436509 0.00325818 0.00242069
5 0.00911337 0.00603405 0.00801702 0.00614901 0.956129 0.0047994 0.00975793
6 0.00624895 0.005552 0.00689953 0.00415717 0.00425585 0.969702 0.00318402
7 0.00954206 0.00602407 0.00891598 0.0088035 0.018035 0.00496829 0.943711
4 0.000929493 0.000726417 0.00360615 0.990523 0.00188745 0.00137065 0.000957098
4 0.000453904 0.000294555 0.000971196 0.995964 0.00102134 0.000668965 0.000626369
4 0.0032897 0.00221432 0.00630176 0.979006 0.00363586 0.00348602 0.00206645
4 0.00261957 0.00169926 0.00463091 0.983547 0.00292654 0.00281128 0.0017653
4 0.00104938 0.00108146 0.00558237 0.987578 0.00228709 0.00157677 0.000844652
4 0.000485744 0.000375058 0.00120977 0.995438 0.00125657 0.000683486 0.000551195
4 0.00381813 0.00251595 0.00638981 0.977304 0.00433772 0.00359731 0.00203683
4 0.00196958 0.00121834 0.00318736 0.987448 0.00270249 0.00205408 0.00142037
4 0.00147127 0.0020792 0.00615105 0.980949 0.00627928 0.00193694 0.0011331
4 0.00429256 0.00297279 0.00665185 0.976182 0.00390438 0.00386244 0.00213392
4 0.00457208 0.00385008 0.0067062 0.975018 0.00365257 0.00396161 0.00223968
4 0.00228059 0.00139278 0.00567663 0.984962 0.00189578 0.00244595 0.00134637
4 0.00238835 0.00178113 0.00571225 0.982124 0.00343577 0.00284954 0.0017086
4 0.0025275 0.00196075 0.00568265 0.98155 0.00353377 0.00298739 0.00175767
4 0.00286359 0.0024428 0.00668354 0.971684 0.0110629 0.00292647 0.00233699
4 0.0023405 0.00144105 0.00358199 0.980094 0.00305943 0.00769713 0.00178619
4 0.00285193 0.00211772 0.00584 0.979509 0.00367665 0.00303628 0.00296891
4 0.00635511 0.00153747 0.00602004 0.978811 0.0031164 0.00237736 0.00178224
4 0.00269241 0.00195255 0.00590006 0.981646 0.00320072 0.00272779 0.00188003
4 0.00275553 0.0017554 0.00569694 0.981902 0.00322009 0.00276909 0.00190085
4 0.00259623 0.0020224 0.006373 0.978837 0.0030356 0.00527857 0.00185707
4 0.00127849 0.000694961 0.00220618 0.992049 0.00136589 0.00139877 0.00100705
4 0.00137918 0.000897331 0.0024573 0.990169 0.00216167 0.00170138 0.00123383
4 0.00145348 0.000976298 0.002424 0.989915 0.00220461 0.0017675 0.00125925
4 0.00114648 0.000730665 0.00184888 0.992005 0.00194189 0.00133029 0.000997289
4 0.00361827 0.00297349 0.0070435 0.971167 0.00945371 0.0033677 0.00237631
4 0.0025937 0.00173261 0.00433846 0.978395 0.00313644 0.00794618 0.00185715
4 0.00167256 0.00109901 0.00260321 0.988511 0.00233524 0.00186697 0.00191194
4 0.00473018 0.00129662 0.00426969 0.983475 0.00258579 0.00205455 0.00158828
4 0.00292511 0.00271021 0.00593471 0.98038 0.00326115 0.00285746 0.00193141
4 0.00288588 0.00186053 0.00585579 0.981342 0.0032431 0.00287745 0.00193568
4 0.00466729 0.00357039 0.00682525 0.974746 0.00395603 0.00402986 0.00220519
4 0.00312118 0.00226712 0.00638946 0.977987 0.00315867 0.00514854 0.00192763
1 0.976779 0.00190391 0.00337247 0.00785453 0.0040596 0.00281089 0.00322007
2 0.00574463 0.967374 0.0105918 0.00564844 0.00327058 0.0030092 0.00436135
3 0.00286166 0.00190295 0.985391 0.00409597 0.00247942 0.00158244 0.00168626
4 0.00278564 0.00106143 0.00208031 0.987781 0.00289043 0.00196287 0.00143845
5 0.00654192 0.00423819 0.00659151 0.0151927 0.956201 0.00468434 0.00655061
6 0.00461669 0.0036099 0.00531508 0.01003 0.00362342 0.969716 0.00308937
7 0.00929821 0.00408776 0.00994309 0.0199716 0.0177317 0.00551674 0.933451
1 0.988557 0.00100627 0.00127972 0.00127502 0.00344386 0.00179729 0.00264044
2 0.00595116 0.981474 0.00163726 0.00136369 0.00306333 0.00245114 0.00405986
3 0.00453105 0.00490959 0.981959 0.00121115 0.0033127 0.00191391 0.00216242
4 0.00609268 0.00271273 0.00394169 0.976869 0.00486646 0.00321562 0.00230176
5 0.00651889 0.00230065 0.0032952 0.0029576 0.974211 0.00323899 0.00747721
6 0.00415989 0.00251484 0.00309521 0.00207534 0.00299221 0.982711 0.00245131
7 0.00535656 0.00215766 0.00353678 0.00357048 0.0115086 0.00282993 0.97104
1 0.969229 0.00467253 0.00669567 0.00408839 0.0065583 0.00436668 0.00438988
2 0.00789762 0.967142 0.0086251 0.00356187 0.00413427 0.00377762 0.00486127
3 0.00555058 0.0127073 0.968911 0.00341638 0.00384453 0.00300448 0.00256571
4 0.00673945 0.00457286 0.0067138 0.969696 0.00516729 0.00425152 0.00285888
5 0.0128614 0.00815537 0.0113534 0.00928559 0.939335 0.00705473 0.0119545
6 0.00827699 0.00713215 0.00882667 0.00514641 0.00518315 0.961591 0.00384343
7 0.0139081 0.00843898 0.0128724 0.0139138 0.0231861 0.0074815 0.920199
5 0.00746665 0.00540636 0.00712764 0.0145166 0.947166 0.0141946 0.0041219
5 0.00257989 0.00233819 0.00269442 0.00534993 0.982395 0.0030318 0.00161116
5 0.00772296 0.0062308 0.00861803 0.0161501 0.939854 0.010861 0.0105627
5 0.00240117 0.00176348 0.00232279 0.00422708 0.983159 0.00377266 0.0023542
5 0.00715143 0.00680787 0.00820432 0.0161669 0.947601 0.00873015 0.00533802
5 0.00299671 0.00288819 0.00341108 0.00608847 0.979412 0.00318045 0.00202298
5 0.000640436 0.0005583 0.000660357 0.0015131 0.995089 0.000871079 0.000668172
5 0.00308777 0.00308281 0.00344994 0.0066659 0.97854 0.00319561 0.00197779
5 0.00871687 0.00993242 0.011703 0.0152645 0.941854 0.0086 0.00392967
5 0.00871256 0.010281 0.0119418 0.0151164 0.941567 0.00826669 0.00411467
5 0.00349395 0.00377245 0.00434905 0.00588902 0.97695 0.00347962 0.00206605
5 0.00840501 0.0100424 0.0114399 0.0156144 0.942599 0.00788806 0.00401153
1 0.964285 0.0038936 0.00552685 0.00752655 0.00836292 0.00620278 0.00420275
2 0.00731627 0.962573 0.0109418 0.00533286 0.0047222 0.00443501 0.00467916
3 0.00512686 0.0128393 0.967307 0.00439981 0.00430626 0.00354626 0.00247432
4 0.00665659 0.00451797 0.00700412 0.967713 0.00584921 0.00543264 0.00282669
5 0.00380623 0.00185376 0.00243836 0.00297108 0.98093 0.00266145 0.0053391
6 0.00790109 0.00636812 0.00791923 0.0112751 0.00618607 0.956496 0.00385443
7 0.0122529 0.00660338 0.0102499 0.0148808 0.02501 0.00937031 0.921633
1 0.984872 0.00187394 0.00243788 0.00212878 0.00341654 0.00223907 0.00303131
2 0.00468279 0.981572 0.00383829 0.00183337 0.00238258 0.00209773 0.00359323
3 0.00347778 0.00991182 0.979142 0.00153888 0.00228002 0.00171075 0.00193868
4 0.00482924 0.00293809 0.00429118 0.979263 0.00350892 0.00289796 0.00227174
5 0.0075021 0.0037051 0.00471982 0.00435546 0.965674 0.00358477 0.0104586
6 0.00561258 0.00435132 0.00511873 0.00430063 0.00357528 0.974021 0.00302007
7 0.00596111 0.00304454 0.00427236 0.00503997 0.0094752 0.00320806 0.968999
1 0.962394 0.00581489 0.0073672 0.00715282 0.00734871 0.00509976 0.0048224
2 0.00813699 0.962558 0.0109499 0.00497863 0.00437313 0.00401963 0.00498363
3 0.00558847 0.0127897 0.967934 0.00398314 0.0039469 0.00312034 0.00263782
4 0.00692586 0.00468606 0.00657892 0.969182 0.00527315 0.0044418 0.00291189
5 0.0134715 0.00884793 0.0112589 0.0115233 0.934072 0.00778834 0.0130381
6 0.00920317 0.00833565 0.00989396 0.00940504 0.00579031 0.953215 0.00415731
7 0.0140804 0.00880321 0.012423 0.0148272 0.0232814 0.00791568 0.918669
6 0.00642236 0.00488602 0.00612062 0.011053 0.00626422 0.961694 0.00356026
6 0.0063847 0.00654088 0.00911236 0.0110467 0.00406336 0.959512 0.00333955
6 0.00419178 0.00369614 0.00508348 0.00770889 0.0032097 0.97354 0.00257034
6 0.00593556 0.00614667 0.00939413 0.0104722 0.00370956 0.961168 0.00317381
6 0.00652959 0.00765049 0.0104031 0.00975723 0.00379047 0.958546 0.00332297
6 0.0059488 0.00472833 0.00600754 0.0109189 0.0055055 0.963497 0.00339393
6 0.00613641 0.00616846 0.00895943 0.0110954 0.0039898 0.960357 0.00329319
6 0.00642355 0.00736139 0.0104237 0.00978627 0.00376281 0.958935 0.00330723
6 0.00276572 0.00215601 0.00268893 0.00511401 0.00276498 0.982408 0.00210264
6 0.00282509 0.00259792 0.00342597 0.00536033 0.00226352 0.981461 0.00206567
6 0.00313875 0.00337398 0.00456441 0.00500974 0.00225452 0.979549 0.00210976
6 0.00528524 0.00494744 0.00573879 0.0106111 0.00380879 0.966429 0.00317923
6 0.00547852 0.00563845 0.00657172 0.0110433 0.00357505 0.96452 0.00317275
6 0.00634727 0.00748278 0.00926724 0.0109105 0.00373804 0.958955 0.00329931
6 0.00667509 0.00481753 0.00586342 0.0109383 0.00770277 0.960285 0.00371785
6 0.0023947 0.00198735 0.00233094 0.00386482 0.00216165 0.985497 0.0017634
6 0.00269751 0.00203763 0.00241887 0.00438749 0.00297729 0.983522 0.0019592
6 0.00480215 0.00453923 0.00582966 0.00839947 0.00356901 0.970096 0.00276409
6 0.00640049 0.00692639 0.00989544 0.0105208 0.00391953 0.959012 0.00332502
6 0.0062593 0.00483881 0.00584079 0.0109445 0.00661081 0.961976 0.00352939
6 0.00234964 0.00197771 0.00235596 0.00392337 0.00210092 0.985519 0.00177326
6 0.00620695 0.0065434 0.00977754 0.0105668 0.00383016 0.959794 0.00328162
6 0.00262722 0.00207433 0.00239821 0.00511785 0.00289404 0.982935 0.00195323
6 0.00108437 0.00086438 0.00100322 0.00172363 0.00114378 0.99306 0.00112059
6 0.00292848 0.00284494 0.00390861 0.00535599 0.00223574 0.980649 0.00207718
6 0.00461507 0.00458142 0.00514697 0.0105451 0.00348988 0.9689 0.00272135
6 0.00260591 0.0024181 0.00270048 0.00439897 0.00209775 0.983801 0.00197802
6 0.00576817 0.00621073 0.00747118 0.01129 0.00361461 0.96243 0.00321484
6 0.00686458 0.00649152 0.00742898 0.0112595 0.00457994 0.959887 0.00348895
6 0.00676766 0.00746885 0.00933632 0.0109027 0.00425527 0.95785 0.00341892
6 0.00662107 0.00649026 0.00744413 0.0113063 0.0045226 0.960185 0.00343031
6 0.00662787 0.00731289 0.00931796 0.0109596 0.00415147 0.958249 0.00338143
6 0.0032466 0.00311328 0.00355661 0.0054818 0.00257096 0.979867 0.00216368
6 0.00318924 0.00330851 0.00408193 0.00536469 0.00239672 0.979525 0.00213383
6 0.0064986 0.00729495 0.00850229 0.0113105 0.00410651 0.958927 0.00335995
6 0.00632882 0.00728502 0.00860881 0.0112102 0.0038329 0.959426 0.00330853
1 0.966579 0.00376918 0.00460501 0.00697795 0.0057601 0.00827972 0.00402934
2 0.00717895 0.962825 0.0110335 0.00539491 0.00379892 0.00518499 0.0045833
3 0.00496592 0.0128319 0.967912 0.00429084 0.00345071 0.00414711 0.00240104
4 0.0065131 0.00447244 0.0066367 0.968206 0.00490269 0.00650198 0.00276673
5 0.0114074 0.00660987 0.00794567 0.0128041 0.935709 0.014475 0.0110493
6 0.00757189 0.00608681 0.00692866 0.00855934 0.00481271 0.962275 0.00376527
7 0.0129879 0.00735079 0.0102046 0.0167185 0.0208638 0.013821 0.918053
1 0.983294 0.00235667 0.00277863 0.00246685 0.00350582 0.00254046 0.00305741
2 0.0045553 0.981426 0.00431792 0.00178909 0.00234826 0.00206258 0.00350079
3 0.00324896 0.0089766 0.980703 0.00139771 0.0022147 0.0016216 0.00183742
4 0.0048441 0.0029953 0.00444298 0.978894 0.00359259 0.00296855 0.002262
5 0.00988244 0.00545033 0.00672109 0.00693668 0.953534 0.00574293 0.0117324
6 0.00653119 0.00510583 0.00589259 0.00480097 0.00404023 0.970273 0.00335654
7 0.00623004 0.00335486 0.0045687 0.00550135 0.0102251 0.00367475 0.966445
1 0.96215 0.0058685 0.00724361 0.00723674 0.0073154 0.00537449 0.00481117
2 0.00812292 0.96257 0.0109419 0.00496305 0.00432983 0.00411309 0.00495908
3 0.00557277 0.0127696 0.967956 0.00397087 0.00391177 0.00319511 0.00262395
4 0.00692165 0.0046983 0.00654345 0.969138 0.00524323 0.00455339 0.00290189
5 0.0134921 0.00887651 0.011093 0.0116139 0.933683 0.00818375 0.0130576
6 0.00920428 0.00833805 0.00979465 0.00947043 0.00579234 0.953243 0.00415693
7 0.0140308 0.00879245 0.01224 0.0148509 0.023364 0.00820964 0.918512
