labels 1 2 3 4 5 6 7
1 0.964141 0.00942278 0.0109675 0.00530983 0.00289769 0.00322159 0.00403951
1 0.954936 0.00882798 0.0123549 0.0102483 0.00396694 0.0054087 0.00425709
1 0.947286 0.00958655 0.00936989 0.0124076 0.00367368 0.00611239 0.0115639
1 0.957693 0.0122111 0.00935238 0.00758788 0.00396582 0.00560289 0.00358704
1 0.962933 0.01168 0.00700051 0.00635828 0.00384247 0.00467936 0.00350662
1 0.976624 0.00587347 0.00439464 0.00408301 0.00304379 0.00312933 0.00285206
1 0.960677 0.012223 0.0078204 0.00703772 0.0039213 0.00476313 0.00355786
1 0.967285 0.0109912 0.0059019 0.00506035 0.00349846 0.00402567 0.00323735
1 0.967302 0.00788242 0.00660685 0.00635028 0.00384322 0.00450513 0.00351034
1 0.956146 0.0117821 0.0106103 0.00836306 0.00405459 0.00540541 0.00363884
1 0.960112 0.0122008 0.00824006 0.00711802 0.0039339 0.00483026 0.00356515
1 0.974715 0.00639986 0.00499728 0.00457523 0.00311248 0.00329748 0.00290272
1 0.95768 0.0124708 0.00928006 0.00788203 0.0039982 0.00507953 0.00360896
1 0.966061 0.0113478 0.00615483 0.005551 0.0035755 0.00402366 0.00328626
1 0.961211 0.011545 0.00769579 0.00722954 0.00393977 0.00481206 0.00356665
1 0.950872 0.00934084 0.0118639 0.0112112 0.00416492 0.00858041 0.00396672
1 0.95525 0.00840966 0.0117088 0.0099755 0.00410615 0.00670381 0.00384629
1 0.954067 0.00887088 0.0121611 0.0104163 0.00417298 0.0064588 0.00385277
1 0.951245 0.0109062 0.0103514 0.0123852 0.00360736 0.00528457 0.00622024
1 0.990755 0.00167561 0.00199355 0.00134472 0.0011849 0.000849777 0.0021965
1 0.960225 0.00806296 0.00877848 0.0080281 0.00265958 0.00353079 0.00871522
1 0.967032 0.0107308 0.0109198 0.00286863 0.00267899 0.00243671 0.00333325
1 0.98264 0.00549442 0.0048905 0.00157869 0.00185827 0.00125329 0.00228486
1 0.994002 0.00109352 0.00158758 0.000436772 0.00105663 0.000509194 0.00131382
1 0.979056 0.00558888 0.00601289 0.00291993 0.00205889 0.00171889 0.00264449
1 0.980553 0.00531152 0.00616048 0.00170243 0.00225369 0.00167796 0.00234075
1 0.964881 0.0111897 0.0105505 0.00360646 0.00336228 0.0030153 0.00339503
1 0.978975 0.00512676 0.0060659 0.00234254 0.00265281 0.00217644 0.00266071
1 0.960955 0.0106087 0.0117741 0.00570003 0.00360137 0.0037573 0.00360319
1 0.963414 0.00972579 0.0116706 0.00458905 0.00357605 0.00358725 0.0034369
2 0.00521534 0.970414 0.00628683 0.00827955 0.00232372 0.0036105 0.00386991
2 0.00422035 0.983038 0.00351421 0.00347067 0.00173264 0.00174603 0.00227762
2 0.00122502 0.99365 0.000862613 0.00106303 0.00114948 0.000842719 0.00120732
2 0.000731665 0.99268 0.00300045 0.00128438 0.000926816 0.000814026 0.00056217
2 2.70978e-05 0.996052 0.00135913 0.000682557 0.000843727 0.000516675 0.000518763
2 2.03942e-05 0.997333 0.000167971 0.000548532 0.000825808 0.000507716 0.00059612
2 0.00355135 0.98482 0.00372968 0.00273249 0.00174368 0.00153109 0.00189134
2 0.00145543 0.992556 0.00126974 0.00115576 0.00131102 0.000921128 0.00133057
2 0.000772026 0.991622 0.00229536 0.0016881 0.00140762 0.00111294 0.0011023
2 5.5867e-05 0.995466 0.000404138 0.00102504 0.00115377 0.000844718 0.00105063
2 0.0043486 0.978969 0.00705326 0.00309106 0.00218165 0.0021307 0.00222538
2 0.00324185 0.982208 0.0058289 0.00266253 0.00206504 0.00194021 0.00205339
2 0.0022364 0.980112 0.00605976 0.00430592 0.00234129 0.00264995 0.00229429
2 0.00185609 0.983228 0.00406865 0.0039219 0.00224678 0.00248354 0.00219502
2 0.0023051 0.982026 0.00541731 0.0045384 0.00162211 0.00217294 0.00191831
2 0.00129826 0.992071 0.00188908 0.00144153 0.00117425 0.00094459 0.00118118
2 0.00195525 0.988664 0.00214314 0.00216346 0.00177451 0.00168145 0.0016177
2 0.0052822 0.974171 0.00790031 0.00467133 0.00213191 0.0025551 0.00328854
2 0.000887165 0.994531 0.000588042 0.00092172 0.0010389 0.000789579 0.00124348
2 0.0019004 0.975365 0.0131097 0.00326259 0.00202802 0.00218258 0.00215201
2 0.00299364 0.971819 0.0124561 0.0048344 0.00230075 0.0032924 0.00230422
2 0.00322299 0.967294 0.013715 0.00570286 0.00258836 0.00499906 0.00247756
2 0.00397204 0.964509 0.0122034 0.00843768 0.00279746 0.0054112 0.00266941
2 0.00176075 0.979848 0.00514674 0.00532688 0.0032858 0.00262761 0.00200446
2 0.00144263 0.985307 0.0026075 0.0040151 0.00146777 0.00181927 0.00334102
2 0.00314446 0.979274 0.00403602 0.00536858 0.00250043 0.00325831 0.00241778
2 0.00443464 0.965886 0.0134119 0.00688344 0.00273912 0.00410941 0.00253522
2 0.00316825 0.971805 0.0123201 0.00503661 0.00254973 0.00277201 0.00234835
2 0.00281566 0.970819 0.0136195 0.00492261 0.0025234 0.00287179 0.00242786
2 0.00353518 0.965553 0.0134979 0.00694003 0.00274202 0.00518346 0.00254874
2 0.00388235 0.989281 0.00114369 0.00142331 0.00142567 0.00109381 0.00175065
2 4.83629e-05 0.995922 0.000285731 0.000924973 0.00113471 0.000806905 0.000877318
2 0.00295962 0.989792 0.00159893 0.00144152 0.00148574 0.00110818 0.00161394
2 8.3596e-05 0.994404 0.000517967 0.00132812 0.00134015 0.00106642 0.00126015
2 0.00436264 0.978942 0.00702883 0.00306064 0.00220935 0.00217263 0.00222411
2 0.00189183 0.982543 0.00425999 0.0040999 0.00232435 0.00260289 0.00227813
2 0.00242531 0.974102 0.0131843 0.00343477 0.00219816 0.00231169 0.00234333
2 0.00393281 0.970132 0.0135055 0.0046882 0.00230686 0.00308949 0.00234556
2 0.00092921 0.990575 0.00101851 0.0024153 0.00175708 0.00167792 0.00162712
2 0.0044583 0.965843 0.0133947 0.00691228 0.0027467 0.00410897 0.00253648
2 0.00411854 0.970015 0.0135246 0.00476447 0.00248643 0.00269881 0.00239216
2 0.00315078 0.970805 0.0135726 0.00472448 0.00245885 0.00280661 0.00248142
2 0.00446997 0.979239 0.00497878 0.00393258 0.00232395 0.00280976 0.00224606
2 0.00483189 0.97622 0.00710061 0.00422148 0.00238073 0.0029569 0.00228807
2 0.00328105 0.973264 0.00927178 0.00564156 0.00255476 0.00358378 0.00240313
2 0.00433641 0.970794 0.0102221 0.00594712 0.00259742 0.00366681 0.00243639
3 0.00701901 0.00283467 0.973261 0.00705575 0.00247503 0.00367745 0.00367696
3 0.00730713 0.00151732 0.982694 0.00256098 0.00187465 0.00180646 0.00223987
3 0.00225432 0.00125061 0.99169 0.000991678 0.00139046 0.00109174 0.00133116
3 9.66902e-06 1.13327e-05 0.99819 0.000305817 0.000725636 0.000380745 0.00037694
3 1.65949e-05 1.38875e-05 0.99807 0.000284894 0.000777426 0.000387973 0.000449422
3 1.94903e-05 2.46097e-05 0.997619 0.00035059 0.000894309 0.000508679 0.000582948
3 0.00687368 0.0014354 0.984137 0.00205901 0.00192019 0.0016696 0.00190464
3 0.00306542 0.00103209 0.990535 0.00109791 0.00158743 0.00121538 0.00146694
3 6.48333e-05 5.39992e-05 0.995647 0.000884065 0.00133323 0.000974686 0.00104263
3 6.09465e-05 6.5404e-05 0.995632 0.000816438 0.00133326 0.000990378 0.00110127
3 0.0073218 0.00187969 0.981142 0.00262145 0.00242497 0.00238688 0.00222368
3 0.0056898 0.00209099 0.982564 0.00261165 0.0024374 0.00243035 0.0021756
3 0.001203 0.00120655 0.986569 0.00342787 0.00255176 0.00277177 0.00226956
3 0.00127218 0.00140914 0.986007 0.00357446 0.00258582 0.0028745 0.00227648
3 0.00188753 0.00206008 0.986911 0.00328142 0.00192394 0.00210411 0.00183151
3 0.00199938 0.000809155 0.992393 0.00109134 0.00142259 0.00104676 0.00123754
3 0.0029719 0.00358589 0.984316 0.0024847 0.00229611 0.00244611 0.00189915
3 0.00741116 0.00302801 0.977907 0.00359779 0.00231102 0.00262785 0.00311729
3 0.00162967 0.00312482 0.989891 0.00114984 0.00149338 0.0012492 0.00146191
3 0.00061091 0.000681675 0.993783 0.00116653 0.00149895 0.00116599 0.00109289
3 0.00361894 0.00384098 0.979833 0.00424379 0.00257124 0.00358637 0.0023061
3 0.00206401 0.00404228 0.980543 0.00434068 0.00252605 0.00455345 0.00193046
3 0.00430738 0.00449629 0.974421 0.00665401 0.00273521 0.003908 0.00347789
3 0.00130177 0.00166511 0.987109 0.00301308 0.00241501 0.00263674 0.00185947
3 0.00438348 0.00448623 0.976708 0.00521641 0.00286548 0.00388405 0.00245614
3 0.00353658 0.00376713 0.980353 0.00418343 0.00279863 0.00302095 0.00234027
3 0.0035492 0.00367186 0.980188 0.00420424 0.00278898 0.00317053 0.00242767
3 0.00363004 0.00436171 0.977134 0.00501909 0.00284048 0.0045585 0.00245616
3 0.00712328 0.00168887 0.985055 0.00128239 0.00161424 0.0013746 0.00186115
3 4.56925e-05 4.30698e-05 0.996424 0.000625155 0.00118581 0.000827114 0.000849465
3 0.00555593 0.00120474 0.987238 0.00126269 0.001695 0.00135503 0.00168878
3 8.78508e-05 7.62528e-05 0.994839 0.00102442 0.0014911 0.00120322 0.00127835
3 0.00737118 0.00187457 0.980997 0.00263836 0.0024531 0.0024464 0.0022197
3 0.00123133 0.00132994 0.986331 0.00344634 0.00256896 0.0028228 0.00226987
3 0.000721037 0.00107267 0.992183 0.00152933 0.0017336 0.00149015 0.00127006
3 0.00417338 0.00391973 0.9796 0.00408461 0.00254649 0.00333638 0.00233963
3 0.00128749 0.00200143 0.986301 0.0031921 0.00250504 0.00279019 0.0019229
3 0.00439521 0.0044957 0.976582 0.00528824 0.00287371 0.00390633 0.00245902
3 0.00429039 0.00387861 0.97979 0.00401241 0.00272233 0.00292961 0.00237655
3 0.00384756 0.00366618 0.98009 0.00409228 0.00272147 0.00310657 0.00247608
3 0.00173005 0.00191223 0.982702 0.00679361 0.00296343 0.00212199 0.00177699
3 0.00239609 0.00316872 0.979188 0.00703501 0.00301618 0.00300035 0.00219541
3 0.0038279 0.00387824 0.975391 0.00724948 0.00303801 0.00407457 0.00254087
3 0.00389718 0.0042606 0.975305 0.00683791 0.00300849 0.00415936 0.00253195
4 0.00965123 0.00427727 0.00445571 0.972211 0.00267206 0.00516357 0.00156966
4 0.0093487 0.00538766 0.00474184 0.959906 0.0123354 0.00477087 0.00350916
4 0.00908646 0.00697912 0.00615771 0.957206 0.0101946 0.00582519 0.00455131
4 0.00768684 0.00368529 0.00647462 0.968932 0.00354044 0.00568581 0.00399474
4 0.0012553 0.000752701 0.00128693 0.992069 0.00230007 0.00165499 0.000681316
4 0.00107954 0.000846326 0.00139183 0.991716 0.0022752 0.00131525 0.00137562
4 0.00414557 0.00252652 0.00288548 0.975097 0.00208093 0.00302118 0.010243
4 0.00100443 0.000583141 0.000733837 0.992061 0.00129531 0.00099151 0.00333044
4 0.000898236 0.000825047 0.00123527 0.993271 0.00180857 0.00128501 0.000676469
4 0.000562847 0.000471046 0.000676897 0.995472 0.0015158 0.000875735 0.000425255
4 0.00139548 0.00155853 0.00170839 0.98597 0.00336763 0.00153277 0.00446748
4 0.000700791 0.000813468 0.00102318 0.98961 0.00193976 0.000911779 0.00500131
4 0.00100114 0.00111393 0.00170038 0.990892 0.00280402 0.0016623 0.000826559
4 0.000738487 0.000679032 0.000994455 0.993751 0.00198289 0.00112172 0.00073222
4 0.00501294 0.00613187 0.00551729 0.971899 0.00358958 0.00461928 0.00323031
4 0.00250267 0.00175462 0.00606501 0.981961 0.00335423 0.00311348 0.00124876
4 0.00529707 0.00528345 0.00763451 0.968304 0.005222 0.00551755 0.00274116
4 0.00364335 0.00406619 0.00577673 0.971655 0.0042574 0.00790727 0.00269406
4 0.00396904 0.00348673 0.00435766 0.970497 0.00317473 0.00390895 0.0106063
4 0.00741683 0.00519966 0.00730774 0.96678 0.00394095 0.00492525 0.00442938
4 0.00239185 0.00480069 0.00383804 0.980662 0.00359256 0.0031218 0.00159341
4 0.00123253 0.0012359 0.00421914 0.987619 0.00283148 0.00194681 0.00091467
4 0.00386872 0.00350044 0.00671699 0.974532 0.00382985 0.00451306 0.00303847
4 0.00511326 0.00464248 0.00713237 0.97291 0.00372032 0.0053268 0.00115473
4 0.00796279 0.00513049 0.00698776 0.966733 0.00361966 0.00481879 0.00474792
4 0.00172881 0.00108044 0.00174163 0.990293 0.00227712 0.00146727 0.00141186
4 0.00627295 0.0041881 0.00578931 0.97178 0.00432666 0.00480491 0.00283837
4 0.00813766 0.00513857 0.0065499 0.969428 0.00356979 0.00426154 0.00291496
4 0.00384961 0.00389616 0.00574539 0.975392 0.00425257 0.00408518 0.00277937
4 0.00259563 0.00290868 0.00361714 0.982561 0.00311148 0.00388485 0.0013217
5 0.00964341 0.00756199 0.00752671 0.022042 0.940738 0.0052273 0.00726038
5 0.00823768 0.00937775 0.0113877 0.0156037 0.941903 0.00629477 0.00719548
6 0.0129795 0.00728822 0.00733528 0.0147037 0.00583524 0.946306 0.00555234
6 0.0131473 0.0110202 0.00741475 0.0115048 0.00585839 0.94661 0.00444475
6 0.00883223 0.0127602 0.00771743 0.00822637 0.00615539 0.952841 0.00346769
6 0.00387642 0.00660334 0.00630976 0.00562092 0.00448378 0.971094 0.0020116
6 0.00686215 0.0126269 0.0106033 0.0100282 0.00644619 0.949913 0.00352041
6 0.00439103 0.0114625 0.00576296 0.00641652 0.00526728 0.963644 0.00305536
6 0.00586611 0.0125893 0.0101389 0.00990626 0.00650834 0.951544 0.00344671
6 0.00330088 0.00900133 0.00635473 0.00585553 0.00495402 0.968119 0.00241448
6 0.00610134 0.0112451 0.0122782 0.0114843 0.00666849 0.948689 0.00353381
6 0.00721546 0.00636902 0.00702862 0.0140183 0.00508465 0.955196 0.00508778
6 0.00689237 0.00586717 0.00463188 0.0064817 0.00434033 0.968998 0.00278877
6 0.00216164 0.00301694 0.00435381 0.00482043 0.00362292 0.980403 0.00162155
6 0.00282225 0.00396551 0.00431566 0.00418248 0.00378085 0.979242 0.00169175
6 0.00317253 0.00474783 0.00418733 0.00670694 0.00386532 0.974385 0.0029349
6 0.0049718 0.0123112 0.00799887 0.00869126 0.00634444 0.956256 0.00342632
6 0.00143095 0.00247701 0.00300006 0.00307381 0.00301215 0.985673 0.0013328
6 0.00568544 0.0120662 0.0108702 0.0104561 0.00657596 0.950822 0.00352398
6 0.00836604 0.009132 0.0115448 0.015137 0.00636375 0.945133 0.00432322
6 0.00630681 0.0084617 0.0119036 0.012942 0.00652023 0.950604 0.00326188
6 0.00644072 0.0111438 0.0122616 0.01252 0.00659113 0.947278 0.00376495
6 0.00630738 0.00995485 0.0126216 0.0125555 0.00668364 0.948212 0.00366458
7 0.0172885 0.0121959 0.0113239 0.0178716 0.00477761 0.0102911 0.926251
7 0.00430406 0.00848884 0.00937781 0.0149151 0.00342711 0.00584437 0.953643
7 0.0197938 0.0100583 0.0100913 0.00943999 0.00437891 0.00771508 0.938523
7 0.0164801 0.0167307 0.0164117 0.0171917 0.0155293 0.0107581 0.906898
7 0.0222387 0.0138586 0.014365 0.013186 0.0102841 0.00878041 0.917287
7 0.0170637 0.014056 0.0137331 0.0184713 0.00323386 0.0108439 0.922598
7 0.0177641 0.00702031 0.0072408 0.00803795 0.00337608 0.00618086 0.95038
7 0.0108487 0.00523091 0.00543139 0.0141028 0.00289487 0.00463013 0.956861
7 0.013007 0.0126789 0.0149788 0.0174931 0.00477378 0.00970252 0.927366
7 0.00435414 0.00710174 0.00824772 0.0142537 0.00358651 0.00557673 0.956879
7 0.0114546 0.0138231 0.0171721 0.0185877 0.00622138 0.0101865 0.922555
1 0.971469 0.0107653 0.00543236 0.00308949 0.00341447 0.00216703 0.00366256
1 0.98601 0.00420022 0.00272624 0.00141776 0.00211588 0.00128898 0.00224106
1 0.969182 0.0108526 0.00543283 0.00420602 0.00353811 0.00340579 0.00338245
1 0.967478 0.0109508 0.00565731 0.00431362 0.00356302 0.00390029 0.0041373
1 0.967998 0.0111473 0.00580178 0.00357387 0.00291859 0.003677 0.00488347
1 0.977563 0.00673514 0.0043669 0.00291881 0.00235419 0.00251369 0.00354871
1 0.99284 0.00236289 0.000943564 0.000536994 0.00126242 0.000533232 0.00152137
1 0.994483 0.000872196 0.000712144 0.000643106 0.00124794 0.000665945 0.00137565
1 0.981198 0.00441495 0.00281579 0.0031825 0.00291812 0.00267659 0.00279399
1 0.989811 0.00401382 0.00141382 0.000658153 0.00134763 0.000892648 0.00186341
1 0.953454 0.0104217 0.0124062 0.00966617 0.00400872 0.00563964 0.00440369
1 0.972018 0.010722 0.00535384 0.00324343 0.00311842 0.00239011 0.00315405
1 0.984906 0.00335237 0.00272846 0.00222295 0.00247919 0.00187678 0.00243414
1 0.968488 0.0110213 0.00563488 0.00434783 0.00357976 0.003529 0.00339937
1 0.968607 0.0109344 0.00554857 0.00411554 0.00350046 0.00353378 0.00376067
1 0.981749 0.00502983 0.00312962 0.00257106 0.00253407 0.00228058 0.0027061
1 0.95501 0.0105324 0.012414 0.0086826 0.00403667 0.00541461 0.00390928
1 0.994403 0.000375072 0.000370563 0.000401571 0.00183804 0.000682032 0.00192954
2 0.00266711 0.9918 0.00120187 0.000725298 0.00142205 0.000949813 0.0012343
3 0.00449612 0.00367532 0.983567 0.00111197 0.00249856 0.00237368 0.00227734
4 0.00514633 0.0041519 0.00304268 0.979658 0.00385036 0.00305804 0.00109247
5 0.0129823 0.0101425 0.00648519 0.0052086 0.953773 0.00362302 0.00778535
6 0.00737039 0.00917745 0.00735289 0.00482699 0.00565361 0.963171 0.0024473
7 0.0181963 0.02404 0.0158468 0.00728359 0.0156442 0.00790483 0.911084
1 0.983293 0.00191329 0.00276117 0.00209869 0.004321 0.00219988 0.00341339
2 0.00331065 0.973714 0.0133975 0.00202569 0.00309984 0.00204346 0.00240893
3 0.00340775 0.000830297 0.984982 0.00199605 0.0033797 0.00272113 0.0026826
4 0.00479201 0.00293445 0.00353199 0.978954 0.00434268 0.00353122 0.00191401
5 0.00919524 0.00553641 0.00664419 0.00545335 0.95953 0.00370562 0.00993479
6 0.00637742 0.00560545 0.00759476 0.00552652 0.00663586 0.965224 0.00303571
7 0.0102778 0.00912168 0.0117508 0.00595152 0.014975 0.00634093 0.941582
1 0.946721 0.0109007 0.0133401 0.00939286 0.007911 0.00613332 0.0056009
2 0.00326151 0.969411 0.0136163 0.00439692 0.00346161 0.00298648 0.00286569
3 0.00420151 0.00373918 0.978229 0.00394028 0.00374328 0.00328612 0.00286087
4 0.00639171 0.00542004 0.0076406 0.966847 0.00525816 0.0052486 0.00319376
5 0.0149286 0.0151519 0.0186793 0.0156668 0.911546 0.00778465 0.0162424
6 0.00914031 0.0100114 0.0132767 0.0120101 0.00883442 0.942326 0.00440108
7 0.0143587 0.0186804 0.0223829 0.0127662 0.0202109 0.0105472 0.901054
2 0.000809208 0.99345 0.00250241 0.0013369 0.000465066 0.000834237 0.000602279
2 0.00353649 0.987616 0.00498698 0.00167054 0.000608241 0.000839903 0.000741617
2 0.000429864 0.995903 0.00127441 0.000635632 0.00052616 0.000570706 0.000659793
2 0.00238683 0.99019 0.00430132 0.000971812 0.000683388 0.000652667 0.000814178
2 0.00117345 0.980788 0.0108809 0.0036512 0.0006467 0.00142247 0.00143732
2 0.00306604 0.976707 0.0131889 0.00352662 0.000771278 0.00129244 0.00144742
2 0.00447633 0.981697 0.00775337 0.00229025 0.00121696 0.00124439 0.00132177
2 0.00520222 0.973179 0.0124058 0.0028992 0.00217026 0.0019925 0.00215062
2 0.000942611 0.992351 0.0038261 0.00122395 0.00053613 0.000599857 0.000520612
2 0.00156069 0.986828 0.00649902 0.0018427 0.00112798 0.00104137 0.00110014
2 0.0020473 0.981723 0.00762266 0.0026647 0.00206515 0.00186658 0.00201047
2 0.0035687 0.98063 0.0117434 0.00141415 0.000759743 0.000962351 0.000921971
2 0.00452425 0.976506 0.0128092 0.0020638 0.00132952 0.00132236 0.00144487
2 0.00465109 0.973054 0.0129633 0.00294529 0.00218322 0.00204093 0.00216184
2 0.00110677 0.987202 0.00842792 0.00108177 0.000684866 0.000783826 0.000712923
2 0.002005 0.979467 0.0127806 0.00188423 0.00129641 0.00125636 0.00131048
2 0.00227871 0.977699 0.010385 0.00310863 0.00221638 0.00214377 0.00216832
2 0.000875169 0.992261 0.00179773 0.00264387 0.000621125 0.000856458 0.000944182
2 0.00174196 0.987156 0.00468543 0.00256196 0.00119981 0.00124493 0.00141008
2 0.00431639 0.972001 0.0132723 0.00356447 0.00227252 0.00233744 0.00223616
2 0.00434397 0.975534 0.0129865 0.00296014 0.00101993 0.00155883 0.00159666
2 0.00189671 0.977594 0.0130647 0.00351563 0.00107595 0.00161403 0.00123916
2 0.0018232 0.973785 0.0132351 0.00391109 0.00211672 0.00299345 0.00213578
2 0.00272996 0.971817 0.0132421 0.00395327 0.0038248 0.00160426 0.00282836
2 0.00274349 0.97273 0.0133312 0.00384054 0.0010885 0.00165591 0.00461025
2 0.00368364 0.977786 0.0122454 0.00284125 0.000662817 0.00130442 0.00147653
2 0.00287521 0.973309 0.0133015 0.00350452 0.00229855 0.00247955 0.00223201
2 0.00230808 0.974132 0.0132192 0.00383442 0.00294127 0.00170556 0.00185978
2 0.00202716 0.974287 0.013253 0.00375957 0.00289395 0.00167392 0.00210549
2 0.00200089 0.973216 0.0132313 0.0039099 0.00227278 0.00314105 0.00222845
2 0.00335034 0.979428 0.0114918 0.0018971 0.00110969 0.00126871 0.00145435
2 0.00217899 0.973673 0.0132123 0.00393272 0.00234761 0.00238113 0.00227464
2 0.00128704 0.979036 0.0130539 0.00267033 0.00119119 0.00142267 0.00133861
2 0.00194652 0.973621 0.0132408 0.00393644 0.00220199 0.0028715 0.00218226
2 0.00172463 0.977687 0.0118313 0.00243669 0.00261787 0.00149101 0.00221149
2 0.00170377 0.978473 0.0118562 0.00237924 0.00120206 0.00153377 0.00285155
2 0.00241865 0.980217 0.0117868 0.00242355 0.000779258 0.0010197 0.00135548
2 0.0027953 0.973367 0.0132627 0.00354147 0.0023059 0.00249018 0.00223726
2 0.00214964 0.974584 0.0132171 0.0032354 0.00274212 0.00198077 0.00209109
2 0.00160776 0.975263 0.0131676 0.00376594 0.00245134 0.00170889 0.00203588
2 0.00206553 0.973221 0.013175 0.00395231 0.00232719 0.00299706 0.00226202
1 0.976814 0.0106095 0.00311041 0.00170841 0.00343241 0.00161247 0.00271298
2 0.000571871 0.995071 0.000875798 0.000409096 0.00128653 0.000714611 0.00107092
3 0.0026797 0.00298633 0.988138 0.000631798 0.00201212 0.0017004 0.00185117
4 0.00515204 0.00566909 0.00669294 0.972213 0.00423419 0.0038708 0.00216797
5 0.00854502 0.016489 0.0129296 0.00283607 0.947541 0.00354978 0.00810922
6 0.00631019 0.0108207 0.0109316 0.00637724 0.00675127 0.95574 0.00306894
7 0.0107381 0.0244947 0.0226723 0.00549445 0.013334 0.0064894 0.916777
1 0.985024 0.00142525 0.00219945 0.0014605 0.00462537 0.00207582 0.00318922
2 0.00180563 0.984577 0.00587753 0.00111831 0.00295256 0.0015042 0.00216499
3 0.00321063 0.000542 0.986596 0.00125935 0.00356412 0.00229475 0.00253345
4 0.0046722 0.00277773 0.00366832 0.977908 0.00487258 0.00357503 0.00252573
5 0.0059668 0.003455 0.00437017 0.00184792 0.972805 0.00264077 0.00891421
6 0.00443121 0.00365271 0.00527935 0.00288542 0.00585087 0.975217 0.0026837
7 0.00544719 0.00452485 0.00641141 0.00245905 0.0104898 0.00387125 0.966796
1 0.958625 0.00720606 0.00998339 0.0075836 0.00720123 0.00468329 0.00471778
2 0.00250567 0.97448 0.0114085 0.00353404 0.00317747 0.00236052 0.00253388
3 0.00345695 0.00206059 0.982847 0.00301748 0.0034155 0.00265904 0.00254315
4 0.00512888 0.0040405 0.00586137 0.973175 0.00473103 0.00419723 0.00286553
5 0.00993669 0.00914524 0.0128038 0.007804 0.942248 0.00512673 0.0129351
6 0.00716827 0.00743103 0.0104045 0.00869304 0.0078768 0.954649 0.0037777
7 0.0103289 0.0126164 0.0165922 0.00844513 0.0166712 0.00761719 0.927729
3 0.000812689 0.00199059 0.991785 0.002531 0.00108907 0.00108106 0.000710837
3 0.00240472 0.00122883 0.989708 0.00367671 0.00119859 0.000932693 0.000850369
3 0.000594819 0.0027112 0.99393 0.000459685 0.000879287 0.000682897 0.000742442
3 0.00141875 0.000935247 0.99431 0.000630589 0.00105173 0.000742401 0.0009117
3 0.00147248 0.00296078 0.984863 0.00632507 0.00108398 0.00186656 0.00142787
3 0.00256079 0.00269473 0.985971 0.00440996 0.00122671 0.00164505 0.0014914
3 0.0030226 0.00151724 0.986737 0.00412037 0.001775 0.00139989 0.00142807
3 0.00364693 0.00327927 0.981982 0.00379575 0.0025698 0.00252008 0.00220658
3 0.00196575 0.00172526 0.987876 0.00489636 0.00128539 0.00126169 0.000989921
3 0.00226367 0.0015717 0.987342 0.00392254 0.00180626 0.00160025 0.00149316
3 0.00284639 0.00242563 0.983694 0.00376362 0.00254707 0.00255032 0.00217273
3 0.00178685 0.000429967 0.993606 0.0010589 0.00123084 0.000908773 0.000978239
3 0.00251126 0.000808462 0.989669 0.00232112 0.00178753 0.00139237 0.00151036
3 0.00368788 0.00325123 0.981906 0.00373525 0.0025774 0.00261777 0.00222424
3 0.00154653 0.000781816 0.992334 0.0016937 0.00125566 0.00126982 0.0011182
3 0.00210007 0.0010786 0.98922 0.00253449 0.00180883 0.00165709 0.00160118
3 0.00319893 0.00289354 0.982329 0.00392615 0.00261753 0.00277653 0.00225807
3 0.00207114 0.00252575 0.984608 0.00613236 0.00126997 0.00188281 0.00151017
3 0.00240911 0.00257376 0.986073 0.00338453 0.00178855 0.00198835 0.00178261
3 0.00360669 0.00357402 0.980684 0.00427493 0.00265006 0.00292082 0.00228899
3 0.00267737 0.00338449 0.982736 0.00611847 0.00194981 0.00168492 0.00144942
3 0.00280492 0.00332869 0.983747 0.00392953 0.00234401 0.00202991 0.00181606
3 0.00104172 0.00345563 0.986051 0.00576693 0.00123758 0.00155304 0.000894368
3 0.00242086 0.00372636 0.981102 0.00535992 0.00258153 0.00267631 0.00213319
3 0.00207957 0.00352083 0.980105 0.00635603 0.00369025 0.00178334 0.00246502
3 0.00243376 0.0035978 0.980972 0.00588909 0.00219343 0.00189377 0.0030205
3 0.00252667 0.00156311 0.988256 0.00382554 0.00104416 0.00141873 0.00136593
3 0.00365169 0.00323275 0.980952 0.00375603 0.00272899 0.00331997 0.00235825
3 0.00242174 0.00376578 0.981696 0.0045965 0.00357984 0.00193196 0.00200823
3 0.00226454 0.00377125 0.98086 0.00563091 0.00358872 0.00189697 0.00198793
3 0.00281006 0.00329539 0.98252 0.00338932 0.00262276 0.00311207 0.00225028
3 0.00258678 0.00304162 0.988023 0.0016925 0.0017002 0.00148479 0.00147098
3 0.00280975 0.00333953 0.982293 0.00386315 0.00276376 0.00266375 0.00226722
3 0.000633042 0.00296881 0.992045 0.00158401 0.000849878 0.0010399 0.000879168
3 0.00260662 0.00360872 0.9818 0.00442775 0.00259491 0.00276355 0.00219872
3 0.00181175 0.00313986 0.986993 0.0017862 0.00266205 0.00155591 0.00205101
3 0.0019071 0.0030776 0.987523 0.00167733 0.00182849 0.00167267 0.00231383
3 0.00187756 0.00182849 0.989265 0.00317609 0.00115727 0.00128184 0.00141402
3 0.00363808 0.00323547 0.980939 0.0037697 0.00273411 0.00332477 0.00235901
3 0.00265084 0.00323344 0.984443 0.00211603 0.00321915 0.0022322 0.00210546
3 0.00233266 0.00371676 0.981765 0.00502829 0.00304952 0.00206646 0.00204112
3 0.00300894 0.00329748 0.981613 0.00391311 0.00267265 0.00320122 0.00229398
1 0.965751 0.00585548 0.0112411 0.00606568 0.00455842 0.00291293 0.00361551
2 0.000870018 0.979869 0.0131479 0.00117041 0.00197998 0.00127819 0.00168419
3 0.00175918 0.000284766 0.992503 0.000551557 0.0018342 0.00141755 0.00164976
4 0.00430237 0.00269998 0.00657357 0.976825 0.00332308 0.00366725 0.00260893
5 0.00690175 0.00843499 0.0177095 0.0110289 0.944495 0.00301772 0.00841201
6 0.005059 0.0055868 0.0125058 0.0138503 0.00697643 0.952691 0.00333067
7 0.00818477 0.0129378 0.0246719 0.00872583 0.0138356 0.00632764 0.925316
1 0.98603 0.000935124 0.00203356 0.00127954 0.00404381 0.00238052 0.00329724
2 0.00212736 0.986797 0.00295922 0.0010884 0.00280128 0.00177311 0.00245381
3 0.00377028 0.00066975 0.985628 0.00133125 0.00355377 0.00241129 0.00263559
4 0.00604116 0.00322729 0.0049113 0.97297 0.00529907 0.00450896 0.00304174
5 0.00833104 0.00400928 0.00576427 0.00290234 0.963955 0.00343854 0.0115996
6 0.00411633 0.00291105 0.00470204 0.00268278 0.00515335 0.977745 0.00268975
7 0.00544844 0.00414156 0.00590867 0.00262989 0.00903074 0.00391782 0.968923
1 0.95551 0.00670126 0.0116043 0.00802012 0.00769101 0.00549116 0.00498226
2 0.00303667 0.969883 0.0135363 0.00434005 0.00353465 0.00289123 0.00277768
3 0.00409935 0.002778 0.9793 0.00395551 0.00384786 0.00323203 0.00278706
4 0.00613026 0.0049289 0.00761713 0.967727 0.00534428 0.00511597 0.00313668
5 0.0134412 0.0119688 0.0185404 0.0116217 0.921897 0.00717419 0.0153565
6 0.00778237 0.00805654 0.0120045 0.00848513 0.00874492 0.950838 0.00408824
7 0.0134296 0.0162779 0.022684 0.0123003 0.0202958 0.0101439 0.904868
4 0.00105852 0.00137523 0.00510131 0.980014 0.00983455 0.00150027 0.00111639
4 0.000581082 0.000721486 0.0016256 0.991611 0.00384844 0.000809829 0.000802444
4 0.00350673 0.00338684 0.00682599 0.973627 0.0062359 0.00398639 0.00243163
4 0.00284621 0.00256178 0.00499568 0.979483 0.00451134 0.00347227 0.00212933
4 0.00114654 0.00164865 0.00601467 0.982819 0.00559634 0.00181653 0.000957838
4 0.000550643 0.000662912 0.00165203 0.992849 0.00281527 0.000793244 0.000677095
4 0.0035869 0.00346382 0.0070039 0.97287 0.00644784 0.00419385 0.00243372
4 0.0021749 0.00174679 0.00348492 0.984169 0.00404545 0.00261195 0.00176708
4 0.00147664 0.002073 0.00539522 0.974225 0.0135676 0.00204336 0.00121903
4 0.00415362 0.00349517 0.0068759 0.973012 0.00503512 0.0048761 0.00255249
4 0.00280417 0.00253205 0.00637175 0.977945 0.00589798 0.00282197 0.0016273
4 0.00255123 0.00333106 0.00682462 0.974374 0.0081973 0.00281419 0.00190749
4 0.00255799 0.00304463 0.00649467 0.975148 0.00794973 0.00288568 0.00191943
4 0.00249527 0.00203195 0.00354763 0.972823 0.0137699 0.00296148 0.00237061
4 0.0026318 0.00229626 0.00387087 0.973939 0.00482246 0.0102572 0.00218251
4 0.00275589 0.00318063 0.00698534 0.972045 0.00881444 0.0029754 0.00324326
4 0.00588083 0.00320144 0.00677549 0.974092 0.00555961 0.00244713 0.00204393
4 0.00323936 0.00283395 0.00611446 0.977725 0.0042227 0.00349937 0.00236472
4 0.00324858 0.00280303 0.00587301 0.977932 0.00423909 0.00353305 0.0023717
4 0.00282523 0.00312024 0.00672802 0.974321 0.00360023 0.00708431 0.00232108
4 0.00164263 0.00132839 0.00264588 0.987979 0.00337518 0.00174748 0.0012813
4 0.00161425 0.00174608 0.00311702 0.985934 0.00421518 0.00188057 0.00149286
4 0.00162918 0.00175593 0.00294075 0.985978 0.00427817 0.00191543 0.00150212
4 0.00134263 0.00121595 0.00218913 0.989279 0.0029304 0.00174579 0.00129667
4 0.0028004 0.0024973 0.00475201 0.970258 0.0140393 0.00322921 0.00242344
4 0.00286895 0.00261913 0.00458096 0.97286 0.00442892 0.0103802 0.00226169
4 0.00177218 0.00185062 0.00324726 0.984379 0.0045667 0.00201501 0.00216924
4 0.00441404 0.0026526 0.00481041 0.979952 0.00395991 0.00230969 0.00190125
4 0.00331615 0.00295698 0.00630245 0.9772 0.00411834 0.00369486 0.00241079
4 0.00331633 0.00287444 0.00602509 0.97751 0.00413364 0.00372728 0.00241361
4 0.00438914 0.00372686 0.00706998 0.972357 0.0047546 0.00509315 0.00260977
4 0.00303003 0.00322964 0.00677002 0.974138 0.00364815 0.00680564 0.00237877
1 0.966224 0.00163445 0.00629502 0.0124824 0.0068275 0.00304077 0.00349586
2 0.00205313 0.971345 0.0135957 0.00541157 0.00335769 0.00195758 0.0022789
3 0.0022505 0.00112345 0.985739 0.00435674 0.00293192 0.00172791 0.00187054
4 0.00321423 0.00168108 0.00260456 0.984062 0.00369251 0.00274908 0.00199605
5 0.00390175 0.00216549 0.00286784 0.0214633 0.962409 0.00154007 0.00565251
6 0.00507418 0.00437769 0.00643893 0.0157681 0.00854929 0.956478 0.00331414
7 0.00821438 0.00883638 0.0133687 0.0155784 0.0214252 0.00695642 0.925621
1 0.98778 0.000781908 0.0015009 0.00152347 0.00345238 0.00199659 0.002965
2 0.00214931 0.98993 0.00103357 0.000917367 0.00216236 0.00154559 0.0022618
3 0.0036518 0.00145245 0.98627 0.00121189 0.00289798 0.00207196 0.00244441
4 0.00601036 0.00312646 0.00452343 0.974653 0.00483858 0.00409802 0.00274999
5 0.00878774 0.00396333 0.00491571 0.00503034 0.961701 0.00328103 0.012321
6 0.00436863 0.002864 0.00383643 0.00276735 0.0048026 0.978662 0.00269874
7 0.00527784 0.00402011 0.00474705 0.00320198 0.00748751 0.00377724 0.971488
1 0.954516 0.00757028 0.011555 0.00742494 0.0081317 0.00580028 0.00500183
2 0.00292696 0.97333 0.0109722 0.00371632 0.00348967 0.0028461 0.00271893
3 0.00406667 0.0036657 0.978924 0.0034862 0.0038549 0.00324366 0.00275921
4 0.00614474 0.00494744 0.00765804 0.96731 0.00552439 0.00525551 0.00316021
5 0.0141427 0.0119109 0.0182335 0.0164719 0.915047 0.00804931 0.0161446
6 0.00768132 0.00759479 0.0109881 0.00753919 0.00881346 0.953339 0.00404464
7 0.0134594 0.015579 0.0212679 0.0135671 0.0207267 0.0105374 0.904862
5 0.00193392 0.00178989 0.00322527 0.0215398 0.965037 0.00387507 0.00259953
5 0.00581072 0.00561914 0.00877734 0.0225045 0.944664 0.00744241 0.00518161
5 0.0024012 0.00217705 0.003386 0.0169121 0.966163 0.00343714 0.00552353
5 0.00066568 0.000537505 0.000915362 0.00339117 0.992353 0.000893026 0.00124468
5 0.00243025 0.0020324 0.00316129 0.0213449 0.965061 0.00272954 0.00324061
5 0.00633201 0.00621201 0.00929033 0.0228423 0.941423 0.0070401 0.00686072
5 0.0022706 0.00190945 0.00281917 0.00498249 0.983046 0.00234037 0.00263238
5 0.00607695 0.00588759 0.00904343 0.022327 0.945106 0.0060046 0.00555422
5 0.00475423 0.00446141 0.007814 0.0223155 0.946069 0.00948032 0.00510541
5 0.00533154 0.00556097 0.00926379 0.0225235 0.933279 0.00894676 0.0150944
5 0.00189245 0.00183185 0.00368212 0.00496924 0.981392 0.00302873 0.00320333
5 0.00562215 0.00548808 0.0088369 0.022246 0.943931 0.00707189 0.00680381
1 0.966817 0.00196797 0.00387955 0.00681448 0.0133664 0.00385617 0.00329838
2 0.00222619 0.978004 0.00499301 0.00549788 0.00488272 0.00221374 0.00218219
3 0.00284226 0.00215118 0.980738 0.0045225 0.00523589 0.00240131 0.00210875
4 0.00381401 0.00244227 0.0034502 0.977147 0.00739722 0.0036674 0.00208194
5 0.00215085 0.00105333 0.00114761 0.00174522 0.988559 0.00130177 0.0040419
6 0.0055236 0.00442738 0.00585031 0.0133768 0.0129331 0.954561 0.00332805
7 0.0066726 0.0063112 0.00750683 0.00708016 0.0210044 0.00762155 0.943803
1 0.988468 0.00106482 0.00145325 0.00125893 0.00352567 0.00164197 0.00258736
2 0.00127626 0.992823 0.000794398 0.000697969 0.00161974 0.00102864 0.00176028
3 0.00244657 0.00280519 0.988448 0.00078521 0.00211063 0.00142925 0.00197494
4 0.00430687 0.00258072 0.00367138 0.980294 0.00388235 0.00300565 0.00225858
5 0.00663575 0.00344642 0.00360599 0.00364113 0.968806 0.00292371 0.0109413
6 0.00433523 0.00311065 0.00384754 0.00313155 0.00539561 0.977489 0.0026903
7 0.00377584 0.0032393 0.00338474 0.00224504 0.00571054 0.00293375 0.978711
1 0.959769 0.00690125 0.00900905 0.00655324 0.00802257 0.00516188 0.00458312
2 0.0023032 0.978701 0.00829658 0.0028182 0.00313334 0.0023247 0.00242323
3 0.00328615 0.00307037 0.982744 0.00236164 0.0034224 0.00265859 0.00245724
4 0.00510386 0.00399705 0.00603066 0.972401 0.00517465 0.00445289 0.00283966
5 0.0104558 0.00843148 0.0120841 0.0123943 0.93653 0.00627509 0.0138293
6 0.00671335 0.00634599 0.00877642 0.00706111 0.00804253 0.959441 0.00361921
7 0.00992951 0.0109948 0.0142551 0.00961159 0.0172274 0.0080936 0.929888
6 0.00556316 0.00527162 0.0059442 0.00830035 0.0240408 0.947328 0.00355215
6 0.0056292 0.00625596 0.0093511 0.0150873 0.00533626 0.955017 0.00332334
6 0.00386751 0.00380827 0.0053146 0.00949605 0.0068675 0.967978 0.00266853
6 0.00545069 0.00613325 0.0102255 0.0150312 0.00606829 0.95378 0.00331094
6 0.00606069 0.00727756 0.0120365 0.0135941 0.00679044 0.950679 0.00356179
6 0.00552343 0.00541933 0.00665739 0.0089807 0.0214383 0.948442 0.00353898
6 0.00549978 0.00601269 0.00917789 0.0155073 0.00565415 0.954818 0.00332976
6 0.00597829 0.0070696 0.011949 0.0136613 0.00676871 0.951025 0.00354852
6 0.00306021 0.00276368 0.00376162 0.00621152 0.0115021 0.970284 0.00241719
6 0.00279897 0.00260113 0.00367045 0.00832224 0.00408598 0.976243 0.0022784
6 0.00316664 0.00337997 0.00546629 0.0076321 0.00467062 0.973267 0.00241718
6 0.00512163 0.00493374 0.00647464 0.016112 0.00937436 0.954598 0.00338525
6 0.00517507 0.00542208 0.00686803 0.0162795 0.00690929 0.955944 0.00340187
6 0.00590866 0.0072193 0.0104183 0.0155348 0.00670155 0.950684 0.00353344
6 0.00500992 0.00427047 0.00457107 0.0076168 0.0263747 0.948762 0.00339554
6 0.00210027 0.00194878 0.00229542 0.00321794 0.0047145 0.983941 0.00178248
6 0.00249664 0.0022323 0.00246672 0.00343547 0.0110603 0.976255 0.00205385
6 0.00454385 0.00471092 0.00633474 0.0103802 0.00960181 0.961477 0.00295134
6 0.00590569 0.0067677 0.0109279 0.0150034 0.00694095 0.950946 0.00350835
6 0.00521223 0.00481098 0.00537919 0.00785745 0.0253466 0.947946 0.00344806
6 0.00219732 0.00202903 0.00253424 0.00372769 0.00503013 0.982622 0.00185987
6 0.00578627 0.00654316 0.0107461 0.015244 0.00709355 0.951077 0.00350978
6 0.0028538 0.00268752 0.00321025 0.00472569 0.0140589 0.970216 0.00224803
6 0.0011953 0.000969499 0.00130644 0.0023701 0.00323699 0.989615 0.00130645
6 0.00297594 0.00293155 0.00437177 0.00839957 0.00477362 0.974175 0.00237248
6 0.00461847 0.00480876 0.00598104 0.0150015 0.0106321 0.95593 0.00302812
6 0.00263717 0.00238628 0.00306604 0.00649346 0.00479424 0.978426 0.00219669
6 0.00541763 0.00600786 0.00780138 0.0163694 0.00674057 0.95422 0.0034427
6 0.00551409 0.00583364 0.00690765 0.0104928 0.006643 0.96139 0.00321868
6 0.00626404 0.00729734 0.0104653 0.0154573 0.00852851 0.948386 0.00360177
6 0.00555755 0.00596789 0.00721415 0.0117099 0.00719286 0.95907 0.00328734
6 0.0062061 0.00718853 0.0104262 0.0157956 0.0086311 0.948145 0.00360771
6 0.00312201 0.0030954 0.00391715 0.00736842 0.00518018 0.975002 0.00231457
6 0.00324729 0.00338432 0.00481394 0.00844837 0.00547033 0.972199 0.00243642
6 0.00610408 0.0072297 0.00954441 0.0163865 0.0085399 0.948605 0.00359042
6 0.00590066 0.00709964 0.00956769 0.0161668 0.00718534 0.950542 0.00353807
1 0.954203 0.00557802 0.00624041 0.007085 0.0121536 0.0103295 0.00441038
2 0.00274515 0.968204 0.0137064 0.00423737 0.00463756 0.00393913 0.00252994
3 0.00350808 0.00388151 0.978358 0.00289146 0.00474966 0.00410897 0.00250245
4 0.00609752 0.00510528 0.00759629 0.963147 0.00698257 0.00799042 0.00308056
5 0.00974099 0.00651841 0.00603244 0.00584017 0.947895 0.0119445 0.0120284
6 0.00768979 0.006847 0.00825149 0.0132525 0.0130522 0.94684 0.00406698
7 0.0103129 0.0110644 0.011487 0.00905236 0.0229613 0.0152236 0.919898
1 0.979799 0.00300305 0.00364688 0.00273383 0.00441569 0.00305831 0.0033434
2 0.00149458 0.988143 0.00394458 0.00125302 0.00184697 0.00137626 0.0019416
3 0.00239118 0.00275864 0.988061 0.00103726 0.00205381 0.00165303 0.00204542
4 0.00473742 0.00351962 0.00560865 0.976635 0.0032066 0.00373162 0.00256059
5 0.0132084 0.00979556 0.0105071 0.00726611 0.934226 0.00766974 0.0173268
6 0.0063109 0.00561038 0.00737129 0.0069945 0.00748252 0.962658 0.00357288
7 0.00563075 0.00599413 0.00665426 0.00400946 0.00834837 0.00490519 0.964458
1 0.944916 0.00922835 0.012401 0.0111924 0.0095084 0.00724733 0.00550636
2 0.00312425 0.969131 0.0136009 0.00446006 0.00372751 0.00314452 0.0028118
3 0.00411524 0.00377002 0.977843 0.00398288 0.00401476 0.00345806 0.00281553
4 0.00636153 0.00523612 0.0077343 0.966186 0.00562197 0.00565712 0.00320321
5 0.0147776 0.0130775 0.0177422 0.0165631 0.911479 0.00927172 0.0170884
6 0.00911962 0.0093607 0.0127639 0.0136095 0.00962349 0.941097 0.00442591
7 0.0137466 0.0163872 0.0204368 0.0136756 0.0215179 0.0115439 0.902692
