labels 1 2 3 4 5 6 7 8
1 0.92709 0.00827185 0.00831008 0.0124236 0.00373497 0.00564658 0.0122272 0.0222957
1 0.945323 0.0149982 0.00956273 0.00914552 0.00540006 0.00620782 0.00438172 0.00498046
1 0.941587 0.0146645 0.0134707 0.00966074 0.00551486 0.00564734 0.00443244 0.00502193
1 0.948745 0.0146174 0.00971166 0.00766408 0.00513121 0.00500935 0.00426004 0.00486131
1 0.943604 0.015145 0.010279 0.00996939 0.00559179 0.00591206 0.0044656 0.00503282
1 0.944834 0.0150929 0.0109928 0.00896834 0.00540337 0.00535763 0.00438404 0.00496706
1 0.939414 0.0151748 0.013742 0.0104938 0.00566409 0.00596595 0.00448216 0.0050633
1 0.94138 0.0150446 0.0123457 0.0102036 0.00562294 0.00586382 0.0044842 0.00505513
1 0.932099 0.0142687 0.0130666 0.0136715 0.00567614 0.00995593 0.00494111 0.00632091
1 0.938268 0.0144978 0.0129456 0.0115904 0.00549024 0.00727875 0.00466059 0.00526869
1 0.935357 0.0148957 0.0136502 0.0127042 0.00590939 0.00732119 0.00481074 0.00535211
1 0.975337 0.00373694 0.00455563 0.00410767 0.001879 0.00192074 0.00404758 0.00441578
1 0.934927 0.00869179 0.00832833 0.00992735 0.00352229 0.00400537 0.00776598 0.0228322
1 0.949387 0.012527 0.0143768 0.00638014 0.00370398 0.00363481 0.00499498 0.00499578
1 0.979228 0.00479016 0.00544143 0.00274526 0.00199503 0.00159771 0.00250075 0.00170198
1 0.962077 0.00866753 0.00890052 0.00622875 0.00299789 0.00277959 0.00364136 0.00470726
1 0.963424 0.00823997 0.0122956 0.00384355 0.00319341 0.00255222 0.00342516 0.00302585
1 0.957177 0.0140646 0.00927824 0.00540145 0.00383417 0.00327312 0.00373499 0.00323662
1 0.9493 0.0147571 0.0109909 0.00799767 0.00453245 0.00409828 0.00428408 0.00403955
1 0.949969 0.014306 0.0122425 0.00601241 0.0045687 0.00383608 0.00416333 0.00490146
2 0.00736313 0.937588 0.0075739 0.0120735 0.00301881 0.00611663 0.00499666 0.0212695
2 0.000926778 0.99038 0.00200191 0.00224292 0.00135369 0.00134031 0.00102965 0.000724808
2 0.00393613 0.976704 0.00842591 0.0033743 0.00137609 0.00163986 0.0018359 0.00270744
2 0.00433706 0.975811 0.00826078 0.00300303 0.00187542 0.00180687 0.0020693 0.00283624
2 0.00231858 0.981587 0.00444156 0.00370073 0.0022409 0.00225331 0.00173855 0.00171955
2 0.0013647 0.985112 0.00258257 0.00330142 0.00207562 0.00201704 0.00176123 0.00178509
2 0.0142299 0.953557 0.0100589 0.00667824 0.00361368 0.00383242 0.00317611 0.00485366
2 0.00770118 0.962003 0.0102663 0.00567085 0.00345174 0.0035354 0.00294809 0.00442295
2 0.00166176 0.989612 0.00231985 0.0017818 0.00140279 0.00147754 0.000770072 0.000973751
2 0.00467846 0.963988 0.00733693 0.00816594 0.00392152 0.00449032 0.00321216 0.00420643
2 0.00379916 0.967104 0.0054413 0.00777416 0.00394472 0.00437191 0.00317471 0.00439054
2 0.00269449 0.951228 0.00772785 0.00912494 0.00202254 0.00380368 0.00267356 0.0207246
2 0.00294934 0.976877 0.00742916 0.00459501 0.00162683 0.00183399 0.00180534 0.00288379
2 0.0149663 0.943638 0.00838855 0.00865446 0.00294101 0.00393816 0.00467791 0.0127959
2 0.00984022 0.942942 0.0147591 0.0111635 0.00457305 0.0080962 0.003504 0.00512201
2 0.00546151 0.957421 0.0086163 0.0119048 0.00521455 0.00542718 0.00246378 0.00349129
2 0.0133648 0.939721 0.0140473 0.0122067 0.00511684 0.00691347 0.00367135 0.00495839
2 0.00825489 0.950533 0.0144871 0.0102393 0.00425726 0.00442954 0.00314812 0.00465087
2 0.00754897 0.949713 0.0145622 0.0105667 0.00426676 0.00464148 0.00321985 0.00548088
2 0.0111989 0.938744 0.0147828 0.0126117 0.00506714 0.00882628 0.00367293 0.00509642
2 0.0126104 0.968501 0.00677987 0.00299708 0.0019212 0.00181901 0.00275412 0.00261716
2 0.00125247 0.987499 0.00227213 0.00264856 0.00197888 0.0017901 0.0015046 0.00105434
2 0.00954975 0.971542 0.00604654 0.00303552 0.00224057 0.00199244 0.00252122 0.00307185
2 0.00140296 0.983648 0.00257644 0.00340791 0.00242968 0.00224832 0.0020563 0.00223083
2 0.013167 0.958956 0.0071905 0.00579071 0.00360367 0.00365065 0.00310528 0.00453607
2 0.00307447 0.969206 0.00473875 0.00715441 0.00388643 0.00420766 0.00317601 0.00455635
2 0.0102221 0.94927 0.0144679 0.00932061 0.00373504 0.00477023 0.00323554 0.00497838
2 0.0134761 0.939615 0.0138771 0.0123022 0.00513714 0.00694499 0.00367924 0.00496778
2 0.0136902 0.954976 0.00795947 0.00699713 0.00400278 0.00463832 0.00319304 0.00454321
2 0.0149507 0.947618 0.00986938 0.00925423 0.00447938 0.00566868 0.00341813 0.00474127
3 0.00641603 0.00554688 0.928359 0.0119137 0.00297686 0.00658157 0.00497948 0.0332264
3 0.00885377 0.00601932 0.951766 0.00928253 0.00222118 0.00383939 0.00343305 0.0145843
3 0.000837991 0.00124264 0.992838 0.0013634 0.00116675 0.00109455 0.000579336 0.000877826
3 0.000723531 0.00118102 0.992896 0.00148683 0.0011398 0.000998666 0.000676782 0.000897433
3 0.000404904 0.000888619 0.99402 0.00102094 0.00109835 0.000935261 0.000751712 0.000879986
3 0.00177004 0.00254913 0.984152 0.00216122 0.00175857 0.0016996 0.00181516 0.00409477
3 0.00257198 0.0032571 0.982301 0.00349705 0.00206029 0.00208104 0.00154987 0.00268163
3 0.000928858 0.00127618 0.987949 0.00211608 0.00183993 0.00173068 0.00146377 0.00269526
3 0.0107008 0.00728029 0.957834 0.00566759 0.00379137 0.00405724 0.00317295 0.00749569
3 0.0109694 0.0103418 0.949643 0.00861312 0.00429087 0.00513575 0.00339947 0.00760685
3 0.00437076 0.00434889 0.966513 0.00641228 0.00389076 0.00441079 0.00304895 0.0070048
3 0.00445094 0.00951282 0.932474 0.00899365 0.00230007 0.00477618 0.00354387 0.0339481
3 0.0066683 0.0086 0.95131 0.00694595 0.00189539 0.00327598 0.0027441 0.0185605
3 0.00279853 0.0065384 0.976852 0.00343619 0.00191377 0.00227155 0.00191625 0.00427316
3 0.00189095 0.00278734 0.981728 0.00362651 0.00250204 0.0029125 0.00191621 0.00263678
3 0.00650825 0.0106252 0.955921 0.00803336 0.00425428 0.00455643 0.00311467 0.00698681
3 0.00854307 0.00391408 0.975776 0.00217299 0.00167277 0.00167402 0.00260304 0.00364356
3 0.00067324 0.00153232 0.990156 0.00161239 0.00166906 0.00144885 0.00138086 0.00152751
3 0.00115211 0.00197138 0.984456 0.00263703 0.00223855 0.00209995 0.00192065 0.00352475
3 0.00873059 0.00470746 0.972018 0.00274942 0.00223824 0.00211362 0.00255007 0.00489304
3 0.00604017 0.00653056 0.961003 0.00699055 0.00411639 0.00465516 0.00327742 0.00738625
3 0.00228318 0.00281086 0.979865 0.00366397 0.00275896 0.00293374 0.0022616 0.0034223
3 0.00828879 0.0110122 0.952784 0.00799539 0.00386454 0.00498927 0.00328287 0.00778309
3 0.00744927 0.0110804 0.952998 0.0080223 0.00434089 0.00477555 0.00336248 0.00797066
3 0.00428662 0.00436246 0.961383 0.0124052 0.00479017 0.00397372 0.00229153 0.00650699
3 0.00532667 0.00661251 0.95498 0.0130853 0.00494775 0.00480214 0.00270378 0.00754203
3 0.00806927 0.00943361 0.947931 0.0132389 0.00504484 0.00647614 0.0034304 0.0063757
3 0.00841158 0.0106552 0.946544 0.0125266 0.00499689 0.00654139 0.00349544 0.00682878
4 0.00352684 0.00334158 0.0067925 0.921281 0.0157231 0.00520452 0.00407651 0.0400536
4 0.0108766 0.0101057 0.0130252 0.923473 0.00661269 0.0101206 0.00852043 0.0172662
4 0.0026239 0.00252063 0.00297027 0.97993 0.00356197 0.0031331 0.0014619 0.00379871
4 0.00206329 0.00225476 0.002766 0.981952 0.00321156 0.00232338 0.00177371 0.00365518
4 0.00341911 0.00319584 0.00428622 0.957104 0.00267482 0.0041302 0.0154372 0.00975215
4 0.00214996 0.00241288 0.00268745 0.97282 0.00464443 0.00232032 0.00778749 0.00517775
4 0.00380721 0.0041945 0.00460975 0.969516 0.00680356 0.00438762 0.002935 0.00374657
4 0.00301129 0.00335356 0.0038717 0.975504 0.00487335 0.00371422 0.00226612 0.00340535
4 0.00264942 0.00290209 0.00370218 0.978291 0.00398163 0.00352318 0.00246325 0.00248727
4 0.00502464 0.00403004 0.0072648 0.931254 0.0226991 0.00610331 0.00465155 0.0189722
4 0.00309969 0.00345686 0.00397707 0.95643 0.00836378 0.00339043 0.0127657 0.00851621
4 0.00507319 0.00500765 0.0130917 0.956992 0.00592126 0.00621431 0.0024677 0.0052319
4 0.00709595 0.0079509 0.0116229 0.945686 0.0128963 0.00752703 0.00358334 0.00363756
4 0.00568699 0.00664229 0.00841682 0.952729 0.0064669 0.0110629 0.00337949 0.00561609
4 0.00543057 0.00565017 0.0134548 0.952554 0.00769556 0.0065458 0.00387114 0.00479832
4 0.00963929 0.00716666 0.0100996 0.942506 0.00688238 0.0070092 0.00813844 0.00855882
4 0.00889305 0.00782615 0.0112654 0.943402 0.00673251 0.00697406 0.00483919 0.0100675
5 0.00877194 0.008415 0.00899836 0.0192422 0.920792 0.00656601 0.00689247 0.0203218
5 0.00970274 0.0108964 0.0112654 0.0152525 0.922374 0.00728784 0.00653553 0.016686
5 0.00111756 0.00106713 0.00146093 0.00267922 0.989302 0.000968224 0.00133482 0.00207024
5 0.00342609 0.00351588 0.00432613 0.00750107 0.971282 0.00260779 0.00270371 0.00463694
5 0.00861437 0.00950657 0.0105697 0.0200619 0.930894 0.0062886 0.00516695 0.00889779
5 0.00361387 0.00380158 0.00417736 0.00369381 0.974891 0.00266117 0.00276727 0.00439386
5 0.011308 0.013245 0.014445 0.0223399 0.916666 0.00779041 0.00548811 0.00871743
6 0.0082557 0.010969 0.0101854 0.0178912 0.00401443 0.939133 0.00326615 0.00628494
6 0.0102984 0.0165818 0.0138819 0.0163545 0.00556961 0.926905 0.00450757 0.00590077
6 0.00686771 0.0133163 0.0114996 0.0148904 0.00433994 0.941094 0.00353462 0.00445777
6 0.0111093 0.0165608 0.0148752 0.0182426 0.00585943 0.922778 0.00460938 0.00596537
6 0.00781475 0.0164734 0.0124823 0.0155201 0.00416512 0.927692 0.00447575 0.0113767
6 0.0130655 0.0162772 0.0124281 0.0153757 0.00496513 0.925943 0.00453701 0.00740784
6 0.00407759 0.00477337 0.00576107 0.014551 0.00273659 0.937654 0.00452265 0.0259234
6 0.00523624 0.00662769 0.00649652 0.0111103 0.00288662 0.961704 0.00253954 0.0033987
6 0.00660269 0.0139745 0.0113875 0.0129035 0.00444765 0.941241 0.00390985 0.00553308
6 0.00232433 0.00360073 0.00387718 0.00770046 0.00196146 0.975968 0.00179394 0.0027737
6 0.0031838 0.0040282 0.00447373 0.0100577 0.00224099 0.970375 0.00198976 0.0036512
6 0.00878858 0.00895477 0.00770617 0.0143811 0.00308608 0.937277 0.00401119 0.0157952
6 0.00373616 0.00556995 0.00536949 0.0114679 0.00238498 0.94805 0.00355579 0.0198656
6 0.0107544 0.0137449 0.0146143 0.0237722 0.00524023 0.922814 0.0043212 0.00473845
6 0.0112179 0.0160575 0.0154861 0.0210335 0.00583311 0.91917 0.0047473 0.00645464
6 0.0104923 0.0127279 0.0133785 0.0236257 0.00482789 0.918464 0.00508576 0.0113975
6 0.0110098 0.0164996 0.01545 0.0211846 0.00565922 0.917016 0.00489578 0.008285
7 0.0263284 0.00875156 0.00910878 0.0118611 0.00839244 0.0066077 0.912469 0.0164814
7 0.0137951 0.0108645 0.0131659 0.0221368 0.00863094 0.010319 0.876086 0.0450021
7 0.0176067 0.015007 0.0168438 0.0262761 0.00938579 0.0121545 0.86499 0.0377358
7 0.0239443 0.00928382 0.00841317 0.0256402 0.00866405 0.00678439 0.890162 0.0271077
7 0.0100257 0.0103203 0.0107802 0.0190022 0.00917678 0.00649859 0.927089 0.00710704
7 0.0227158 0.0183027 0.0181238 0.0295487 0.0140469 0.0104098 0.874357 0.0124959
8 0.00469255 0.00363693 0.00424308 0.0095647 0.00187478 0.00554071 0.00510748 0.96534
8 0.00364913 0.00331218 0.00349665 0.0096895 0.00177908 0.00539043 0.00574861 0.966934
1 0.948446 0.0138748 0.0133619 0.00623594 0.00474832 0.00398404 0.00405545 0.00529329
1 0.924563 0.0126762 0.0124864 0.0137508 0.00583133 0.00787984 0.00425387 0.0185585
1 0.960443 0.00996186 0.0100217 0.0045881 0.00333714 0.0026945 0.00282975 0.00612434
1 0.969297 0.00623888 0.00578384 0.00536686 0.00287118 0.00288768 0.00278286 0.00477156
1 0.947375 0.0139841 0.0135428 0.006779 0.00489467 0.00424693 0.00414986 0.00502713
1 0.943544 0.0139129 0.0140059 0.00913068 0.00484878 0.00476487 0.00412923 0.00566361
1 0.936111 0.0147517 0.0138891 0.0126312 0.00593215 0.00656852 0.00471889 0.00539753
4 0.0097774 0.00900866 0.0132474 0.933252 0.00899433 0.00846804 0.00430292 0.0129497
5 0.0164739 0.0141775 0.0174655 0.0225145 0.893903 0.00804572 0.00911295 0.0183064
6 0.012302 0.0122208 0.0151468 0.026692 0.00719012 0.91166 0.00481295 0.0099749
8 0.0053112 0.0050001 0.00477781 0.00731888 0.00267241 0.00434544 0.00307916 0.967495
1 0.955564 0.00742879 0.00775762 0.00665303 0.00792966 0.00430653 0.0050211 0.00533949
2 0.00858105 0.949027 0.0142759 0.00818277 0.00586808 0.00492939 0.00393755 0.00519833
3 0.00725408 0.0110966 0.950994 0.00747916 0.00600565 0.00521219 0.00396545 0.00799258
4 0.00959758 0.00858586 0.0122806 0.936674 0.0101324 0.00838524 0.00517611 0.00916827
7 0.0224101 0.0181063 0.0180931 0.0163757 0.0411976 0.0100993 0.863394 0.0103244
1 0.926289 0.0155469 0.0132457 0.0120974 0.0124587 0.00803349 0.00734432 0.00498411
5 0.0193351 0.016607 0.014886 0.0153934 0.898022 0.00935545 0.0181503 0.00825108
6 0.0146409 0.0151501 0.0147449 0.019691 0.0092395 0.91474 0.00594694 0.00584673
7 0.0240973 0.021024 0.0181438 0.0179393 0.041428 0.0115191 0.857085 0.00876293
2 0.00856491 0.962737 0.00952424 0.00737221 0.00219528 0.00270068 0.00148521 0.00542012
2 0.00544943 0.980178 0.0054416 0.00259113 0.00131143 0.00144762 0.00135521 0.00222559
2 0.00292059 0.950875 0.0137384 0.0138995 0.00284428 0.00410713 0.00207312 0.00954186
2 0.0118262 0.951438 0.0140619 0.00619576 0.00360604 0.00377316 0.00303098 0.00606834
2 0.0135799 0.951547 0.0126616 0.00646337 0.00385156 0.00400933 0.0031363 0.00475073
2 0.00823598 0.94865 0.0145446 0.00780223 0.0037696 0.00434105 0.0030959 0.00956084
2 0.0108899 0.954828 0.0139552 0.00573138 0.00364981 0.00366579 0.00301549 0.00426407
2 0.0056417 0.96312 0.0107235 0.00592301 0.00367321 0.00369754 0.00297693 0.0042445
2 0.0101213 0.946081 0.0135933 0.0129627 0.00341606 0.00366971 0.00263717 0.00751903
2 0.00561861 0.94924 0.0122523 0.00894792 0.00365048 0.0119719 0.0030801 0.0052384
2 0.00525762 0.938349 0.012691 0.015209 0.00882739 0.00480002 0.00523568 0.0096302
2 0.0049404 0.942975 0.0140542 0.0130553 0.00365402 0.00423933 0.00853717 0.00854502
2 0.0082364 0.943821 0.0145146 0.0138622 0.00330598 0.00418907 0.00240663 0.0096642
2 0.00651633 0.948421 0.0139519 0.00826232 0.00397487 0.0108164 0.00320752 0.00484959
2 0.00609808 0.955448 0.0136541 0.008728 0.00386125 0.00416807 0.00317987 0.00486294
2 0.00407334 0.962743 0.0127209 0.00772011 0.00245724 0.00344823 0.0020596 0.00477789
2 0.00422675 0.970574 0.00772956 0.00481199 0.00221255 0.00259988 0.00428499 0.00356038
2 0.0058603 0.96381 0.0132034 0.00708647 0.00212164 0.00237799 0.00208508 0.00345545
2 0.00594946 0.951573 0.0144186 0.0103291 0.00535472 0.00408425 0.00295802 0.0053328
1 0.948636 0.0142448 0.0100978 0.00699916 0.0052308 0.00416308 0.00511402 0.00551404
2 0.00236355 0.974259 0.0125296 0.0043866 0.00154931 0.00150259 0.00161951 0.00178995
3 0.00274359 0.00881269 0.972789 0.00322485 0.00241059 0.00246654 0.0024231 0.00512974
4 0.00605535 0.00713214 0.0106008 0.951171 0.00716678 0.00669405 0.0043817 0.00679825
6 0.00744799 0.0147235 0.0122001 0.0271995 0.00545239 0.921903 0.00462858 0.00644509
7 0.0156429 0.0244286 0.0187266 0.0147647 0.0205934 0.00851417 0.886988 0.0103416
3 0.00320032 0.00137461 0.980032 0.00247501 0.00276928 0.00258801 0.00277153 0.00478889
6 0.00683172 0.00678331 0.00869457 0.00696941 0.00464617 0.957019 0.00415575 0.00490049
2 0.0079827 0.951616 0.0139178 0.00780672 0.00540533 0.00512049 0.00378954 0.00436165
3 0.00665855 0.01059 0.954193 0.00703806 0.00546765 0.00530523 0.00378626 0.00696111
6 0.0130985 0.0149152 0.0157908 0.0176204 0.00753924 0.920085 0.00530281 0.00564786
3 0.00283498 0.00761762 0.95038 0.0131045 0.00288788 0.00451516 0.00216778 0.0164923
3 0.005737 0.00473669 0.972791 0.00600551 0.00184986 0.00227449 0.00155471 0.0050506
3 0.0129408 0.0116685 0.931595 0.0109621 0.00379709 0.00574074 0.00369015 0.0196056
3 0.000955351 0.00319817 0.984975 0.00232353 0.00108488 0.00135424 0.000906253 0.00520242
3 0.00203643 0.00229737 0.987309 0.00186406 0.00110399 0.0011551 0.000993505 0.00324083
3 0.00702353 0.00668499 0.970482 0.00395374 0.00202593 0.00236463 0.00150483 0.00596016
3 0.00273085 0.00976146 0.951677 0.0135857 0.00195863 0.00427951 0.00224996 0.0137569
3 0.0052399 0.0101665 0.9601 0.0100422 0.00181824 0.00333633 0.00221051 0.00708677
3 0.00852387 0.0131575 0.937238 0.00908201 0.00411922 0.00530431 0.00311443 0.0194611
3 0.00820525 0.00942784 0.965152 0.00430133 0.00267192 0.00278651 0.00255903 0.00489605
3 0.0101204 0.0093934 0.956642 0.0058205 0.00387683 0.00415495 0.00310162 0.00689031
3 0.00852921 0.0103746 0.95741 0.00525488 0.00383254 0.00399056 0.00311161 0.00749698
3 0.00251613 0.004917 0.976862 0.00445464 0.00225076 0.00239502 0.00150354 0.00510063
3 0.00187193 0.00358054 0.981112 0.00309831 0.00226351 0.0021527 0.00186029 0.00406045
3 0.00485624 0.00704005 0.964367 0.00533662 0.0038568 0.00405577 0.00301876 0.00746833
3 0.00533044 0.0104736 0.95676 0.00999417 0.00301468 0.00469687 0.0024504 0.00727959
3 0.00823628 0.0104632 0.947282 0.0118746 0.00359961 0.00410581 0.0035457 0.0108927
3 0.00525997 0.009859 0.96056 0.00774589 0.00335111 0.00387335 0.0025704 0.00677978
3 0.00425461 0.0112751 0.943097 0.0124642 0.00381081 0.00462998 0.00848957 0.0119788
3 0.00414224 0.00692258 0.948987 0.0131229 0.0073756 0.00449367 0.00293603 0.0120196
3 0.00507444 0.010684 0.955632 0.00898357 0.00406186 0.00452824 0.00325966 0.00777603
3 0.00492837 0.0111613 0.953473 0.00829211 0.00386019 0.00748194 0.00313916 0.00766403
3 0.00347203 0.0103496 0.95743 0.00866448 0.00511382 0.00379586 0.0036301 0.00754378
3 0.00790155 0.0126853 0.939248 0.0111254 0.0041526 0.00565022 0.00786179 0.0113746
3 0.00279188 0.00527543 0.975289 0.00574906 0.00138333 0.00201014 0.00167841 0.00582266
3 0.0112879 0.00996195 0.949263 0.00863079 0.00452108 0.00552743 0.00341012 0.00739784
3 0.00559091 0.0110514 0.95345 0.00778952 0.00413014 0.00731768 0.00324051 0.00742969
1 0.951814 0.00723518 0.0135986 0.00742696 0.00525022 0.00419025 0.00510369 0.00538122
3 0.000897127 0.000460335 0.992883 0.000809825 0.000988788 0.000987979 0.00109522 0.0018782
6 0.00730461 0.00707527 0.0192632 0.0235329 0.00535378 0.926601 0.00458577 0.00628391
7 0.0153426 0.0135951 0.0246836 0.0147454 0.0209027 0.00848681 0.89212 0.0101236
1 0.966489 0.00401208 0.00377122 0.00499191 0.00635617 0.00476824 0.00551479 0.00409691
3 0.00494179 0.00196104 0.977198 0.00251532 0.00318998 0.00336561 0.00322306 0.00360555
6 0.00692595 0.005403 0.00892039 0.00643033 0.00465916 0.958657 0.0041621 0.00484222
7 0.0215405 0.0129283 0.017065 0.013249 0.0273919 0.00984537 0.890428 0.0075516
6 0.0137983 0.0141252 0.0156814 0.0180462 0.00781138 0.919479 0.00541228 0.00564583
4 0.0071666 0.00565558 0.00837608 0.924383 0.00241054 0.00850021 0.00584766 0.0376607
4 0.00359758 0.00833518 0.0111766 0.943504 0.00477069 0.00515084 0.00361806 0.0198473
4 0.00596999 0.00857142 0.0130685 0.941936 0.00756543 0.00767527 0.00453618 0.0106774
4 0.000835333 0.00150697 0.0030862 0.986189 0.0031412 0.00132941 0.000799612 0.00311189
4 0.00624235 0.00848312 0.0134239 0.941427 0.00962558 0.00755172 0.00436771 0.00887904
4 0.00545114 0.00673611 0.0103341 0.952687 0.00706837 0.00652725 0.00344194 0.00775381
4 0.00687234 0.00866957 0.0133187 0.9406 0.00830392 0.00804874 0.00429176 0.00989499
4 0.00513498 0.00653833 0.00986511 0.954719 0.00644871 0.00655873 0.00308064 0.00765482
4 0.00242689 0.00572993 0.0122229 0.949485 0.0193784 0.0031893 0.00186464 0.00570297
4 0.00176811 0.00441974 0.0122626 0.961141 0.00941298 0.00304282 0.00148616 0.00646649
4 0.0053416 0.00840165 0.0138769 0.941874 0.00583635 0.00577523 0.00403617 0.0148584
4 0.00413308 0.00624003 0.013944 0.944887 0.00687858 0.00618769 0.00377481 0.0139548
4 0.00342787 0.00415171 0.00731774 0.949841 0.00620633 0.0156511 0.00363824 0.00976582
4 0.00360164 0.0057921 0.0083489 0.957223 0.00637219 0.00554762 0.00390374 0.00921036
4 0.00242462 0.00437311 0.00507068 0.971866 0.00385908 0.00361905 0.00243212 0.00635502
4 0.00183477 0.00236179 0.00525486 0.976455 0.00375039 0.00295933 0.00195164 0.00543185
4 0.00197838 0.00253449 0.00430166 0.978797 0.00377152 0.00268975 0.00167629 0.00425127
4 0.00597001 0.00861846 0.0120539 0.930707 0.0224279 0.00666601 0.00449731 0.00905992
3 0.00408474 0.00323847 0.964475 0.0121245 0.00424324 0.00360153 0.00255969 0.00567324
5 0.00849696 0.00813033 0.0116797 0.0204031 0.928384 0.00567549 0.00766785 0.00956215
6 0.0059998 0.00665654 0.00915415 0.0282272 0.00551239 0.934224 0.00411328 0.00611248
1 0.955179 0.00469129 0.0071632 0.0110553 0.00871708 0.00473215 0.00468916 0.00377306
4 0.00879585 0.00681497 0.0120851 0.943345 0.00988458 0.00792369 0.0046524 0.00649837
1 0.927653 0.0141626 0.0141846 0.0124758 0.0126518 0.0082428 0.00584811 0.00478104
5 0.0193151 0.0156568 0.0163495 0.0168599 0.902353 0.00989595 0.0115502 0.00801982
6 0.0119048 0.0116851 0.0130439 0.0100598 0.00801466 0.935026 0.00483394 0.00543144
5 0.00443284 0.00656617 0.00645934 0.0071571 0.955204 0.00336442 0.00352299 0.0132932
5 0.00807145 0.00972032 0.0135512 0.0226947 0.898793 0.00657734 0.00454594 0.0360462
5 0.00254333 0.00320178 0.0047281 0.00838149 0.974211 0.00204658 0.00217841 0.00270902
5 0.00119864 0.0015062 0.00183088 0.00208371 0.989532 0.000953361 0.00142274 0.00147279
5 0.00786071 0.0101456 0.0118314 0.0174004 0.936792 0.00554625 0.00437613 0.00604795
5 0.011092 0.0137537 0.015974 0.0201753 0.920928 0.007356 0.00498319 0.0057377
5 0.00701643 0.00956875 0.0106432 0.0113995 0.946689 0.00496254 0.00524679 0.00447335
5 0.0130717 0.016115 0.0171362 0.0206702 0.90985 0.00863001 0.00565215 0.00887523
1 0.925261 0.012924 0.0162369 0.00993046 0.0126773 0.00587047 0.00537155 0.0117282
8 0.00379813 0.00463397 0.0046918 0.00609128 0.00683646 0.00430499 0.00308849 0.966555
3 0.00717331 0.0112448 0.950328 0.00748307 0.00664281 0.0051349 0.00397369 0.00801984
1 0.926484 0.0154244 0.0128906 0.0129288 0.0124101 0.00772712 0.00716471 0.00497005
2 0.0095061 0.94581 0.0148077 0.00911028 0.00658012 0.00543572 0.00427827 0.00447218
4 0.00932712 0.00882548 0.0113534 0.937954 0.010428 0.00851356 0.00531502 0.00828386
5 0.0188584 0.0169466 0.0145978 0.0167597 0.897669 0.0090843 0.0178475 0.00823688
6 0.0143771 0.0152075 0.0145942 0.0206106 0.0092458 0.91427 0.00586753 0.00582737
7 0.0237211 0.0214751 0.0180228 0.0192237 0.0407465 0.0113199 0.856701 0.00879025
6 0.00740019 0.00671074 0.00893682 0.021217 0.00353243 0.91882 0.00631718 0.0270659
6 0.0128775 0.0162075 0.014671 0.0155008 0.00552966 0.923661 0.00439696 0.00715557
6 0.0107923 0.0165297 0.0143791 0.0150567 0.00532998 0.926519 0.00434846 0.00704507
6 0.0103407 0.0157472 0.0155282 0.0235473 0.00572591 0.915888 0.00434998 0.00887247
6 0.0107485 0.0166187 0.0150977 0.0178913 0.00568316 0.923138 0.00451871 0.00630363
6 0.00787269 0.0101934 0.0122879 0.0176097 0.00605337 0.914846 0.00399056 0.0271468
6 0.0101496 0.00950679 0.0095938 0.0115525 0.00419468 0.940246 0.00324492 0.0115114
6 0.00664429 0.00982534 0.0102757 0.0135785 0.00475466 0.932669 0.00342577 0.0188267
6 0.00947288 0.0165701 0.0148898 0.0161352 0.00559536 0.926467 0.00445419 0.00641516
6 0.00840845 0.0163539 0.0141905 0.0150668 0.00537546 0.929898 0.00438694 0.00631983
6 0.00330709 0.00502377 0.00601794 0.0101698 0.00302349 0.960718 0.00234565 0.00939462
6 0.00721173 0.0101305 0.0103171 0.0141669 0.00421195 0.945555 0.0035895 0.00481717
6 0.00997924 0.0166341 0.0151625 0.0176931 0.00574566 0.924153 0.00454419 0.00608829
6 0.0098522 0.017012 0.0163566 0.0186336 0.006105 0.916797 0.00449369 0.0107496
6 0.00690237 0.0103565 0.0123981 0.0189238 0.00545493 0.915013 0.00398156 0.0269695
6 0.00983125 0.014056 0.0154054 0.0215653 0.00579731 0.922009 0.00427371 0.00706203
6 0.00890434 0.0125956 0.0145946 0.0260162 0.00562578 0.920896 0.00425489 0.00711227
1 0.925282 0.0133425 0.0158482 0.0106996 0.00753207 0.0110744 0.00541919 0.0108022
3 0.00739087 0.0124228 0.943285 0.00906362 0.00522413 0.00773412 0.00359173 0.0112878
4 0.00976702 0.00950131 0.0135985 0.92817 0.00904785 0.0124521 0.00478939 0.0126734
5 0.0139344 0.0136269 0.016966 0.0216973 0.890506 0.0160419 0.0100263 0.0172007
8 0.00335664 0.0038522 0.00411881 0.00640668 0.00260041 0.0116988 0.00297919 0.964987
2 0.0084908 0.947487 0.0145175 0.00892577 0.00556197 0.00581921 0.00407975 0.00511796
6 0.00849244 0.00812029 0.00928564 0.00933913 0.00629773 0.948112 0.00466146 0.00569098
7 0.0231688 0.022286 0.0204315 0.0201723 0.0366754 0.0143954 0.85246 0.0104111
4 0.00873492 0.00887838 0.0111439 0.939282 0.00922716 0.0091949 0.00521432 0.00832413
6 0.0131896 0.0154101 0.0143629 0.0221697 0.00793851 0.915331 0.00572999 0.00586823
