labels 5 0 4 6 1 2 3 7
6 0.00539209 0.00434059 0.015815 0.942273 0.0116524 0.00644687 0.00899144 0.00508821
6 0.00351944 0.00228094 0.010112 0.939882 0.0261349 0.00714123 0.00800637 0.00292294
1 0.0228677 0.0154558 0.0690296 0.218672 0.547873 0.0488676 0.0598374 0.0173968
1 0.0472259 0.0376274 0.143917 0.0635038 0.496141 0.0723115 0.100976 0.038297
1 0.00501236 0.00385298 0.0112373 0.00515792 0.948928 0.00646333 0.0094042 0.00994382
1 0.00218509 0.00111138 0.00793605 0.00551886 0.962013 0.00914017 0.00915836 0.00293715
1 0.0022389 0.00144102 0.00406972 0.00198209 0.974354 0.0059385 0.00752135 0.00245393
1 0.00265102 0.00179517 0.00750339 0.00246894 0.969782 0.00514044 0.00677911 0.00387993
1 0.0100493 0.00576316 0.0331363 0.0317958 0.83161 0.0392975 0.0413842 0.00696353
1 0.00203919 0.0019316 0.00307914 0.00182242 0.982538 0.00397841 0.00264277 0.00196822
1 0.0033992 0.00233995 0.00835391 0.00362814 0.963708 0.00923923 0.0066235 0.00270849
1 0.00231043 0.0019669 0.00388157 0.00202338 0.978123 0.00649602 0.00314874 0.00205017
1 0.00312028 0.0023395 0.00540696 0.00278213 0.969152 0.00694305 0.00762501 0.00263157
3 0.00220513 0.00202915 0.00359673 0.00164344 0.0020267 0.00383876 0.982968 0.00169187
3 0.000699892 0.00121962 0.000661185 0.000456364 0.00332459 0.00477241 0.987806 0.00105994
1 0.00647665 0.00428337 0.0166188 0.00694839 0.85278 0.0387652 0.0680971 0.00602999
3 0.00380017 0.00258822 0.00786431 0.00354411 0.0842109 0.00530026 0.885231 0.00746092
3 0.000834138 0.00123517 0.00102458 0.000615801 0.00622854 0.00362926 0.985059 0.00137305
3 0.00218197 0.00140081 0.00427383 0.00165071 0.00231986 0.00354539 0.983064 0.00156296
3 0.000364862 0.000347449 0.000858916 0.000246363 0.000254225 0.000442009 0.997194 0.000292378
3 0.00133111 0.000765243 0.00678734 0.00153775 0.00216329 0.00263445 0.977108 0.00767325
3 0.000509973 0.000561948 0.000789026 0.000346554 0.000383211 0.00111058 0.995805 0.000493745
1 0.00889362 0.00416809 0.0286655 0.0125461 0.668336 0.10521 0.166146 0.00603549
3 0.0503217 0.00673911 0.133811 0.0312048 0.202508 0.196298 0.367736 0.0113815
3 0.00755707 0.00328242 0.0526958 0.0387933 0.02988 0.0563284 0.806386 0.00507662
3 0.000640346 0.000748917 0.000838302 0.000489703 0.000367071 0.00139679 0.994784 0.000734744
5 0.935681 0.00192852 0.0231089 0.00416022 0.00701642 0.0111111 0.0144125 0.00258143
1 0.023064 0.0134924 0.0779544 0.138808 0.450617 0.122397 0.156824 0.0168427
3 0.00138296 0.00107748 0.00367779 0.00137604 0.0025007 0.00495013 0.983792 0.00124247
3 0.00186544 0.00175768 0.00486392 0.00190719 0.0170736 0.0114254 0.958771 0.00233596
3 0.0445359 0.0319387 0.130684 0.0582974 0.177394 0.165872 0.352047 0.0392308
3 0.000420323 0.000552755 0.000513969 0.000274553 0.000244026 0.000689889 0.996832 0.000472913
1 0.00702268 0.00403405 0.0318231 0.00809471 0.888291 0.026075 0.0293108 0.00534885
3 0.00294012 0.00212707 0.00897742 0.00306102 0.0217271 0.0126883 0.94553 0.00294944
3 0.00344224 0.00176055 0.0134591 0.0065307 0.00990273 0.0134866 0.948945 0.00247361
3 0.0111381 0.00346598 0.0462973 0.0165358 0.0317928 0.044074 0.84088 0.00581638
3 0.012078 0.00258091 0.0288984 0.0090261 0.0170913 0.0217495 0.90446 0.00411586
7 0.00315872 0.00174466 0.0135712 0.00391615 0.0054407 0.00533529 0.00814992 0.958683
7 0.00992919 0.00633482 0.101725 0.0118388 0.0195668 0.0114124 0.017281 0.821912
4 0.151435 0.00334965 0.762662 0.00746524 0.0123323 0.0118884 0.0163386 0.0345297
4 0.358631 0.00357998 0.597754 0.00657009 0.0109184 0.00891615 0.00997587 0.00365462
4 0.00333515 0.000739917 0.991225 0.000814689 0.000988899 0.000882115 0.0014537 0.000560931
5 0.939037 0.0050591 0.0240165 0.00567029 0.00906329 0.00554652 0.00674545 0.00486148
4 0.00596901 0.0040407 0.514184 0.430337 0.0127217 0.0117186 0.0172432 0.00378593
4 0.00864429 0.00148102 0.962191 0.00864732 0.00498667 0.00463314 0.00804837 0.00136831
4 0.000510588 0.000754982 0.996458 0.000507885 0.000473728 0.000351155 0.000646336 0.000297359
4 0.0207755 0.00284211 0.869153 0.00832508 0.0411176 0.0159341 0.0372083 0.00464427
4 0.00353353 0.00344689 0.972429 0.00411013 0.00695763 0.00284269 0.00503416 0.00164602
4 0.00216349 0.00179321 0.972201 0.00252699 0.00927879 0.00337421 0.0072991 0.00136298
4 0.00195235 0.00167937 0.980826 0.00276301 0.00371237 0.00249541 0.00543296 0.00113851
4 0.00614497 0.000902926 0.985486 0.00121296 0.00173199 0.0014723 0.00238379 0.0006647
4 0.00296358 0.0018201 0.971025 0.00380818 0.00503758 0.00493103 0.00950126 0.000913287
4 0.00231824 0.00232454 0.975511 0.00231024 0.003241 0.00161526 0.00359735 0.00908257
4 0.00130999 0.000792113 0.996122 0.0004317 0.000356655 0.000297667 0.000493027 0.000196575
5 0.980195 0.00274114 0.00307955 0.00256358 0.00404354 0.0022654 0.00268741 0.0024246
5 0.991512 0.000703305 0.00392596 0.000640645 0.000777556 0.00075066 0.000898299 0.00079186
5 0.996536 0.000638161 0.000630354 0.00039978 0.000464984 0.000338644 0.000405066 0.000586822
2 0.00100433 0.00140515 0.0014897 0.000879379 0.00611424 0.984875 0.00260653 0.00162566
3 0.0466743 0.0344844 0.134442 0.0609865 0.246937 0.136901 0.298588 0.0409863
2 0.00157424 0.00168729 0.00301388 0.0014674 0.00674234 0.978596 0.0050101 0.00190866
2 0.00199083 0.00183465 0.0036085 0.0019931 0.00743322 0.973902 0.00715652 0.00208162
2 0.00322722 0.00310017 0.0089517 0.00344287 0.00477227 0.968663 0.0042727 0.00357029
2 0.00234955 0.00215173 0.00532511 0.00232445 0.00828162 0.967145 0.0091874 0.00323501
2 0.00145266 0.00172829 0.00366041 0.00152388 0.00354503 0.974153 0.0120181 0.00191903
2 0.00508265 0.00357409 0.0195408 0.317783 0.00871498 0.627568 0.0131699 0.00456705
2 0.00245807 0.00213106 0.00639838 0.00291315 0.0109643 0.949364 0.00792038 0.0178506
2 0.00139952 0.00105662 0.00720616 0.00166369 0.00288851 0.978412 0.00323468 0.00413863
2 0.0016744 0.00162735 0.00465228 0.0021402 0.00235569 0.983763 0.00193527 0.00185211
2 0.00387007 0.00242597 0.0124466 0.00533224 0.0202136 0.917618 0.0346958 0.00339734
2 0.00151916 0.00182689 0.00328201 0.00163952 0.00355561 0.974088 0.0120568 0.0020319
2 0.00122206 0.00102435 0.00602438 0.00144418 0.00213149 0.984554 0.00241406 0.00118528
2 0.00232124 0.00166106 0.0114613 0.00309529 0.00439306 0.968732 0.00621268 0.0021235
2 0.002876 0.00223032 0.013024 0.00352655 0.0182666 0.942329 0.0147694 0.00297818
3 0.07746 0.0100664 0.100022 0.0250213 0.208815 0.187078 0.377809 0.0137279
2 0.00163477 0.0013008 0.00793043 0.00213637 0.00279703 0.979512 0.00306752 0.00162072
2 0.000798824 0.00084431 0.00289247 0.0009148 0.000951436 0.991232 0.00146287 0.000903753
