labels 1 2 3 4 5 6 7 8
1 0.953351 0.00943028 0.012801 0.00669856 0.00288286 0.0040575 0.00641378 0.00436534
1 0.941262 0.0107154 0.0145097 0.0122419 0.00403187 0.00673549 0.00704198 0.0034612
1 0.915252 0.00873041 0.0105257 0.0129866 0.00443614 0.00731926 0.0140064 0.0267431
1 0.947555 0.0110264 0.00852897 0.00861635 0.00449822 0.0087437 0.00445692 0.00657423
1 0.951022 0.0106473 0.00901228 0.00748077 0.00427606 0.00693574 0.00426504 0.00636122
1 0.963331 0.00684216 0.00663324 0.00545505 0.00357292 0.00491639 0.00364139 0.00560769
1 0.94875 0.0100026 0.0107286 0.00836904 0.00454998 0.00649953 0.00449716 0.00660319
1 0.962451 0.00957226 0.00574934 0.00485656 0.00333917 0.00517143 0.00344908 0.00541094
1 0.953342 0.00691317 0.00942864 0.00810962 0.00450663 0.00663226 0.00447107 0.00659644
1 0.946613 0.0112195 0.00919832 0.00967279 0.00466937 0.00739136 0.00455564 0.00667975
1 0.949116 0.0110238 0.00954477 0.0084542 0.00447401 0.00645875 0.00439769 0.00653042
1 0.961107 0.0076818 0.00713577 0.00608514 0.00370893 0.00480213 0.00373298 0.00574626
1 0.945352 0.0116659 0.0115099 0.00913164 0.00464367 0.00648015 0.00454883 0.00666773
1 0.961887 0.00975119 0.00598783 0.00534454 0.00345546 0.00459127 0.00351164 0.00547149
1 0.950819 0.00823924 0.00998984 0.00873668 0.00460367 0.00644981 0.00452252 0.006639
1 0.923989 0.0125911 0.0128945 0.0163431 0.00472586 0.0127942 0.00587595 0.0107867
1 0.939529 0.0119809 0.0137085 0.0112721 0.0040764 0.00807501 0.00509205 0.00626599
1 0.93928 0.0118471 0.0139796 0.0122116 0.00431421 0.00801993 0.00529667 0.00505085
1 0.921477 0.0132533 0.0111513 0.0132731 0.00403201 0.00590432 0.00753965 0.0233696
1 0.986935 0.00228541 0.00218858 0.00142898 0.00103882 0.000932014 0.00331233 0.00187923
1 0.939792 0.00594047 0.00657037 0.00412123 0.00199551 0.00270372 0.00981007 0.0290669
1 0.966173 0.00989835 0.0104392 0.00261709 0.00189856 0.00195591 0.0038261 0.00319144
1 0.978873 0.00538122 0.00462534 0.002336 0.00182686 0.00158672 0.00329629 0.00207469
1 0.993154 0.00135238 0.00147584 0.000423401 0.000722747 0.0004011 0.0019581 0.000512547
1 0.977729 0.00469486 0.00461448 0.00218715 0.00140307 0.00143993 0.0040992 0.00383204
1 0.979509 0.00585752 0.00621253 0.00144658 0.00163536 0.00140668 0.00279808 0.00113405
1 0.962928 0.0102491 0.0102589 0.00424211 0.00309598 0.00309677 0.00422099 0.00190767
1 0.978548 0.00507631 0.00584607 0.00230382 0.00214925 0.00191879 0.0031582 0.000999756
1 0.955107 0.010412 0.0122298 0.00683458 0.00320497 0.00400114 0.00491499 0.00329535
1 0.958558 0.00965434 0.0124814 0.00516672 0.0036136 0.0042201 0.00439693 0.00190874
2 0.0241042 0.919228 0.00860787 0.0141177 0.00356215 0.0055471 0.00574686 0.0190857
2 0.028711 0.955606 0.00257854 0.00332766 0.00169418 0.00169282 0.00245406 0.00393522
2 0.00766369 0.985127 0.00117912 0.00120117 0.000906406 0.000780707 0.00119805 0.00194412
2 0.000511303 0.995626 0.00126518 0.000625049 0.000645579 0.000425445 0.000356936 0.000544691
2 7.67743e-06 0.998558 0.000225926 0.000155847 0.000464266 0.000180981 0.000225318 0.000181893
2 4.9112e-06 0.998976 2.5839e-05 0.000109942 0.000359648 0.000145656 0.000204836 0.000172929
2 0.0280323 0.958886 0.00260966 0.00277131 0.00168192 0.00158709 0.00216088 0.00227112
2 0.00935412 0.983454 0.00104486 0.00128315 0.00112055 0.000942692 0.00136289 0.00143813
2 2.29005e-05 0.997231 0.000297983 0.000417675 0.000782243 0.000425234 0.000480823 0.000341681
2 1.8314e-05 0.997765 4.83778e-05 0.000335187 0.000660834 0.000367449 0.000456946 0.000347676
2 0.0285357 0.943237 0.00896727 0.00626419 0.00294486 0.003519 0.00341704 0.00311493
2 0.0156179 0.964313 0.00525124 0.00445393 0.00243662 0.00275668 0.00270741 0.0024629
2 0.000897869 0.985822 0.00239474 0.00331455 0.0022208 0.00226595 0.00175767 0.00132676
2 0.00095718 0.987409 0.00110485 0.00319392 0.00209387 0.00217453 0.0017118 0.00135443
2 0.00908602 0.954352 0.0097041 0.00771 0.00225342 0.00312212 0.00314015 0.0106324
2 0.00814448 0.982305 0.00208171 0.00163064 0.00110108 0.000960093 0.00137573 0.00240103
2 0.00595983 0.984445 0.00231426 0.00176731 0.00109364 0.00117191 0.00134396 0.00190412
2 0.0290756 0.936706 0.00960701 0.00642571 0.00243751 0.00314744 0.00529555 0.00730496
2 0.00587857 0.980172 0.00254424 0.00182671 0.00102841 0.00118647 0.00166795 0.00569529
2 0.00556233 0.964151 0.0162078 0.00284591 0.00141015 0.00179063 0.00216527 0.00586648
2 0.00898327 0.952779 0.0112098 0.0100056 0.00195456 0.00695193 0.00249846 0.00561713
2 0.0136007 0.934943 0.0194549 0.0084961 0.00353298 0.009712 0.00384152 0.00641836
2 0.000982303 0.98461 0.00336369 0.00245077 0.00127593 0.00525459 0.000771582 0.00129078
2 0.00139345 0.983811 0.00233952 0.00213281 0.00386057 0.00128884 0.00135985 0.00381358
2 0.00197262 0.982974 0.00189439 0.0019146 0.000861814 0.000978228 0.00742938 0.00197454
2 0.00185438 0.985824 0.0012261 0.00319921 0.00162965 0.00198775 0.00186751 0.00241164
2 0.00898267 0.94869 0.0175319 0.00863545 0.00360607 0.00505197 0.0033775 0.00412396
2 0.0100623 0.954191 0.0110681 0.0108131 0.00411979 0.00292974 0.0023639 0.00445197
2 0.00984848 0.946976 0.0139935 0.0108684 0.00418921 0.00350867 0.00316808 0.00744806
2 0.00986977 0.936484 0.0188547 0.0109184 0.00382488 0.0102123 0.00392623 0.00590952
2 0.0283686 0.962146 0.00150294 0.00153662 0.00115008 0.00106128 0.00212059 0.00211439
2 9.92526e-06 0.998391 4.47004e-05 0.000191126 0.000490405 0.00023837 0.000375811 0.000258568
2 0.0249245 0.965113 0.00163737 0.00181504 0.00140033 0.00131042 0.00206884 0.00173044
2 3.38953e-05 0.996678 9.23462e-05 0.000562105 0.000858762 0.000568462 0.000709748 0.000497002
2 0.0291703 0.943025 0.00882854 0.00602003 0.0029224 0.0036229 0.00347327 0.00293789
2 0.001165 0.983102 0.00171078 0.00456911 0.00254417 0.00296206 0.00221429 0.00173278
2 0.0118757 0.956382 0.0164963 0.00306 0.00165404 0.0021295 0.00304663 0.00535543
2 0.0232612 0.932304 0.014515 0.0110444 0.00231977 0.00769826 0.00340862 0.00544841
2 0.00068081 0.992793 0.000417587 0.00135401 0.00119161 0.00111123 0.0012187 0.00123337
2 0.0207384 0.928668 0.0202561 0.0111518 0.00419109 0.00652258 0.00384744 0.00462465
2 0.024034 0.934667 0.0146733 0.0113115 0.00429591 0.00349875 0.00317307 0.00434676
2 0.0210142 0.927759 0.019703 0.0117572 0.00434721 0.00423555 0.00423797 0.00694577
2 0.028717 0.938913 0.00902091 0.00698364 0.00339179 0.00565773 0.00327709 0.0040393
2 0.0288343 0.938401 0.0093428 0.00708274 0.00342849 0.00553075 0.00330891 0.00407138
2 0.00291957 0.963909 0.00914526 0.00781841 0.00348352 0.00532451 0.00334311 0.00405636
2 0.00412345 0.964293 0.00936427 0.00715072 0.00333753 0.00464028 0.00319138 0.00389973
3 0.0178558 0.00822195 0.913051 0.0131552 0.00467347 0.00570783 0.00580873 0.0315265
3 0.0158195 0.00839764 0.950197 0.00483964 0.00287319 0.00240863 0.00317287 0.0122911
3 0.00439907 0.00624286 0.977461 0.00178477 0.00162854 0.00108924 0.00142888 0.00596607
3 0.00036546 0.000446802 0.996185 0.00059169 0.000681147 0.000362978 0.000302349 0.00106413
3 1.41607e-05 8.07598e-06 0.998182 0.000176384 0.000557397 0.000163228 0.000189844 0.000708694
3 1.35178e-05 9.4544e-06 0.998339 0.000129903 0.00049204 0.000132329 0.000171109 0.000712909
3 0.0150122 0.00852353 0.955243 0.00417316 0.00298003 0.00239326 0.00276377 0.00891122
3 0.00525805 0.00733045 0.974992 0.00186611 0.00206099 0.00140529 0.00163515 0.00545209
3 5.51738e-05 3.34005e-05 0.996195 0.000466767 0.00102034 0.000405715 0.000414402 0.00140931
3 5.6494e-05 3.61828e-05 0.996436 0.000373757 0.000955046 0.000353363 0.000392 0.00139725
3 0.0160381 0.00929821 0.946046 0.00660937 0.00456271 0.0042957 0.0036469 0.00950296
3 0.00923696 0.00909101 0.959496 0.00469404 0.00392828 0.00337232 0.00284302 0.00733859
3 0.000890064 0.00106119 0.984171 0.00311216 0.00296689 0.00226874 0.00160512 0.00392489
3 0.00112879 0.00120344 0.9838 0.00310628 0.00300772 0.00225661 0.00160234 0.00389513
3 0.0077366 0.00613158 0.951208 0.00727417 0.00314695 0.00312702 0.00314665 0.0182294
3 0.00433766 0.00424293 0.976743 0.00226165 0.00196578 0.00127885 0.00169553 0.0074743
3 0.00566163 0.0107803 0.971005 0.0022985 0.00202009 0.00157949 0.00154932 0.00510553
3 0.0161741 0.00703351 0.947039 0.00567693 0.00336234 0.00308613 0.00512329 0.0125047
3 0.00793133 0.0141677 0.956339 0.00294143 0.00193064 0.00193167 0.00204037 0.012718
3 0.000552121 0.001288 0.992788 0.000774799 0.000878744 0.000586352 0.000541436 0.00259071
3 0.00788259 0.0134939 0.943702 0.0109303 0.00314465 0.00773998 0.00263259 0.0104743
3 0.00115167 0.0165971 0.964134 0.00229141 0.0015543 0.00754575 0.00103009 0.00569544
3 0.00534202 0.00632974 0.950172 0.0072946 0.00228965 0.00315756 0.00898713 0.0164273
3 0.000761751 0.00183515 0.989392 0.0013529 0.00153908 0.00107514 0.00090124 0.00314295
3 0.0159829 0.0183416 0.931558 0.010242 0.00554054 0.00649189 0.00372346 0.0081192
3 0.00877257 0.0138912 0.945976 0.0108798 0.00589719 0.0035099 0.00249905 0.00857434
3 0.00902311 0.0170637 0.935507 0.011554 0.00595417 0.00444055 0.00323964 0.0132181
3 0.0100189 0.0194456 0.929449 0.0111986 0.00532894 0.0104505 0.00400426 0.0101045
3 0.0149329 0.00849711 0.962305 0.00222398 0.00198704 0.00145305 0.00246141 0.00613938
3 0.000120668 0.000447363 0.996589 0.000376122 0.00075221 0.000323127 0.000404203 0.0009875
3 0.0129798 0.00840438 0.963579 0.00245896 0.00247728 0.00184242 0.00240043 0.00585727
3 0.000209191 0.000555461 0.993695 0.000844742 0.00138731 0.000730175 0.000750653 0.00182793
3 0.0159287 0.00905199 0.948661 0.0061513 0.00454998 0.00422994 0.00356987 0.00785684
3 0.00138001 0.0016024 0.979178 0.00444945 0.00365226 0.00305345 0.00209822 0.00458576
3 0.000596108 0.00192447 0.991169 0.000906729 0.0010941 0.00073944 0.000799302 0.00277052
3 0.0158941 0.0146121 0.93471 0.010721 0.00346209 0.00761964 0.00345542 0.00952571
3 0.000856476 0.00247082 0.987047 0.00167912 0.00185562 0.0013706 0.00121155 0.0035093
3 0.0167533 0.0175811 0.930941 0.010633 0.00560851 0.00654142 0.00376785 0.0081736
3 0.0163159 0.0144166 0.937902 0.0105708 0.00572001 0.00386025 0.00324713 0.00796685
3 0.0156887 0.0177481 0.92876 0.0114243 0.00579657 0.00486355 0.00422625 0.011493
3 0.00228325 0.00246109 0.962721 0.0146327 0.00676117 0.00232554 0.00149631 0.00731887
3 0.00241658 0.00294472 0.965604 0.0129317 0.00563005 0.00237886 0.00148294 0.00661101
3 0.00177877 0.00238851 0.97808 0.00839371 0.00315189 0.0023736 0.0010027 0.00283092
3 0.00152152 0.00241482 0.981279 0.00649788 0.00260323 0.00219963 0.000951782 0.00253235
4 0.017842 0.00599204 0.00806578 0.93015 0.00169376 0.00680083 0.00296017 0.0264956
4 0.0117641 0.00451753 0.00565165 0.941016 0.0180852 0.00579949 0.00484839 0.00831723
4 0.00840855 0.00389582 0.00582162 0.926049 0.0139305 0.00604124 0.00546105 0.0303919
4 0.0185212 0.00622241 0.010081 0.927204 0.00227348 0.00868272 0.00886095 0.0181538
4 0.0010679 0.000381662 0.000896233 0.994518 0.000201708 0.00116241 0.000431132 0.00134141
4 2.2399e-06 2.02467e-06 2.41964e-06 0.998803 0.00030077 0.000289238 0.000169278 0.000430623
4 0.00981595 0.00418361 0.00603721 0.940837 0.00125052 0.00525177 0.0178989 0.0147248
4 0.00188616 0.000681281 0.00133756 0.986508 0.000305934 0.00162697 0.00405916 0.00359465
4 0.000668715 0.000718169 0.00124088 0.994391 0.000267572 0.00123501 0.000678968 0.00079978
4 0.000269806 0.000245578 0.000430674 0.997517 0.000178182 0.000666811 0.000298025 0.000393436
4 0.000730546 0.000607929 0.000885973 0.988244 0.00347026 0.000979065 0.00326414 0.00181779
4 0.000264313 0.000203655 0.00033041 0.995279 0.00106607 0.000411989 0.00173067 0.000714291
4 0.000464361 0.000557945 0.000774904 0.993195 0.00260459 0.000767286 0.000872845 0.000762773
4 6.35656e-06 6.22309e-06 7.68924e-06 0.998346 0.000814356 0.000341021 0.000221809 0.000256325
4 0.0104008 0.00883491 0.00785813 0.945719 0.00179128 0.00676576 0.00635784 0.0122718
4 0.00152875 0.000862566 0.0119614 0.980806 0.000421631 0.00195845 0.000678156 0.00178309
4 0.00172325 0.00211633 0.00237532 0.977801 0.0121057 0.00159802 0.00101989 0.00126007
4 0.00127328 0.00165502 0.00223549 0.976534 0.00173793 0.0136364 0.00106298 0.00186529
4 0.00518169 0.00281677 0.00489707 0.95895 0.00103658 0.00499208 0.0161909 0.00593496
4 0.0135403 0.00529392 0.00907 0.949736 0.00572917 0.0055074 0.0083583 0.00276447
4 0.000538401 0.00399543 0.00093295 0.990636 0.001512 0.00080127 0.000959075 0.000624501
4 0.000841055 0.0010634 0.00543987 0.985612 0.00336325 0.00134707 0.0012417 0.00109147
4 0.00225431 0.00343794 0.012369 0.969593 0.00389744 0.00454038 0.00191572 0.00199205
4 0.00170339 0.00257122 0.0034611 0.986027 0.00132921 0.00281385 0.00120375 0.000890369
4 0.0122195 0.0043127 0.00762742 0.959842 0.00159372 0.00524302 0.00688784 0.00227353
4 0.000949446 0.000365079 0.000708573 0.995649 0.000670937 0.000563248 0.000406641 0.000686628
4 0.00107419 0.0004314 0.000874889 0.994237 0.000821387 0.00103808 0.000511313 0.00101181
4 0.0177746 0.00651363 0.0090445 0.944779 0.00181256 0.0055073 0.00398891 0.0105797
4 0.0005278 0.000407409 0.000993096 0.994919 0.000802606 0.000848802 0.000508125 0.000993637
4 0.000733397 0.000803344 0.00132772 0.992649 0.000394577 0.00234679 0.000935826 0.000808879
5 0.0132036 0.00915253 0.0070091 0.0410014 0.900603 0.00775117 0.00795322 0.0133255
5 0.00962641 0.0100121 0.00864485 0.00633657 0.932508 0.0084008 0.00864164 0.01583
5 0.0128086 0.00997469 0.00782183 0.0402625 0.903911 0.00808726 0.00605829 0.0110762
5 0.00174646 0.00169128 0.00136808 0.000258478 0.99014 0.0016489 0.00144125 0.0017053
5 0.00371616 0.00435972 0.00358752 0.000712714 0.976995 0.00371234 0.00280588 0.00411041
5 0.0104422 0.0112169 0.00894771 0.00198305 0.94687 0.00884705 0.00595679 0.00573633
5 0.00329921 0.00377547 0.00298193 0.000298448 0.982258 0.00332181 0.00225173 0.00181298
5 0.00886519 0.0116041 0.00938203 0.00248235 0.948685 0.00898226 0.00491563 0.00508367
6 0.0162035 0.00772086 0.00873154 0.0107583 0.00449081 0.919764 0.00616576 0.0261652
6 0.00980578 0.00585956 0.0072112 0.00693101 0.00352966 0.931208 0.00493309 0.0305221
6 0.0165401 0.0117797 0.00957419 0.00761143 0.00414083 0.937643 0.00407053 0.00864005
6 0.000999032 0.00120092 0.00153773 0.000977211 0.00114034 0.99209 0.000722027 0.00133295
6 0.00501376 0.00604721 0.00566099 0.00382802 0.00272437 0.972565 0.00192528 0.00223541
6 0.00738697 0.00733096 0.00799383 0.00659704 0.00330339 0.949483 0.00372121 0.0141832
6 0.012375 0.0174347 0.0151552 0.00981173 0.00500269 0.928235 0.00421252 0.00777262
6 0.00153112 0.00237201 0.00277484 0.00179056 0.00157454 0.987316 0.00106029 0.00158016
6 0.0103738 0.0164867 0.0154278 0.0107744 0.00508415 0.930977 0.0041724 0.00670376
6 0.00594205 0.0043915 0.00589904 0.00644553 0.00326254 0.937527 0.00509471 0.0314377
6 0.0069834 0.00373024 0.00441091 0.00433917 0.00265534 0.963989 0.00312952 0.0107629
6 0.000587281 0.000808538 0.00113855 0.000695855 0.00093068 0.994218 0.000584477 0.00103639
6 0.000996883 0.00106578 0.00133378 0.000895575 0.001096 0.993043 0.00064818 0.000921277
6 0.00407207 0.00365115 0.00470849 0.00462634 0.00262508 0.958758 0.00359685 0.0179619
6 0.0069955 0.00937596 0.0102641 0.00722059 0.00361737 0.952602 0.00337132 0.00655289
6 0.00056134 0.000841386 0.0011027 0.000704144 0.000906626 0.994389 0.000559808 0.000934734
6 0.00357503 0.00625007 0.00706071 0.00471593 0.00289221 0.97068 0.00215784 0.00266835
6 0.0100639 0.00818175 0.0102043 0.00982841 0.00429826 0.937234 0.00511477 0.0150748
6 0.00224458 0.00306568 0.00400455 0.00267819 0.00201128 0.982607 0.00132474 0.00206405
6 0.0109084 0.0127692 0.0145619 0.0126298 0.00475956 0.928506 0.00487994 0.0109848
6 0.00459441 0.00727023 0.00849883 0.00607985 0.00319858 0.965097 0.00232339 0.00293748
7 0.0313153 0.0115488 0.0151457 0.0295001 0.00664199 0.0118875 0.855301 0.0386592
7 0.00261048 0.00215129 0.0034672 0.00977748 0.00163552 0.00229105 0.975277 0.00279036
7 0.0312299 0.00936582 0.0123641 0.0108255 0.00568612 0.00862336 0.910379 0.0115263
7 0.0283569 0.0137819 0.017331 0.033601 0.0174836 0.0132403 0.849476 0.0267295
7 0.0329436 0.0113777 0.0145553 0.0162111 0.0123854 0.0101014 0.890861 0.011565
7 0.0313313 0.0128704 0.0168421 0.0318717 0.00417643 0.0126457 0.855799 0.0344636
7 0.0284133 0.00549011 0.00847248 0.00705237 0.00427324 0.00662028 0.904424 0.0352537
7 0.023421 0.00485109 0.00727083 0.0263978 0.00411256 0.0056841 0.905852 0.0224105
7 0.0219929 0.00850375 0.0138803 0.0255259 0.00575599 0.00944896 0.869593 0.0452992
7 0.00334882 0.00202715 0.00346786 0.0136188 0.00193506 0.00228851 0.969778 0.00353554
7 0.00789044 0.00560503 0.00895569 0.0280875 0.00440394 0.005447 0.933544 0.0060665
8 0.028702 0.0105748 0.020475 0.0227639 0.00851141 0.0100879 0.0145177 0.884367
8 0.0266277 0.00966732 0.0195912 0.0242049 0.007969 0.0110516 0.0187714 0.882117
1 0.952112 0.0107353 0.00769676 0.00348113 0.00321254 0.00239369 0.00425898 0.0161094
1 0.982115 0.00488695 0.00366783 0.00148121 0.00185715 0.00132388 0.00269441 0.00197364
1 0.966344 0.00892294 0.00648335 0.00483423 0.00346216 0.00371437 0.00408263 0.0021559
1 0.934287 0.012828 0.00835013 0.00703406 0.00461801 0.00532206 0.00542371 0.0221375
1 0.946231 0.00845121 0.005474 0.00427903 0.00295521 0.00361318 0.00556013 0.023436
1 0.970149 0.00532795 0.00382901 0.00370113 0.00233707 0.00291888 0.00443785 0.00729891
1 0.990703 0.00195156 0.00145926 0.000562019 0.000924698 0.000519314 0.00187955 0.00200061
1 0.994123 0.00133857 0.00100316 0.000313987 0.000738242 0.00040318 0.00149869 0.000581484
1 0.981679 0.00391814 0.00302506 0.00266571 0.00228177 0.00231277 0.00291823 0.00119927
1 0.983081 0.00301994 0.00208038 0.00158099 0.00162618 0.00146455 0.00262634 0.00452079
1 0.939379 0.0126104 0.0109761 0.0119286 0.00456225 0.00716822 0.00634412 0.00703089
1 0.974353 0.00818856 0.00635296 0.00146925 0.00175261 0.00133273 0.00278812 0.00376312
1 0.982908 0.00504222 0.00383572 0.0013466 0.00163719 0.00135627 0.00243562 0.00143843
1 0.96326 0.00912013 0.00657604 0.00587809 0.00374425 0.00469638 0.00427482 0.00244994
1 0.96295 0.00963117 0.00704526 0.00362374 0.00281393 0.00313912 0.00391922 0.00687755
1 0.97496 0.00554746 0.00431227 0.00305309 0.0023586 0.00265035 0.00337546 0.00374277
1 0.945801 0.0117624 0.010899 0.00986487 0.00442489 0.00652064 0.00523333 0.00549379
1 0.990586 0.00151111 0.00120603 0.000630135 0.00120648 0.000611466 0.00221006 0.00203864
2 0.0245726 0.948661 0.00758116 0.0031554 0.00237843 0.00197008 0.00244176 0.00924008
3 0.0179463 0.014739 0.938853 0.00366929 0.00342519 0.00246185 0.00290219 0.0160037
4 0.00834411 0.00501563 0.00422932 0.972477 0.00151463 0.00231008 0.0010703 0.00503904
5 0.0219247 0.0145679 0.00824364 0.0339996 0.893266 0.00568127 0.0102457 0.0120712
6 0.00600092 0.00635635 0.00421861 0.0022469 0.00238562 0.973611 0.00164012 0.00354006
7 0.0316884 0.0185558 0.0161879 0.0193069 0.0223813 0.00935492 0.863145 0.0193797
8 0.0291967 0.0109453 0.0184435 0.0100591 0.00818284 0.00528666 0.0103948 0.907491
1 0.980084 0.00330014 0.0025481 0.00198736 0.0028333 0.00177982 0.00404379 0.00342312
2 0.0180231 0.951253 0.0113129 0.00392582 0.00340345 0.00277077 0.00342669 0.0058841
3 0.0125536 0.0096596 0.951992 0.00427217 0.00459248 0.00323622 0.00356302 0.0101313
4 0.0102083 0.00530613 0.00593026 0.963218 0.0034958 0.00384181 0.00237372 0.00562633
5 0.0169873 0.0105047 0.00772389 0.0248669 0.913629 0.00599999 0.0133106 0.00697803
6 0.00783966 0.00677934 0.00596448 0.00390042 0.00390915 0.964446 0.00292556 0.00423553
7 0.0203699 0.01249 0.0123058 0.0158403 0.0225652 0.00833153 0.897615 0.010482
1 0.930406 0.013581 0.0109325 0.011616 0.00904828 0.00781388 0.00925516 0.00734678
2 0.0181234 0.928994 0.0196988 0.00988907 0.00630098 0.00598996 0.00574503 0.00525884
3 0.0137991 0.0194729 0.928386 0.00974974 0.00780904 0.00628904 0.00561073 0.00888401
4 0.01734 0.0107023 0.0133441 0.924415 0.00960082 0.00918013 0.00723643 0.00818087
5 0.025424 0.0189657 0.0157377 0.033691 0.864026 0.0118894 0.0226973 0.00756894
6 0.0161093 0.0144011 0.014384 0.01181 0.00878155 0.920229 0.00673174 0.0075538
7 0.0273741 0.0207472 0.0217172 0.0255829 0.0333862 0.014212 0.846528 0.0104526
2 0.00115203 0.974127 0.00722745 0.00583069 0.00109277 0.00197444 0.000989892 0.00760531
2 0.0112046 0.949975 0.0171036 0.00805462 0.00162786 0.00255402 0.00148244 0.00799814
2 0.00104537 0.985034 0.00444075 0.00167193 0.000771446 0.00121384 0.000892978 0.00492928
2 0.00725035 0.965354 0.0151247 0.0026654 0.00115544 0.0017897 0.0013091 0.00535112
2 0.00157101 0.969052 0.0110607 0.00781533 0.000902966 0.00187687 0.00127999 0.00644154
2 0.00965205 0.956717 0.0130866 0.00829488 0.00130457 0.00258231 0.00177505 0.00658753
2 0.0265202 0.932562 0.0184232 0.00521958 0.00308956 0.00284998 0.00348275 0.00785236
2 0.0209826 0.958164 0.0100385 0.00293373 0.00200462 0.00189054 0.00215343 0.00183253
2 0.0265398 0.939004 0.0177 0.00563027 0.00292467 0.00334715 0.00298028 0.00187389
2 0.00116572 0.992583 0.00210462 0.000712578 0.00100547 0.000605864 0.000742405 0.00108014
2 0.000788618 0.993994 0.00136983 0.000783721 0.00101331 0.000707274 0.000799026 0.000543908
2 0.00202805 0.983589 0.00447434 0.00292804 0.0020754 0.0020669 0.00181538 0.00102298
2 0.0244856 0.935885 0.0191342 0.00476567 0.00270943 0.00268405 0.00321175 0.0071242
2 0.0195826 0.958992 0.0104198 0.00291677 0.00197945 0.00192311 0.0022218 0.00196416
2 0.0252027 0.938581 0.018477 0.0058458 0.00309397 0.00350932 0.00320455 0.00208522
2 0.00109708 0.992902 0.00178314 0.000754883 0.000913231 0.000632358 0.000774126 0.00114281
2 0.000767166 0.993823 0.00122425 0.000866667 0.00102391 0.000768087 0.000891199 0.000636097
2 0.00204381 0.982708 0.0043617 0.00322145 0.00221462 0.00223453 0.00202536 0.00119076
2 0.00223248 0.983359 0.00574507 0.00170501 0.00106873 0.000924926 0.00114699 0.00381773
2 0.00182268 0.987863 0.00367953 0.00178308 0.00114188 0.00108026 0.00117674 0.00145309
2 0.00506633 0.968098 0.0104767 0.00606118 0.00251659 0.00320031 0.00250216 0.00207877
2 0.0112736 0.949135 0.0171362 0.00861654 0.00165917 0.00255212 0.00152167 0.0081061
2 0.00752366 0.959219 0.0166069 0.00549733 0.00130948 0.00231904 0.0014249 0.00610006
2 0.00184418 0.960857 0.0164427 0.00791982 0.00148352 0.00247602 0.00138623 0.00759067
2 0.00552369 0.955741 0.0166014 0.0079198 0.0022564 0.00392489 0.00258052 0.00545245
2 0.00200437 0.952947 0.0167374 0.00825029 0.00590899 0.00249653 0.00420846 0.0074473
2 0.00201857 0.957131 0.0165676 0.00806414 0.00154487 0.00255605 0.004405 0.0077132
2 0.0110262 0.949936 0.0170831 0.0085028 0.00137453 0.00274535 0.00176804 0.00756405
2 0.011646 0.943765 0.0170288 0.00901255 0.00407555 0.00607647 0.00385956 0.0045364
2 0.00264384 0.956392 0.0165929 0.00807634 0.00523975 0.00259379 0.00167643 0.00678473
2 0.00216869 0.958002 0.0165547 0.00790027 0.00479429 0.00243941 0.00155866 0.00658158
2 0.0100762 0.947339 0.0169871 0.00849091 0.00397602 0.00396111 0.00362971 0.00553976
2 0.00747598 0.968214 0.0115644 0.00304978 0.00117853 0.00179402 0.00134115 0.005382
2 0.00549682 0.955139 0.0165222 0.00805115 0.00221476 0.0038487 0.00281453 0.00591289
2 0.00170539 0.969739 0.0162273 0.00297764 0.00108733 0.00170984 0.00127299 0.0052807
2 0.00581459 0.957847 0.0152763 0.00730267 0.00225673 0.00398158 0.00263692 0.00488425
2 0.00181657 0.970806 0.0114701 0.0028464 0.00314214 0.00178716 0.00306405 0.00506801
2 0.00184222 0.972568 0.0114072 0.00272908 0.00113763 0.00180663 0.00322106 0.0052884
2 0.00795965 0.959289 0.0165267 0.00568248 0.00113597 0.00219184 0.00167816 0.00553588
2 0.011667 0.943668 0.0170634 0.00902138 0.00408143 0.0060915 0.00386353 0.00454412
2 0.00261089 0.967406 0.0144748 0.00338159 0.00327388 0.00210173 0.00162446 0.00512697
2 0.00225405 0.966025 0.013944 0.00605608 0.00309974 0.00200682 0.00154864 0.00506583
2 0.0103379 0.946201 0.0170224 0.00859403 0.0040232 0.00480911 0.00369949 0.0053133
1 0.946131 0.0105982 0.0129671 0.0061587 0.00644195 0.00469072 0.0048139 0.00819808
2 0.00483498 0.98223 0.00176618 0.00145241 0.00229552 0.00190869 0.00208787 0.00342412
3 0.00515497 0.01674 0.954677 0.00221625 0.00447771 0.0032284 0.00299873 0.0105073
4 0.00754891 0.00983523 0.012871 0.943993 0.00588833 0.00538613 0.004968 0.0095094
5 0.0113119 0.0271467 0.0166277 0.0135735 0.904447 0.00704813 0.0116575 0.00818778
6 0.0073201 0.0173104 0.0152887 0.00506738 0.00635482 0.936791 0.00407221 0.00779516
7 0.0136282 0.0281012 0.0306988 0.0118877 0.0245951 0.00885779 0.871539 0.0106917
8 0.00750587 0.0176819 0.0250439 0.00739839 0.00931425 0.00397847 0.00790065 0.921177
1 0.97594 0.00178976 0.00387247 0.00134434 0.00629749 0.00356712 0.00420019 0.00298859
2 0.0147076 0.952191 0.0115448 0.00261862 0.00678779 0.00413433 0.0044709 0.00354495
3 0.00954894 0.0028759 0.959944 0.00237666 0.00868758 0.00461013 0.00435794 0.00759859
4 0.0124735 0.00619824 0.00973368 0.943333 0.00888604 0.0070612 0.00582163 0.00649308
5 0.0115119 0.00557481 0.00760079 0.00398435 0.949309 0.0055369 0.0125956 0.00388619
6 0.00779481 0.0060844 0.00867343 0.00178859 0.00651618 0.961474 0.00364302 0.00402528
7 0.0121403 0.00677264 0.0102014 0.00488405 0.0207424 0.00642823 0.933285 0.00554602
1 0.954115 0.00531443 0.0113055 0.0038817 0.00941435 0.00647125 0.00596643 0.00353137
2 0.0153512 0.937364 0.0179396 0.00706039 0.00726737 0.00592491 0.00503357 0.0040587
3 0.00983433 0.00378172 0.955499 0.00451931 0.00867595 0.00575937 0.00455103 0.00737926
4 0.0130112 0.00831534 0.013625 0.934442 0.00936381 0.00814047 0.00622918 0.00687285
5 0.0208598 0.0150513 0.0199003 0.0127429 0.895597 0.0106758 0.0194513 0.00572178
6 0.0129334 0.0121215 0.0169392 0.00483155 0.00918601 0.933346 0.00523882 0.00540333
7 0.0228516 0.0181393 0.0273536 0.0141182 0.0337707 0.0127567 0.862916 0.00809363
3 0.00104447 0.0128862 0.955975 0.0113454 0.00176338 0.0026179 0.00107498 0.0132926
3 0.00600363 0.00622577 0.953885 0.0150176 0.00207013 0.0027825 0.0013705 0.0126448
3 0.00667308 0.0132483 0.951904 0.00738758 0.00399249 0.00385366 0.00317238 0.00976822
3 0.00089004 0.0163741 0.967985 0.00224102 0.00111329 0.00143775 0.000873946 0.00908441
3 0.00339377 0.00410264 0.976958 0.00235915 0.00133801 0.00175834 0.00113504 0.00895538
3 0.00555633 0.0099885 0.967377 0.00355132 0.00290533 0.002516 0.0016522 0.00645293
3 0.00126242 0.0116033 0.955064 0.0160044 0.00133221 0.00232556 0.00125744 0.0111505
3 0.00504254 0.00962001 0.953203 0.0156692 0.00152881 0.00271496 0.00157111 0.0106507
3 0.00848563 0.0161983 0.940486 0.00982772 0.00421587 0.00430858 0.00329125 0.0131871
3 0.00873462 0.0173175 0.942769 0.00663409 0.00535496 0.00383311 0.00346525 0.0118916
3 0.00632112 0.0139739 0.959499 0.00420601 0.00378091 0.00287269 0.00263732 0.00670885
3 0.00826474 0.0171328 0.948371 0.00674611 0.00498219 0.00433731 0.00325057 0.0069153
3 0.00178634 0.00318753 0.981307 0.00269801 0.00267811 0.00171366 0.00152682 0.00510242
3 0.00128223 0.00333357 0.983129 0.00240583 0.00251438 0.00173885 0.00158872 0.00400786
3 0.0023873 0.00638117 0.970076 0.00534584 0.00420327 0.00346644 0.00259241 0.00554756
3 0.00792175 0.0169788 0.949324 0.00528124 0.00431682 0.00325787 0.00265252 0.0102672
3 0.00613266 0.014138 0.960793 0.00386854 0.00348687 0.00272675 0.0023365 0.00651755
3 0.00836575 0.0171901 0.947493 0.00694973 0.00503652 0.00448581 0.00327459 0.00720439
3 0.00169165 0.00291965 0.983205 0.00232583 0.00224541 0.00156363 0.00126763 0.00478113
3 0.00132236 0.00330713 0.98333 0.00234588 0.00237404 0.00173075 0.00148537 0.0041049
3 0.00257764 0.00656579 0.968579 0.00570718 0.00429347 0.00368597 0.00267611 0.00591503
3 0.00268549 0.00397574 0.976238 0.0038541 0.00267 0.0020381 0.00167353 0.00686519
3 0.002365 0.0052133 0.976953 0.00344171 0.00281146 0.00219138 0.00184389 0.00518047
3 0.00447619 0.011294 0.956958 0.00784454 0.00496647 0.00457511 0.00315558 0.00673057
3 0.00608893 0.014285 0.943951 0.0166576 0.00211184 0.00281163 0.001394 0.0127002
3 0.00605328 0.0179521 0.947104 0.00994736 0.00232031 0.00321927 0.0017554 0.0116484
3 0.00107737 0.0138166 0.952744 0.0160346 0.00154228 0.00227325 0.00106005 0.0114516
3 0.0032907 0.0154771 0.94618 0.0158671 0.00304809 0.0043489 0.00245355 0.00933483
3 0.00160906 0.0142688 0.939848 0.0170727 0.00795812 0.00295551 0.00392069 0.0123674
3 0.00157129 0.0144046 0.945323 0.0165177 0.00216567 0.00300955 0.00407884 0.0129291
3 0.00599606 0.00601624 0.955586 0.0139476 0.00168948 0.003038 0.00161709 0.0121099
3 0.00716411 0.0179821 0.94235 0.00875989 0.00554315 0.00635991 0.00367879 0.00816182
3 0.00192677 0.0161869 0.942299 0.0160892 0.00757093 0.00298055 0.00164496 0.0113022
3 0.00165618 0.0112379 0.947928 0.016281 0.00727401 0.0029666 0.00155496 0.0111013
3 0.00553092 0.017973 0.946559 0.00771765 0.00526659 0.00451167 0.00330039 0.00914104
3 0.00349644 0.0166866 0.962942 0.0036025 0.00135999 0.00178628 0.00115086 0.00897531
3 0.00318941 0.0177277 0.9506 0.00947621 0.00243187 0.00406208 0.00235441 0.010158
3 0.00077716 0.0107807 0.97529 0.0028225 0.00087619 0.00118588 0.000782659 0.00748446
3 0.00328965 0.0172309 0.948516 0.0132946 0.00286294 0.00397189 0.00241387 0.00841971
3 0.00130753 0.0166912 0.961418 0.0037503 0.00356622 0.00189308 0.00255308 0.00882035
3 0.00132135 0.0166342 0.963208 0.00351186 0.00142243 0.00192337 0.00270247 0.00927617
3 0.00840938 0.0187143 0.933035 0.0113785 0.00515327 0.00534375 0.00644094 0.0115247
3 0.00384813 0.00586645 0.966647 0.00963216 0.00128839 0.00217494 0.00143607 0.00910659
3 0.00719782 0.0179803 0.942298 0.00875973 0.00556107 0.00633197 0.00369299 0.00817762
3 0.00169191 0.0168737 0.961025 0.0041052 0.00390751 0.00218286 0.00143919 0.00877491
3 0.00154791 0.0132102 0.955104 0.0141168 0.00379227 0.00217243 0.00138835 0.00866851
3 0.0057744 0.0183288 0.944517 0.00874727 0.00531761 0.00504209 0.00338329 0.00888986
1 0.95379 0.00442702 0.0136549 0.00691365 0.00566725 0.00416857 0.004117 0.00726149
2 0.00442145 0.967528 0.0161316 0.00230515 0.0023795 0.00192253 0.00201861 0.0032928
3 0.00179529 0.000609547 0.987977 0.000679079 0.00173219 0.00126992 0.00130117 0.0046359
4 0.00296043 0.00117345 0.00310885 0.982282 0.00234951 0.00207515 0.00240096 0.00364934
5 0.00730972 0.00913541 0.0153586 0.0150232 0.934517 0.00477451 0.00821287 0.00566918
6 0.00548859 0.00640779 0.016 0.00729232 0.00523799 0.949599 0.00337566 0.00659871
7 0.00977896 0.011503 0.0317059 0.0127557 0.02087 0.00722026 0.897387 0.00877874
8 0.00453962 0.00568916 0.0493642 0.0082173 0.00711291 0.00279048 0.00582333 0.916463
1 0.980903 0.00131022 0.00254264 0.000860997 0.00542569 0.00288416 0.00360261 0.00247112
2 0.0121487 0.966015 0.00449174 0.00159213 0.00566997 0.00346121 0.00381758 0.00280413
3 0.00573377 0.00136901 0.977717 0.000925443 0.00519204 0.00242836 0.0026156 0.00401894
4 0.00969356 0.00335557 0.00600958 0.961898 0.00643812 0.0049386 0.00418734 0.00347966
5 0.00821901 0.00335106 0.00529514 0.0020264 0.96403 0.00392398 0.0102182 0.00293627
6 0.00638131 0.00389362 0.00711828 0.00174738 0.00570096 0.968534 0.00314979 0.00347512
7 0.00847704 0.00404096 0.00711729 0.00277674 0.0157244 0.00478614 0.952628 0.00444929
1 0.965459 0.00398258 0.00637755 0.00206059 0.00857244 0.00541761 0.00520164 0.00292847
2 0.0129774 0.962362 0.00368166 0.0026544 0.00614036 0.00479252 0.00425327 0.00313793
3 0.00800131 0.00356646 0.966192 0.00200419 0.00749167 0.00412784 0.00356739 0.00504959
4 0.0122199 0.00733533 0.0113311 0.942612 0.00880935 0.00733053 0.0055543 0.00480706
5 0.0156802 0.010426 0.0119709 0.00505791 0.928247 0.00812999 0.0159736 0.00451405
6 0.011064 0.00941461 0.0124626 0.00377675 0.00855416 0.945393 0.00458386 0.00475107
7 0.0174276 0.0127282 0.0168903 0.00719597 0.0271382 0.00996678 0.901854 0.00679923
4 0.00167729 0.00357043 0.013425 0.958872 0.00312225 0.00435114 0.00195557 0.0130261
4 0.00058488 0.000852239 0.00137468 0.98803 0.00101345 0.00113359 0.00104054 0.00597105
4 0.00562281 0.00506702 0.0144959 0.945033 0.00569252 0.00785118 0.00415765 0.0120798
4 0.00298822 0.00215089 0.00423578 0.9735 0.00288588 0.00369847 0.0029035 0.00763766
4 0.00178526 0.00250806 0.0131866 0.965529 0.00298453 0.00388429 0.00127993 0.00884259
4 0.000833489 0.000852167 0.0022209 0.98751 0.00122235 0.00144223 0.000843263 0.00507607
4 0.00548078 0.00495668 0.0144428 0.948537 0.00631626 0.00736736 0.00325171 0.00964744
4 0.00361975 0.00275955 0.00601902 0.969629 0.00381247 0.00444501 0.00262215 0.00709303
4 0.00193708 0.00493658 0.0143017 0.952367 0.0102576 0.00419232 0.001655 0.0103526
4 0.00339792 0.00239079 0.00634691 0.972223 0.00209411 0.00482602 0.00219722 0.00652394
4 0.00706262 0.00514586 0.0148956 0.945651 0.00605827 0.00785361 0.0048156 0.00851713
4 0.00453255 0.002765 0.0131107 0.959843 0.0020725 0.00511569 0.00200852 0.0105522
4 0.00247062 0.00445689 0.0133647 0.955519 0.00389477 0.00554048 0.00251304 0.0122407
4 0.00251147 0.00470586 0.0133641 0.954687 0.00397382 0.00570616 0.00253481 0.0125168
4 0.00462119 0.0044187 0.0115853 0.941817 0.0183105 0.00573348 0.00536294 0.00815057
4 0.00411015 0.00325036 0.00684892 0.950555 0.00460988 0.0176292 0.00358328 0.00941291
4 0.00273814 0.0049359 0.013859 0.950131 0.00388236 0.0063073 0.00549407 0.0126522
4 0.0149919 0.00431639 0.0145638 0.943567 0.00414718 0.00517288 0.00298082 0.0102599
4 0.00574023 0.00690638 0.0134375 0.948507 0.00518646 0.00641819 0.00419996 0.00960455
4 0.00577725 0.00401152 0.0134668 0.951444 0.00512553 0.00640023 0.00419758 0.00957702
4 0.0050993 0.00442608 0.0149094 0.94566 0.00453199 0.0135801 0.00401039 0.0077823
4 0.00178526 0.000963168 0.00233307 0.985068 0.000909906 0.00182526 0.00128395 0.00583113
4 0.000954562 0.00107443 0.00187955 0.985372 0.00140441 0.00164937 0.00143994 0.00622527
4 0.000971924 0.00117933 0.00175044 0.985177 0.00143083 0.00170424 0.00145071 0.00633508
4 0.000953432 0.000703751 0.00125061 0.989614 0.00104486 0.00133285 0.00107639 0.00402407
4 0.0031306 0.00275936 0.00564987 0.96421 0.0103938 0.00363504 0.00407094 0.00615092
4 0.00224723 0.00146761 0.00233102 0.975182 0.00238897 0.00760371 0.00256828 0.00621158
4 0.00107774 0.00127071 0.00193006 0.983161 0.00142459 0.00190948 0.00287419 0.00635263
4 0.00507572 0.00143899 0.00313372 0.979257 0.00169649 0.00184377 0.00185878 0.00569554
4 0.00410325 0.0040661 0.00655715 0.966531 0.00351665 0.00427276 0.00349528 0.00745803
4 0.00408486 0.00249408 0.00631025 0.968483 0.00345749 0.00424834 0.00348939 0.00743266
4 0.00486602 0.00369047 0.0063309 0.96542 0.00392125 0.00549376 0.00333602 0.00694157
4 0.00451409 0.00387243 0.0106374 0.955624 0.00378784 0.0107648 0.00380334 0.00699651
1 0.945905 0.00380086 0.00843036 0.0166211 0.00670769 0.00649467 0.00445092 0.00758938
2 0.00679196 0.953286 0.0168494 0.00935102 0.00351396 0.00351545 0.00264497 0.00404719
3 0.00240345 0.00151153 0.979173 0.00761748 0.00202323 0.00188353 0.00137217 0.00401521
4 0.00239129 0.000842265 0.00103843 0.988158 0.00170103 0.00179184 0.00179689 0.00228022
5 0.00955156 0.00659198 0.0101295 0.0362329 0.914416 0.00771501 0.00929332 0.00606946
6 0.00618878 0.00500566 0.00863248 0.0114115 0.00509725 0.953134 0.00356734 0.00696297
7 0.0124536 0.00991884 0.0218509 0.0276623 0.0243101 0.0112585 0.882942 0.00960336
8 0.00514425 0.00491316 0.025132 0.0206066 0.00818745 0.00436709 0.00646834 0.925181
1 0.978895 0.0015964 0.00225319 0.00139592 0.005863 0.0035501 0.00389121 0.00255547
2 0.0124412 0.968353 0.00202086 0.00147533 0.00540993 0.00390651 0.0038101 0.00258322
3 0.0057914 0.00222493 0.978043 0.00102852 0.00468995 0.00242018 0.00249221 0.00330985
4 0.0104946 0.00352686 0.00520021 0.962407 0.00619821 0.00543878 0.00398478 0.00274906
5 0.0102472 0.0040824 0.00552486 0.00321648 0.95593 0.00539768 0.0122102 0.00339133
6 0.00762629 0.00424029 0.00596585 0.00265613 0.00608852 0.96588 0.00358415 0.00395923
7 0.0100222 0.00474304 0.0070792 0.00390004 0.0165656 0.00620593 0.946705 0.00477922
1 0.960336 0.00531169 0.00611051 0.00273232 0.00984398 0.00687666 0.00573143 0.00305721
2 0.0138186 0.962587 0.00266036 0.00203763 0.00638961 0.00538914 0.00435583 0.00276168
3 0.00971748 0.0159484 0.950457 0.00222121 0.0084568 0.00481068 0.0038752 0.00451314
4 0.0141043 0.009095 0.0105886 0.937155 0.00977832 0.00903967 0.00591479 0.00432397
5 0.0181524 0.012964 0.0115402 0.00563981 0.91827 0.0105241 0.0180465 0.00486331
6 0.0125166 0.0108574 0.0112746 0.00480284 0.00965285 0.940589 0.00507166 0.00523514
7 0.0198749 0.015098 0.0155883 0.00782689 0.0294069 0.0125159 0.892501 0.00718787
5 0.00788825 0.00909852 0.0099288 0.0325165 0.890993 0.0243366 0.00502503 0.0202136
5 0.00348537 0.0039488 0.00326978 0.017023 0.960111 0.00659037 0.0020674 0.00350454
5 0.00768883 0.00920304 0.00949911 0.0204497 0.905724 0.0168516 0.0174782 0.0131059
5 0.00384971 0.004191 0.00417977 0.00982465 0.95535 0.00905627 0.00421126 0.00933761
5 0.0092451 0.0104241 0.010391 0.0398983 0.888896 0.0196453 0.0105881 0.0109125
5 0.00372405 0.00408038 0.00331355 0.0110969 0.965642 0.00541303 0.0037705 0.0029595
5 0.00164229 0.00158443 0.00123439 0.00475012 0.985448 0.00242298 0.00129016 0.00162768
5 0.00496868 0.00499714 0.00442399 0.0220681 0.947488 0.00795393 0.00408722 0.00401311
5 0.00919327 0.012103 0.0104631 0.0371006 0.910138 0.0120944 0.00443908 0.00446904
5 0.0096663 0.0122319 0.0104359 0.028206 0.918505 0.0113925 0.00526433 0.00429775
5 0.0048765 0.00551329 0.00450117 0.0139823 0.96016 0.00571257 0.00280347 0.00245115
5 0.011053 0.0131266 0.0122959 0.0410073 0.894421 0.0150997 0.00689156 0.00610495
1 0.930954 0.00594197 0.00903159 0.00999533 0.0159582 0.0122111 0.00583145 0.0100769
2 0.0125013 0.934533 0.018536 0.00752348 0.00890853 0.007288 0.00431221 0.00639696
3 0.00847787 0.00923217 0.944657 0.00581616 0.0105498 0.00667736 0.00402423 0.0105651
4 0.0116618 0.00724203 0.0109632 0.927291 0.0131595 0.0126509 0.00592254 0.011109
5 0.00615835 0.00296353 0.00311494 0.00338953 0.967365 0.00523369 0.00773956 0.00403538
6 0.0114086 0.00825869 0.0103029 0.0103361 0.013896 0.93071 0.00527865 0.0098093
7 0.0181547 0.0114486 0.0169618 0.016966 0.0341367 0.0198842 0.86901 0.0134377
8 0.00913006 0.00766803 0.0204557 0.0158175 0.0339938 0.0184428 0.00823914 0.886253
1 0.96877 0.00305226 0.00448352 0.00280566 0.00764243 0.00528612 0.00486506 0.00309525
2 0.013588 0.960452 0.0061968 0.00291053 0.00557348 0.00451114 0.00418589 0.00258261
3 0.00922502 0.0112285 0.95604 0.00240181 0.00714468 0.00435036 0.00400929 0.00560012
4 0.0145003 0.00731929 0.0117974 0.932551 0.0104987 0.0101287 0.00656748 0.00663672
5 0.0114799 0.0047566 0.00548817 0.00403621 0.950004 0.00622416 0.0148043 0.00320693
6 0.0112945 0.00702449 0.00872475 0.00538838 0.00978287 0.947389 0.00510833 0.00528723
7 0.0136609 0.00679873 0.00962416 0.00740905 0.0172002 0.00932905 0.930148 0.00583007
1 0.940446 0.00726628 0.0117622 0.00835567 0.0114076 0.0101116 0.0069839 0.00366647
2 0.0148354 0.944112 0.0129298 0.0075398 0.00659608 0.00651769 0.00485359 0.00261546
3 0.0101778 0.0180808 0.941376 0.00572043 0.00798356 0.00640939 0.00447295 0.00577918
4 0.0144058 0.00910003 0.0150389 0.9265 0.00995953 0.0112911 0.00677845 0.00692617
5 0.0219987 0.0148074 0.0162794 0.0156627 0.889287 0.0148528 0.0219168 0.00519501
6 0.0142677 0.011252 0.0140908 0.00987834 0.0110591 0.9272 0.00603824 0.00621342
7 0.0245001 0.0166914 0.0233597 0.0201609 0.0325699 0.0180537 0.856448 0.00821657
6 0.00650308 0.00645154 0.00912454 0.0142917 0.011651 0.929839 0.0041737 0.0179659
6 0.00468444 0.00546338 0.00738498 0.00879962 0.00424795 0.962651 0.0029973 0.00377099
6 0.00397308 0.00399851 0.00550731 0.0080947 0.00516526 0.964637 0.00277064 0.00585315
6 0.00446579 0.00448617 0.00646485 0.00938128 0.00442105 0.963108 0.00298613 0.00468717
6 0.00712092 0.00795297 0.01281 0.013837 0.00574699 0.941112 0.00419466 0.00722535
6 0.00641894 0.00650534 0.00910015 0.0135825 0.00996611 0.934846 0.00410082 0.0154805
6 0.00481452 0.00548796 0.00765482 0.00908562 0.00423057 0.96171 0.00309524 0.00392112
6 0.0070032 0.00776244 0.0126357 0.0139212 0.00567334 0.941426 0.00419326 0.00738525
6 0.00332029 0.00335912 0.00452132 0.00745371 0.00446429 0.966747 0.00243812 0.0076965
