labels 1 2 3 4 5 6 7
1 0.96222 0.010508 0.0104167 0.00523212 0.00433156 0.00338594 0.00390538
1 0.94976 0.0103015 0.012971 0.0107246 0.00608322 0.00574292 0.0044167
1 0.941614 0.00626638 0.00532908 0.00734386 0.0271532 0.00457774 0.0077159
1 0.952372 0.0129338 0.00931728 0.00816925 0.00722147 0.00615949 0.0038271
1 0.957561 0.0121331 0.00724777 0.00686932 0.00706863 0.00538474 0.00373502
1 0.971787 0.00627696 0.00466799 0.00448685 0.00591517 0.00382546 0.00304041
1 0.955571 0.0126947 0.00781969 0.00754024 0.00717209 0.00541107 0.00379111
1 0.962004 0.0114161 0.0062728 0.00551298 0.00655671 0.00479154 0.0034457
1 0.961768 0.00839715 0.00691432 0.00687387 0.0070758 0.00522998 0.00374079
1 0.950344 0.0129217 0.0105631 0.00896251 0.00739194 0.00591751 0.00389922
1 0.955001 0.0126894 0.00822514 0.00761996 0.00720823 0.00545123 0.00380489
1 0.969967 0.0068003 0.00516732 0.00499226 0.00602563 0.00394792 0.00309925
1 0.952776 0.0130564 0.00901821 0.00838175 0.00728664 0.00562959 0.0038509
1 0.960788 0.0117844 0.0064791 0.00601775 0.00669615 0.00472929 0.00350481
1 0.955963 0.0120262 0.00777804 0.00776152 0.00721774 0.0054472 0.00380627
1 0.938481 0.0116563 0.0137565 0.0127221 0.00983753 0.00929768 0.0042492
1 0.945851 0.0107424 0.0130879 0.0110406 0.00795667 0.00721426 0.00410666
1 0.944517 0.011205 0.0136728 0.0115127 0.00798514 0.00693644 0.00417134
1 0.943215 0.00741317 0.00606227 0.00729429 0.027145 0.00426099 0.00460934
1 0.993388 0.0011976 0.00122071 0.000764678 0.00106406 0.000700557 0.00166483
1 0.96447 0.00692778 0.00636035 0.0060862 0.0058276 0.00315276 0.00717489
1 0.966373 0.0113219 0.00964185 0.00277363 0.00435867 0.00255515 0.00297579
1 0.984087 0.00544756 0.00413736 0.00140907 0.00166162 0.00129183 0.00196605
1 0.995091 0.00114262 0.00136918 0.000381081 0.000317921 0.000551593 0.00114629
1 0.980162 0.00584545 0.00537777 0.00276304 0.00154965 0.00186158 0.00244095
1 0.981171 0.00581667 0.0056626 0.00173389 0.00156503 0.00190806 0.0021425
1 0.966759 0.0116172 0.00935318 0.00367883 0.00211728 0.00332818 0.00314656
1 0.979581 0.00553504 0.00551294 0.00240488 0.00193159 0.0025248 0.00250984
1 0.959551 0.0117001 0.010906 0.00591627 0.00408389 0.00430688 0.00353602
1 0.959871 0.0111161 0.0111677 0.00497723 0.00513632 0.00428746 0.0034446
2 0.00328795 0.966485 0.00405361 0.00475877 0.0158177 0.0026609 0.00293561
2 0.00438946 0.979298 0.00277331 0.00275976 0.00715624 0.00165991 0.00196334
2 0.00146347 0.989634 0.0013301 0.00125478 0.00406538 0.00108598 0.00116666
2 0.000541415 0.994139 0.00245137 0.000964159 0.000824575 0.000611661 0.000467655
2 1.3669e-05 0.996839 0.00127454 0.000574467 0.000383481 0.000468989 0.000445527
2 1.13177e-05 0.997671 0.000190139 0.000492141 0.000547381 0.00054585 0.000542347
2 0.0036306 0.980879 0.00380102 0.00286153 0.00511375 0.00185624 0.0018579
2 0.0015327 0.989962 0.00145102 0.00131744 0.00315815 0.00123303 0.00134516
2 6.13214e-05 0.99348 0.00185951 0.00133527 0.00116019 0.00108057 0.00102299
2 6.20892e-05 0.995011 0.000459619 0.000979528 0.00145918 0.000992903 0.00103549
2 0.00444064 0.976937 0.00631625 0.00319015 0.00431392 0.00250824 0.00229419
2 0.00337881 0.980085 0.00532691 0.00277381 0.00397977 0.00231437 0.00214091
2 0.00228017 0.978457 0.00576049 0.00430517 0.00392909 0.00288937 0.00237908
2 0.00205494 0.980627 0.00412562 0.00402236 0.0040705 0.00278743 0.00231231
2 0.00220727 0.973699 0.0040744 0.00338911 0.0129054 0.00202725 0.0016971
2 0.00152526 0.987338 0.00209276 0.00148987 0.00530692 0.00112808 0.00111889
2 0.00223021 0.984718 0.0026011 0.00244569 0.00430655 0.0020387 0.00165995
2 0.00540143 0.969874 0.00646395 0.00407396 0.00863316 0.00250923 0.00304435
2 0.00106652 0.991609 0.000907679 0.00114323 0.00287949 0.00110304 0.00129125
2 0.00210691 0.97355 0.0115488 0.00355982 0.00442311 0.00258665 0.00222431
2 0.00309575 0.970478 0.0112858 0.00486335 0.00431291 0.00359905 0.00236556
2 0.0033227 0.966372 0.0124776 0.00565203 0.00454101 0.00502538 0.00260906
2 0.0039661 0.964768 0.0116054 0.00809552 0.00381501 0.00502841 0.00272105
2 0.00172128 0.979769 0.00490226 0.00435662 0.00488811 0.00243324 0.00192979
2 0.0014378 0.984716 0.00278336 0.00385975 0.00188367 0.00183796 0.00348132
2 0.00330618 0.976399 0.00428685 0.00544369 0.0045086 0.00348822 0.00256714
2 0.00436918 0.965241 0.0123589 0.00663626 0.00469396 0.004011 0.00268932
2 0.00322418 0.970425 0.0111896 0.00497957 0.00467074 0.00306739 0.0024432
2 0.00292408 0.969723 0.0121687 0.00489 0.00457313 0.00317131 0.0025494
2 0.0035826 0.964776 0.0125069 0.00671527 0.00470655 0.00501513 0.00269789
2 0.00396144 0.985877 0.00149089 0.00160052 0.00396065 0.00137968 0.00172985
2 3.2986e-05 0.996214 0.00031375 0.000856461 0.000885874 0.000872754 0.000824619
2 0.00303403 0.987301 0.00171691 0.00158506 0.00327094 0.00144088 0.00165093
2 0.000103665 0.993666 0.000582507 0.00128446 0.00184779 0.00125057 0.00126491
2 0.00452706 0.977036 0.00626597 0.00315259 0.00414736 0.00254625 0.0023247
2 0.00214286 0.979768 0.00426772 0.00420465 0.00428017 0.0029242 0.00241269
2 0.00258285 0.972618 0.0116246 0.00370237 0.004325 0.00271171 0.00243513
2 0.00392472 0.969252 0.0121055 0.00473045 0.00418748 0.00337048 0.00242926
2 0.0010887 0.988256 0.00125289 0.00254259 0.00316763 0.00197501 0.00171687
2 0.00438877 0.965218 0.0123464 0.00665373 0.00469628 0.00400694 0.00269026
2 0.00407331 0.969094 0.0121301 0.00476163 0.00445473 0.00298348 0.00250237
2 0.00321477 0.969805 0.012116 0.00474713 0.00440268 0.00309531 0.00261875
2 0.00466835 0.976941 0.00481092 0.00396854 0.00416644 0.00306102 0.00238422
2 0.00499968 0.974407 0.00659018 0.00419652 0.00423075 0.00315019 0.00242536
2 0.00336636 0.971558 0.00876021 0.00563166 0.00448993 0.00363397 0.00255986
2 0.00433912 0.969363 0.00960041 0.00588798 0.00453428 0.00368377 0.00259182
3 0.00450212 0.00338294 0.966337 0.0037245 0.0164066 0.00270495 0.0029414
3 0.0075525 0.00277981 0.976847 0.00200708 0.00712191 0.00167469 0.0020173
3 0.00250098 0.00314102 0.986477 0.00117129 0.00417032 0.00124268 0.00129664
3 1.89816e-06 2.22353e-06 0.999137 0.000197813 0.000106732 0.000288765 0.000265786
3 4.24062e-06 3.50904e-06 0.998953 0.000209501 0.000152211 0.000333852 0.000343318
3 7.81137e-06 9.91736e-06 0.998307 0.000277493 0.000417042 0.000487319 0.000493649
3 0.00698487 0.00348398 0.978775 0.00212399 0.00482825 0.00186011 0.00194421
3 0.0031425 0.00252776 0.986908 0.00117566 0.0033014 0.00142566 0.00151942
3 0.000293753 0.000642538 0.995052 0.000963563 0.00102168 0.00103891 0.000987731
3 0.000374581 0.000709397 0.99422 0.000971555 0.00150079 0.00112431 0.00109899
3 0.00745255 0.00434619 0.976382 0.00247636 0.00433569 0.00256851 0.00243832
3 0.00587429 0.00471763 0.977688 0.00245621 0.00425221 0.00260376 0.00240783
3 0.00121933 0.00172188 0.984944 0.00312345 0.00371193 0.00280974 0.00246977
3 0.00139354 0.00218786 0.983389 0.00333981 0.00421321 0.00295017 0.00252667
3 0.00262496 0.00388232 0.974065 0.00281009 0.012898 0.00202695 0.00169246
3 0.00223967 0.00202971 0.987281 0.00116643 0.00498915 0.00113822 0.00115544
3 0.0042001 0.00817347 0.97522 0.00276322 0.004973 0.00263383 0.00203594
3 0.00786304 0.00568418 0.96923 0.00323804 0.00838593 0.00253359 0.00306507
3 0.0022396 0.00772263 0.982084 0.00145223 0.00340399 0.00152631 0.0015715
3 0.000625058 0.00135704 0.992612 0.00117383 0.00189958 0.00123275 0.00109976
3 0.00372077 0.00858109 0.973038 0.00409156 0.00436285 0.0036944 0.0025113
3 0.00206365 0.00848566 0.976381 0.00413836 0.0023761 0.00462949 0.00192599
3 0.00493191 0.00840565 0.966332 0.00715594 0.00506316 0.00405399 0.00405716
3 0.0013401 0.00308973 0.984303 0.00291328 0.00368383 0.0026518 0.00201787
3 0.0049905 0.00883034 0.969196 0.00555151 0.00468154 0.00396296 0.0027873
3 0.00360169 0.00852465 0.973508 0.0039699 0.0046928 0.00312422 0.00257914
3 0.00363249 0.00842541 0.973382 0.00397649 0.00462738 0.00325964 0.00269655
3 0.0037632 0.00876065 0.970253 0.00518436 0.00459377 0.00468368 0.00276105
3 0.00725345 0.00414276 0.979608 0.00143782 0.00408019 0.00156182 0.00191562
3 0.000282851 0.000783194 0.995641 0.000750972 0.000861684 0.000886388 0.000793672
3 0.00563826 0.003011 0.983361 0.00130452 0.00331818 0.00157233 0.00179463
3 0.000447867 0.00090467 0.992897 0.00118681 0.0018865 0.00136263 0.00131497
3 0.00756741 0.00433311 0.97634 0.00246094 0.00421261 0.00261674 0.00246892
3 0.00141515 0.00216609 0.983434 0.0032388 0.00429051 0.00292084 0.00253477
3 0.000729882 0.00225024 0.990277 0.00153921 0.00232182 0.00156593 0.00131572
3 0.00463415 0.00845997 0.972591 0.00402208 0.00425527 0.00345806 0.00257949
3 0.00182726 0.0040218 0.982009 0.0032133 0.00394709 0.0028579 0.0021238
3 0.00500014 0.0088136 0.969083 0.00564449 0.00468738 0.00398063 0.0027912
3 0.00472247 0.00841705 0.972753 0.00389297 0.00451503 0.0030571 0.00264283
3 0.00388732 0.0084024 0.973432 0.00386874 0.00446388 0.00318375 0.00276213
3 0.0015984 0.00321737 0.98354 0.00566356 0.0022911 0.00196408 0.00172515
3 0.00266967 0.00562813 0.976883 0.00642228 0.00321483 0.00290318 0.00227896
3 0.00415393 0.0068707 0.971206 0.00706951 0.00394115 0.0039856 0.00277332
3 0.00438412 0.00788744 0.96844 0.00713745 0.00506013 0.0042232 0.00286758
4 0.00591718 0.00306265 0.00343552 0.956679 0.02633 0.00319895 0.00137672
4 0.00510373 0.00271486 0.00317181 0.956167 0.0263596 0.00305604 0.00342733
4 0.00592641 0.00416642 0.00404563 0.951175 0.0265333 0.00383385 0.00431926
4 0.00898081 0.00659411 0.00878616 0.945882 0.0191153 0.00542204 0.00521981
4 0.00112229 0.000795057 0.00142739 0.992785 0.00198684 0.00117007 0.000713128
4 0.00090976 0.000810429 0.00147743 0.992699 0.00149132 0.000976958 0.00163548
4 0.00411485 0.00289828 0.00288166 0.960182 0.0140008 0.00247564 0.0134468
4 0.0011411 0.000895393 0.000873445 0.987238 0.00427976 0.000893714 0.00467856
4 0.000698486 0.000697402 0.00120278 0.995303 0.000713033 0.000833399 0.00055141
4 0.000456111 0.000417495 0.000665056 0.996862 0.000643527 0.000591473 0.000363993
4 0.000799227 0.00102294 0.00112228 0.989389 0.00156678 0.000959638 0.00514002
4 0.000644451 0.00086678 0.000790935 0.989197 0.00132668 0.000711851 0.00646265
4 0.000718515 0.000892556 0.00161829 0.994184 0.000843122 0.00105545 0.000688082
4 0.000615205 0.000621771 0.00102174 0.995193 0.000958692 0.000795402 0.000794412
4 0.00547646 0.00653047 0.00702788 0.961147 0.0114736 0.00424646 0.0040978
4 0.00230338 0.00196506 0.00827335 0.980656 0.00307786 0.00234651 0.00137785
4 0.00344783 0.00438964 0.00673354 0.972506 0.00336171 0.00638678 0.00317432
4 0.00428886 0.00442152 0.00560098 0.960293 0.00850937 0.00357682 0.0133095
4 0.00772624 0.00651848 0.00978866 0.957836 0.00749686 0.00454977 0.00608439
4 0.00211899 0.00471997 0.00397885 0.982845 0.00225916 0.00229546 0.00178265
4 0.00127671 0.00149564 0.00556126 0.987621 0.00149146 0.0015002 0.00105423
4 0.00427994 0.00420377 0.00943492 0.966401 0.00735481 0.00421387 0.00411176
4 0.00468832 0.00498017 0.00853736 0.974092 0.00247546 0.00402205 0.00120494
4 0.00827706 0.00642567 0.00939947 0.957574 0.00736726 0.00445433 0.00650227
4 0.00153724 0.00111474 0.00205696 0.990388 0.0019689 0.00119131 0.00174335
4 0.00578358 0.00448963 0.00651015 0.972541 0.00370092 0.00366876 0.00330597
4 0.00824752 0.00630552 0.00869343 0.961453 0.00744796 0.00399901 0.00385356
4 0.00359435 0.00430188 0.00672142 0.975267 0.00369372 0.00313544 0.0032858
4 0.0048667 0.00563047 0.00887645 0.969385 0.00377679 0.00420889 0.00325534
4 0.00232684 0.00297686 0.00390236 0.984562 0.0020803 0.00280289 0.00134881
5 0.017031 0.0106097 0.00540911 0.0145318 0.940031 0.0055951 0.00679202
5 0.0165268 0.0136273 0.00948276 0.0136447 0.932583 0.00704337 0.00709228
6 0.00810845 0.00508956 0.00530195 0.00740679 0.021559 0.947687 0.00484707
6 0.0124733 0.0120224 0.0122093 0.02331 0.0360175 0.892637 0.0113302
6 0.00332429 0.00598553 0.00853536 0.00661197 0.00351003 0.969502 0.00253064
6 0.00941288 0.016114 0.0113455 0.0166879 0.0263027 0.912514 0.00762317
6 0.0123424 0.0465742 0.0259305 0.0235964 0.0189515 0.864567 0.00803823
6 0.00300984 0.00775707 0.00832185 0.00589764 0.00309992 0.969485 0.0024287
6 0.0083391 0.0303116 0.0239303 0.0160861 0.0068443 0.909414 0.00507428
7 0.0115975 0.00866971 0.00462673 0.0113942 0.0267008 0.00719904 0.929812
7 0.00385683 0.00807513 0.0051431 0.0151481 0.00518217 0.00443851 0.958156
7 0.0218028 0.00854223 0.00467084 0.00864631 0.0142724 0.00614147 0.935924
7 0.0117834 0.0125934 0.00722552 0.0106196 0.0270548 0.0078433 0.92288
7 0.0232386 0.0127441 0.007726 0.00970259 0.0167953 0.00716085 0.922633
7 0.0130724 0.011203 0.00644827 0.0135721 0.0219205 0.00796953 0.925814
7 0.0195838 0.00674886 0.0040024 0.00892275 0.0122086 0.00547663 0.943057
7 0.0119571 0.00555442 0.00347094 0.0184417 0.0090467 0.00443006 0.947099
7 0.0138261 0.013546 0.010293 0.0211256 0.00945608 0.00878029 0.922973
7 0.00411333 0.007176 0.00496127 0.0176127 0.0034821 0.00485285 0.957802
7 0.012202 0.0149458 0.0122052 0.0211308 0.0103121 0.0090403 0.920164
1 0.967925 0.0111583 0.00564322 0.00290449 0.00720595 0.00214129 0.00302181
1 0.987514 0.00416276 0.00264535 0.00125746 0.00112942 0.00133149 0.00195932
1 0.967889 0.0108993 0.00547245 0.00452177 0.00392581 0.00402105 0.00327049
1 0.953807 0.0125423 0.00648419 0.00429776 0.0152105 0.0040571 0.00360131
1 0.966572 0.0112733 0.00583677 0.00368868 0.00432787 0.0038515 0.00444954
1 0.977239 0.00671714 0.00416846 0.00300046 0.00267241 0.00274523 0.00345687
1 0.993847 0.0023197 0.000880768 0.000480777 0.000654496 0.000552593 0.00126455
1 0.995313 0.000844384 0.000695615 0.000641297 0.000498104 0.000778784 0.00122902
1 0.97944 0.00451476 0.00287818 0.00344954 0.00369402 0.00326872 0.00275508
1 0.990333 0.0039402 0.0012912 0.000586341 0.00132244 0.000947512 0.00157974
1 0.944869 0.0126345 0.0129417 0.0104931 0.0080681 0.00616585 0.00482765
1 0.972197 0.0107022 0.0053927 0.00335071 0.00297451 0.00256357 0.00281882
1 0.984664 0.00335555 0.00274521 0.00236588 0.00236211 0.00221632 0.00229143
1 0.962874 0.0114677 0.00587014 0.00490939 0.00689181 0.0044256 0.00356123
1 0.967419 0.0109986 0.00567116 0.00429943 0.00440028 0.00378837 0.00342342
1 0.981054 0.00505036 0.00304948 0.00271472 0.00290629 0.00261719 0.00260801
1 0.948038 0.0121783 0.0124792 0.0093228 0.00783489 0.00594905 0.00419746
1 0.992366 0.000874487 0.00061391 0.000578033 0.00305342 0.000861582 0.00165239
2 0.00302819 0.986721 0.00199895 0.000972387 0.0048893 0.00119717 0.00119286
3 0.00568075 0.00876975 0.971534 0.00157284 0.00765851 0.0025004 0.00228418
4 0.0046287 0.00398746 0.00302195 0.980707 0.00425413 0.0023033 0.00109708
5 0.0397387 0.013792 0.00487131 0.002696 0.923447 0.00429996 0.0111549
6 0.00765119 0.00945334 0.00756454 0.0041236 0.00518007 0.963333 0.00269392
7 0.0144256 0.0159036 0.00628999 0.00603712 0.0275873 0.00653155 0.923225
1 0.973827 0.00241305 0.00251868 0.00216896 0.0134379 0.00253724 0.003097
2 0.00384978 0.967265 0.0125928 0.00235062 0.00919576 0.00240591 0.00233986
3 0.003802 0.00206356 0.97812 0.00211011 0.00839811 0.00282296 0.00268354
4 0.00518632 0.00399424 0.00458431 0.971312 0.00936985 0.00322951 0.00232349
5 0.0186028 0.00543269 0.00444805 0.00289417 0.95105 0.00407648 0.0134962
6 0.00704812 0.00664374 0.00818989 0.00485204 0.0081909 0.961666 0.00340895
7 0.0076306 0.00574522 0.00426789 0.00462985 0.0199826 0.00512423 0.95262
1 0.929984 0.013086 0.0124167 0.00952273 0.02298 0.00661356 0.00539682
2 0.0036392 0.965314 0.0125127 0.00454118 0.00792354 0.00329088 0.00277867
3 0.00441815 0.00888361 0.968925 0.00378912 0.007727 0.00335379 0.00290343
4 0.00725357 0.00756033 0.0106049 0.952162 0.0132244 0.00514591 0.00404876
5 0.0285048 0.0198991 0.0131085 0.010626 0.897745 0.00790225 0.0222145
6 0.00976933 0.0118378 0.0150218 0.0107362 0.0118209 0.935799 0.00501488
7 0.0120653 0.0152508 0.00983827 0.0100934 0.0277647 0.0082479 0.91674
2 0.00117802 0.988696 0.00273218 0.00168943 0.00402236 0.00107991 0.000602255
2 0.00354097 0.984508 0.00488882 0.00186993 0.00335542 0.00109947 0.000737431
2 0.000555272 0.993826 0.00139539 0.000774168 0.0020131 0.00078787 0.000648128
2 0.00241619 0.988517 0.00417543 0.00108393 0.00210387 0.000895164 0.000808285
2 0.00139395 0.978205 0.00975274 0.00384557 0.0036253 0.00175542 0.00142181
2 0.00310362 0.975156 0.0116299 0.00370589 0.00330564 0.00164525 0.00145395
2 0.004416 0.979367 0.00721006 0.00244508 0.00357305 0.00163149 0.00135751
2 0.00509866 0.972101 0.0110581 0.00305664 0.00404875 0.00240431 0.00223238
2 0.000936918 0.992041 0.00370118 0.00123038 0.00089425 0.000711983 0.000483854
2 0.00151764 0.986266 0.00602759 0.00188698 0.00193573 0.00127706 0.00108881
2 0.00210326 0.980172 0.00709681 0.00279205 0.00352805 0.00223083 0.00207746
2 0.00352092 0.979309 0.0104547 0.00159065 0.00296413 0.00124698 0.000913461
2 0.0043825 0.975508 0.0113386 0.0022093 0.00337177 0.00170602 0.00148341
2 0.00460249 0.971997 0.0115372 0.00310518 0.00405452 0.00245022 0.0022533
2 0.00105939 0.987614 0.00761393 0.00109952 0.00101768 0.000923198 0.000672432
2 0.00187456 0.980072 0.0111894 0.00193513 0.00211424 0.00150929 0.00130533
2 0.00231809 0.976468 0.00940856 0.00324942 0.00378978 0.00251639 0.00225016
2 0.000899228 0.991286 0.00188638 0.0026662 0.00129658 0.00104395 0.000921716
2 0.00178899 0.985677 0.00454993 0.00265164 0.00236158 0.00153448 0.00143686
2 0.00432777 0.97088 0.0118371 0.00373537 0.00416424 0.00271014 0.00234589
2 0.00432972 0.972458 0.011677 0.00328455 0.0048637 0.00183611 0.00155046
2 0.00228722 0.97387 0.0114777 0.00394417 0.00527331 0.0019201 0.00122715
2 0.00196399 0.972641 0.0117367 0.00411672 0.0038736 0.00351873 0.00214963
2 0.00262925 0.969549 0.0120193 0.00302331 0.00856051 0.00175621 0.00246294
2 0.00307611 0.968707 0.0120231 0.00423354 0.00508543 0.00190131 0.00497335
2 0.00370142 0.975379 0.0109491 0.00309484 0.00376451 0.00164654 0.00146453
2 0.00301612 0.972191 0.0117719 0.00371931 0.00409644 0.00284845 0.00235668
2 0.00251072 0.973176 0.0117327 0.00388973 0.00473419 0.00206413 0.00189278
2 0.00224447 0.973245 0.0117667 0.00381016 0.00477742 0.00202861 0.00212749
2 0.00219874 0.971885 0.0117001 0.00417239 0.00409614 0.00363508 0.00231218
2 0.00333533 0.978307 0.0102576 0.00206356 0.00303127 0.00157107 0.0014345
2 0.0023558 0.972208 0.0116863 0.00414881 0.00445316 0.00278956 0.00235792
2 0.00145422 0.977932 0.0113938 0.00285332 0.00329398 0.00174594 0.00132687
2 0.0021198 0.972457 0.0117131 0.00413696 0.00398604 0.00334771 0.00223896
2 0.00183562 0.976446 0.0105157 0.00241451 0.00502377 0.00170097 0.0020633
2 0.00185588 0.976944 0.0105382 0.00256692 0.00327117 0.00181321 0.00301053
2 0.00245946 0.979238 0.0104335 0.00254948 0.00261926 0.00133746 0.0013625
2 0.00294381 0.972231 0.0117317 0.00375993 0.00411056 0.00285973 0.00236286
2 0.00222712 0.974571 0.0116299 0.00326944 0.00385659 0.00233335 0.00211292
2 0.00168584 0.975335 0.0115655 0.00378054 0.00353565 0.00204739 0.00205006
2 0.0022654 0.971947 0.0116437 0.00418945 0.00415578 0.00343411 0.00236422
1 0.968865 0.0110898 0.00341764 0.00211302 0.0100071 0.00202256 0.00248452
2 0.000812404 0.991786 0.00132446 0.000677838 0.00340082 0.000962028 0.00103624
3 0.00290121 0.00792114 0.979587 0.000976023 0.00486914 0.00189749 0.00184838
4 0.00534117 0.00700488 0.00840044 0.964111 0.00900937 0.00351862 0.00261456
5 0.0203014 0.0233267 0.00966101 0.00293149 0.929371 0.00422137 0.0101865
6 0.00661495 0.0121337 0.0118154 0.00583257 0.0079581 0.952162 0.00348336
7 0.00947121 0.0168274 0.00802923 0.00535743 0.0272447 0.00592583 0.927144
1 0.967746 0.00234772 0.00226852 0.00190077 0.019823 0.00284061 0.00307385
2 0.00239133 0.977135 0.00654423 0.0015041 0.00834215 0.00196263 0.00212053
3 0.00357177 0.00162067 0.980284 0.00148639 0.00799238 0.0025075 0.00253716
4 0.00577558 0.00466739 0.00544551 0.962713 0.0143794 0.00377136 0.00324823
5 0.0120755 0.00390431 0.00320345 0.00163321 0.964636 0.00289808 0.0116499
6 0.00512663 0.00469712 0.0058601 0.00296617 0.00885978 0.969396 0.0030941
7 0.00454577 0.00284369 0.00205982 0.00224041 0.014328 0.00337253 0.97061
1 0.941476 0.00905016 0.00925018 0.00794607 0.0223338 0.00536614 0.00457731
2 0.00286421 0.970546 0.0106439 0.00370246 0.00709985 0.00269301 0.00245029
3 0.00364225 0.0050476 0.976419 0.00290648 0.00668189 0.00275559 0.00254673
4 0.00612498 0.0061297 0.00859896 0.957941 0.0131101 0.00437852 0.00371641
5 0.0203484 0.0107889 0.00829939 0.00700468 0.930442 0.00543518 0.0176816
6 0.00775579 0.00890641 0.0117932 0.00815302 0.0108371 0.948224 0.00433098
7 0.00836596 0.00947352 0.00642278 0.00684211 0.0219772 0.00610899 0.940809
3 0.00100051 0.00450153 0.986741 0.0026829 0.00308229 0.00128376 0.000707945
3 0.00246977 0.00206427 0.987373 0.00324239 0.0028389 0.00115832 0.000853067
3 0.000656701 0.00706189 0.98862 0.000579852 0.00149334 0.000864944 0.000723137
3 0.00145144 0.00257346 0.991765 0.000631499 0.00174082 0.00092935 0.000908631
3 0.00164477 0.00591568 0.980167 0.00587698 0.00281281 0.00208741 0.00149571
3 0.00265154 0.00560467 0.981052 0.00439984 0.00282769 0.00188738 0.00157683
3 0.00299693 0.00310786 0.983681 0.00366332 0.00337518 0.00165963 0.0015162
3 0.0036511 0.00796273 0.975515 0.00352501 0.0042209 0.00267673 0.00244857
3 0.00196754 0.00287617 0.986615 0.00432277 0.00181686 0.00142757 0.000974469
3 0.00223218 0.00305298 0.985052 0.00353474 0.00277493 0.00178475 0.00156793
3 0.00286394 0.00564337 0.978747 0.00353134 0.00411389 0.00269031 0.00240992
3 0.00184083 0.00101099 0.991637 0.000988949 0.00240528 0.00113194 0.000985504
3 0.00251736 0.00190788 0.987073 0.00210971 0.00315388 0.00162879 0.0016094
3 0.00369898 0.00795827 0.975435 0.00344376 0.00423912 0.00275318 0.00247197
3 0.00154779 0.00165764 0.991138 0.00156154 0.00155735 0.00142454 0.0011128
3 0.0020893 0.00235712 0.987053 0.00231715 0.00266652 0.00182416 0.00169238
3 0.00322012 0.0068338 0.97658 0.00367782 0.00427886 0.00289307 0.00251638
3 0.00210173 0.00472714 0.981979 0.00559032 0.00200061 0.00202958 0.00157131
3 0.00241853 0.00570101 0.981458 0.00341249 0.00291846 0.00216577 0.00192576
3 0.0036264 0.00822632 0.974086 0.00412315 0.00434047 0.0030399 0.00255824
3 0.00280069 0.00681452 0.976293 0.00602172 0.00459708 0.00194954 0.00152331
3 0.00289515 0.00790694 0.977017 0.00361982 0.00431732 0.00230677 0.00193656
3 0.00109018 0.00701064 0.982043 0.00556362 0.0017337 0.00168944 0.000868964
3 0.00257187 0.00769166 0.975139 0.00535357 0.00402395 0.00290806 0.00231181
3 0.00220923 0.00667051 0.973416 0.00668138 0.00662771 0.00187326 0.00252143
3 0.00274157 0.00731644 0.973466 0.00587781 0.00505318 0.00214141 0.00340363
3 0.00263873 0.00294635 0.984555 0.00373177 0.00302101 0.00167003 0.00143727
3 0.00371167 0.00796454 0.974504 0.0034706 0.00438613 0.00333297 0.00262997
3 0.00285983 0.00815493 0.974663 0.00444192 0.00542851 0.00221042 0.00224138
3 0.00272775 0.00753939 0.974316 0.00554411 0.00548707 0.00216297 0.00222287
3 0.00294953 0.00799415 0.975946 0.00318025 0.00418555 0.00326317 0.00248115
3 0.0026328 0.00756333 0.982013 0.00180465 0.00275688 0.00170637 0.00152336
3 0.00294682 0.00799198 0.975755 0.00353617 0.00442846 0.00284179 0.00250019
3 0.00064025 0.00735452 0.987374 0.00174682 0.00084669 0.00118295 0.000854976
3 0.00275744 0.00809271 0.975388 0.00426844 0.00410773 0.00297361 0.0024117
3 0.00189164 0.00764007 0.980968 0.00205875 0.00363316 0.00170884 0.00209923
3 0.00202177 0.00765634 0.981202 0.00176022 0.00295019 0.00189044 0.00251896
3 0.00194396 0.00389084 0.985828 0.00306925 0.00228457 0.00150049 0.0014831
3 0.00369956 0.00796375 0.974494 0.00348466 0.00439344 0.00333356 0.00263088
3 0.00281929 0.00784585 0.978465 0.00204002 0.00405717 0.0024651 0.00230729
3 0.00251955 0.00776734 0.976438 0.00487595 0.00385985 0.00230293 0.00223628
3 0.00313108 0.00799581 0.975193 0.00356567 0.00427092 0.00330377 0.00253998
1 0.950179 0.00700046 0.0118496 0.00756927 0.0159059 0.00394428 0.00355172
2 0.00111679 0.977833 0.0116977 0.00149508 0.00452499 0.00167897 0.00165375
3 0.00191243 0.00079743 0.989394 0.000813208 0.00372364 0.00169203 0.00166696
4 0.00468674 0.00367377 0.00968892 0.965672 0.00930542 0.00367265 0.00330088
5 0.0145827 0.0118588 0.011783 0.00872387 0.938572 0.00440618 0.0100737
6 0.00540457 0.00614017 0.014931 0.0120335 0.00897316 0.948611 0.00390703
7 0.00789205 0.0108802 0.00788438 0.0081857 0.0266347 0.00609336 0.93243
1 0.966968 0.00203543 0.00218442 0.00222056 0.0198002 0.003494 0.00329752
2 0.00265573 0.97931 0.00394911 0.00156676 0.0077749 0.00232661 0.00241687
3 0.00411387 0.00175828 0.979347 0.00166282 0.00770448 0.00272325 0.00268989
4 0.00707858 0.0050486 0.00681908 0.957097 0.015425 0.0046507 0.00388115
5 0.0154003 0.00402359 0.00444547 0.00247946 0.955966 0.00367299 0.0140121
6 0.00451774 0.00355518 0.00539494 0.00312251 0.00831556 0.971941 0.0031534
7 0.00483422 0.00293859 0.00198413 0.00229227 0.0132814 0.00354663 0.971123
1 0.937086 0.00904572 0.0114773 0.00876199 0.0224135 0.0062996 0.00491532
2 0.00341258 0.966044 0.0123812 0.00454249 0.00765814 0.00324951 0.00271176
3 0.0042759 0.00654095 0.97204 0.00377163 0.00724214 0.003299 0.00282988
4 0.00697939 0.00691465 0.0107125 0.953047 0.0132769 0.00506873 0.00400047
5 0.0254051 0.013798 0.0118495 0.0104183 0.910496 0.00731069 0.0207223
6 0.00888104 0.00997307 0.0144518 0.00874404 0.0113749 0.941793 0.00478231
7 0.0111887 0.0130286 0.00918408 0.0100436 0.0275071 0.0080788 0.920969
4 0.00163448 0.0023933 0.00725269 0.970755 0.014968 0.00150441 0.00149184
4 0.000854311 0.00100162 0.00231872 0.987901 0.00595159 0.000893231 0.0010795
4 0.00376984 0.00351039 0.00991287 0.965556 0.00996491 0.00407169 0.00321406
4 0.00296942 0.00262673 0.00723007 0.973522 0.00741903 0.00340604 0.00282624
4 0.00154907 0.00235049 0.00937986 0.971501 0.0120825 0.00166765 0.00146943
4 0.000842071 0.00104802 0.00283527 0.987338 0.00598976 0.000886442 0.00106003
4 0.00422595 0.00378194 0.0101346 0.963394 0.0109861 0.00418114 0.00329588
4 0.00240659 0.00198711 0.0053608 0.977725 0.00739297 0.00268139 0.0024465
4 0.00202758 0.0031971 0.0098932 0.956837 0.0242494 0.00190258 0.00189348
4 0.00444973 0.00389217 0.010038 0.964741 0.00891583 0.00453017 0.00343267
4 0.00266718 0.0024121 0.00897694 0.974323 0.00728558 0.00243686 0.00189863
4 0.00308486 0.00345947 0.00987829 0.966147 0.0121452 0.0028482 0.00243736
4 0.00311352 0.00365672 0.00920106 0.966481 0.0121854 0.00290702 0.00245565
4 0.0030996 0.00373899 0.0105577 0.952353 0.0237961 0.00292994 0.00352521
4 0.00276268 0.00241613 0.0058977 0.968788 0.007726 0.00957771 0.00283197
4 0.00341867 0.0038297 0.0100649 0.962186 0.013127 0.00300658 0.00436678
4 0.00583078 0.00340466 0.00961008 0.966834 0.00900671 0.00259448 0.00271966
4 0.00330851 0.00290023 0.00905052 0.970823 0.00735728 0.00341997 0.00314005
4 0.00331058 0.00274696 0.00865815 0.971356 0.007347 0.00343902 0.00314253
4 0.00282961 0.00278905 0.00642549 0.955874 0.0262568 0.00266874 0.00315594
4 0.00281586 0.00307479 0.00938862 0.968789 0.0065336 0.00635447 0.0030434
4 0.00156347 0.00126863 0.0037776 0.985596 0.00460011 0.00163589 0.00155819
4 0.00187837 0.00174809 0.0045519 0.981371 0.00652276 0.00199119 0.00193663
4 0.00189382 0.00189007 0.00421516 0.98149 0.00654657 0.00201932 0.0019451
4 0.00154906 0.00136655 0.00342068 0.984666 0.00531394 0.00183442 0.00184928
4 0.00366049 0.00433272 0.0112666 0.954169 0.0195517 0.00342843 0.00359101
4 0.00293676 0.00272146 0.00691011 0.967695 0.00701176 0.00980075 0.00292386
4 0.00209816 0.00200283 0.00471019 0.979198 0.00692659 0.0021274 0.00293672
4 0.00433175 0.00267012 0.00675574 0.974916 0.00641322 0.00239879 0.00251466
4 0.00344999 0.00349226 0.00907756 0.969914 0.00729932 0.00356007 0.00320722
4 0.00335608 0.00282513 0.00882923 0.97097 0.00725699 0.00356313 0.00319961
4 0.00464942 0.00434053 0.0101495 0.964229 0.00846712 0.00466574 0.00349828
4 0.00361004 0.00398684 0.00880424 0.952355 0.0247195 0.00320971 0.00331512
4 0.00303459 0.0031783 0.00949659 0.968433 0.00666372 0.00605811 0.00313581
1 0.949898 0.0024421 0.00642657 0.015222 0.0182773 0.00419528 0.00353911
2 0.00238842 0.968245 0.0123387 0.0054426 0.00676038 0.00252848 0.00229672
3 0.00247772 0.00158637 0.982419 0.00404909 0.0054055 0.00210172 0.00196063
4 0.00389938 0.00246794 0.00430856 0.974384 0.00925152 0.00303705 0.00265138
5 0.0127689 0.00534074 0.00477452 0.0162778 0.947871 0.00347686 0.00949013
6 0.00539344 0.00461824 0.00787268 0.0137384 0.00933225 0.955125 0.00392037
7 0.00822628 0.00796896 0.00566601 0.0130386 0.0269157 0.0064775 0.931707
1 0.973546 0.00160866 0.00176105 0.00253826 0.0145616 0.00300788 0.00297621
2 0.00253517 0.984274 0.00179611 0.00128765 0.0058308 0.0020517 0.00222429
3 0.00397092 0.00375011 0.979329 0.00153534 0.00644591 0.00244287 0.00252624
4 0.00686033 0.0046489 0.00626388 0.961257 0.0131143 0.00430783 0.00354822
5 0.018582 0.00465127 0.00481027 0.00417662 0.947767 0.00398851 0.0160243
6 0.00462385 0.00326458 0.00456335 0.00338902 0.00717594 0.973854 0.00312911
7 0.00498185 0.00336753 0.00207528 0.00272805 0.0111891 0.00351453 0.972144
1 0.93696 0.00949614 0.0119693 0.0082045 0.0218573 0.00656535 0.00494724
2 0.00330112 0.969104 0.0103085 0.00395209 0.00745367 0.00321584 0.00266449
3 0.00429698 0.00871619 0.969802 0.0035023 0.00747694 0.00336531 0.00284004
4 0.0069584 0.00684477 0.0108145 0.953193 0.0130053 0.00515495 0.00402889
5 0.026342 0.0159906 0.0136035 0.0121642 0.901833 0.0080638 0.0220029
6 0.00877281 0.00936973 0.0137632 0.00811187 0.0109408 0.944285 0.00475631
7 0.0116828 0.0133809 0.00966516 0.0108756 0.0275788 0.00835973 0.918457
5 0.0370738 0.0105802 0.00610598 0.0180475 0.910425 0.00842866 0.00933891
5 0.0116219 0.00773946 0.00552805 0.0153821 0.947156 0.00771682 0.00485582
5 0.0117996 0.0082169 0.00616769 0.0163495 0.939707 0.00697205 0.0107877
5 0.00432268 0.00255375 0.00191612 0.00285623 0.984099 0.00222142 0.00203044
5 0.0123861 0.0082307 0.00610039 0.0150557 0.945613 0.00659212 0.00602193
1 0.954517 0.00261809 0.00391918 0.0082959 0.022811 0.00453757 0.00330175
2 0.00261778 0.973045 0.00548108 0.00564965 0.00835123 0.00263602 0.00221925
3 0.00317856 0.00401056 0.975371 0.00442526 0.00812548 0.00265223 0.00223688
4 0.00470876 0.00360562 0.00503911 0.966043 0.013952 0.003872 0.00277936
5 0.0111209 0.00370505 0.00314444 0.00559823 0.963326 0.00374054 0.00936478
6 0.00563387 0.00453694 0.00647412 0.0114169 0.0113849 0.956776 0.00377724
7 0.00733245 0.00634606 0.00388793 0.00837816 0.024443 0.00643011 0.943182
1 0.977348 0.00179511 0.00179243 0.00187762 0.0122078 0.0023896 0.00258969
2 0.00156844 0.988831 0.00128034 0.000906235 0.00428909 0.00139946 0.00172567
3 0.0026917 0.00727081 0.980527 0.00101034 0.00473203 0.00174068 0.0020272
4 0.00513782 0.0040365 0.0054005 0.968449 0.0106409 0.00333809 0.00299745
5 0.014928 0.00491667 0.00346902 0.00342633 0.955229 0.00345026 0.0145804
6 0.00423838 0.00328089 0.00423289 0.0031653 0.00682608 0.975314 0.00294253
7 0.00367291 0.00296576 0.0016862 0.00222999 0.0086921 0.00274426 0.978009
1 0.943315 0.00866605 0.00953333 0.00704428 0.021144 0.00578177 0.00451554
2 0.00265691 0.974447 0.00805635 0.00301758 0.00678788 0.00266826 0.00236633
3 0.00353691 0.00754607 0.974256 0.00248718 0.00683924 0.00281878 0.00251609
4 0.00599843 0.00584676 0.00878468 0.958632 0.0125545 0.00450576 0.00367805
5 0.0205842 0.0121563 0.00968536 0.00875174 0.923641 0.00637764 0.0188042
6 0.00728621 0.00755164 0.0105898 0.00703528 0.00995861 0.953388 0.00419016
7 0.00833285 0.0092742 0.0065653 0.00774003 0.0220535 0.00644378 0.93959
5 0.0604643 0.0429135 0.0442209 0.066459 0.559888 0.204934 0.0211203
6 0.0327271 0.0275448 0.0330914 0.0480283 0.154666 0.689995 0.0139469
6 0.0225316 0.0257661 0.0386011 0.053415 0.0334708 0.815901 0.0103141
5 0.0643246 0.0547314 0.0604116 0.0917107 0.412945 0.291324 0.0245531
6 0.0222775 0.0259432 0.0415837 0.0618303 0.0305455 0.807468 0.0103522
6 0.0392438 0.0369676 0.0450894 0.10163 0.166144 0.593607 0.0173183
6 0.0146463 0.0161174 0.0263557 0.0536269 0.0193935 0.86197 0.00789002
6 0.0244861 0.0294771 0.0385044 0.149739 0.0424263 0.704118 0.0112491
6 0.0219853 0.0287455 0.0420127 0.105823 0.0194431 0.771644 0.0103464
1 0.93882 0.00698489 0.00727781 0.00957198 0.0235506 0.00925419 0.00454028
2 0.00319902 0.96469 0.0126052 0.00473491 0.00834165 0.0038613 0.00256832
3 0.00390633 0.00883388 0.969291 0.00334881 0.00803789 0.00389381 0.00268846
4 0.0070115 0.00678629 0.0106916 0.950884 0.013887 0.00674147 0.00399792
5 0.0228029 0.0114229 0.00845686 0.0100862 0.914592 0.0133244 0.0193152
6 0.00807649 0.00760892 0.0098787 0.0133282 0.0124928 0.943948 0.00466672
7 0.01041 0.0109567 0.00694391 0.0110972 0.027033 0.0104618 0.923097
1 0.965903 0.0045922 0.00467804 0.00375175 0.0138817 0.00378189 0.00341092
2 0.001793 0.984361 0.004154 0.00147281 0.00458708 0.00172503 0.00190683
3 0.00260495 0.00708296 0.980631 0.00124284 0.00443829 0.00190198 0.00209808
4 0.00536603 0.00492304 0.00782776 0.966059 0.00871712 0.00377534 0.00333147
5 0.0215867 0.0108621 0.00753604 0.00655154 0.926705 0.00647885 0.0202801
6 0.00621603 0.00594135 0.00785083 0.00585522 0.00823379 0.962137 0.0037657
7 0.0051398 0.00527677 0.00327961 0.0038809 0.0116012 0.00397438 0.966847
1 0.928963 0.0112664 0.0124066 0.0112891 0.0231891 0.00750082 0.00538522
2 0.00347933 0.965597 0.0124292 0.00456709 0.00776534 0.00341116 0.00275042
3 0.0043241 0.008814 0.969007 0.00383638 0.00763486 0.00349545 0.00288834
4 0.00718092 0.00719045 0.0107448 0.95229 0.0130872 0.00541749 0.00408872
5 0.0271768 0.0170778 0.0128862 0.0126038 0.898341 0.00896162 0.0229531
6 0.00968416 0.0108938 0.0147489 0.0121216 0.0118532 0.935645 0.00505365
7 0.0118945 0.0140755 0.00969002 0.0110995 0.0276778 0.00877006 0.916793
