labels 1 2 3 4 5 6 7
1 0.971206 0.0108341 0.00175976 0.00308848 0.00556089 0.00411096 0.00343956
1 0.981291 0.00243952 0.00698543 0.00168487 0.00230289 0.00250345 0.00279275
1 0.969217 0.00379152 0.00709549 0.00471051 0.00667265 0.00478536 0.00372699
1 0.950408 0.00564553 0.00444804 0.00501367 0.0241976 0.00430927 0.00597803
1 0.956747 0.0111295 0.00934796 0.00607519 0.00684489 0.00602192 0.00383401
1 0.962607 0.0117679 0.0060549 0.00435671 0.00657171 0.00500645 0.00363574
1 0.979974 0.00316029 0.00302769 0.00246881 0.00524493 0.0033592 0.00276469
1 0.963078 0.0117614 0.00575787 0.00430005 0.00658427 0.00487051 0.00364758
1 0.971738 0.0108511 0.00313505 0.00253264 0.00533793 0.00356384 0.0028416
1 0.970224 0.00473522 0.00544965 0.00434738 0.0065705 0.00504981 0.00362367
1 0.968863 0.00671719 0.00517646 0.00420632 0.0065599 0.00485359 0.00362375
1 0.95698 0.0105482 0.00964292 0.0063689 0.00695665 0.00560952 0.00389337
1 0.960581 0.0119686 0.00708083 0.00488075 0.00669933 0.00506682 0.00372243
1 0.978136 0.00401942 0.0034818 0.00275498 0.00532927 0.00345626 0.00282206
1 0.960975 0.0120017 0.00674656 0.00483042 0.00668785 0.0050398 0.00371905
1 0.970834 0.0110153 0.00342153 0.00279631 0.00544368 0.0035833 0.00290588
1 0.966419 0.00698724 0.00628858 0.0048472 0.0066911 0.00505763 0.00370878
1 0.964013 0.00985057 0.00596148 0.00477172 0.00668314 0.00501716 0.00370304
1 0.949681 0.0103842 0.0108633 0.00809323 0.00889908 0.00801709 0.00406174
1 0.957514 0.00974724 0.0101302 0.0059359 0.00708823 0.00575805 0.00382601
1 0.956961 0.0102183 0.00983914 0.00647849 0.00697795 0.00561731 0.00390795
1 0.95289 0.00568026 0.00483414 0.00460126 0.0241186 0.00412752 0.00374853
1 0.996834 0.000263803 0.000271041 0.000208046 0.000469456 0.000570478 0.00138315
1 0.977653 0.00322338 0.00345133 0.00362292 0.00396431 0.00249127 0.00559407
1 0.973042 0.00974441 0.00824616 0.00156937 0.0024058 0.00248091 0.00251112
1 0.986943 0.00430807 0.00336042 0.000896805 0.00138841 0.00125379 0.00184981
1 0.997494 0.000257884 0.000271911 0.00015314 0.000157665 0.000552188 0.00111323
1 0.987609 0.00284183 0.00280286 0.00164227 0.00115358 0.00168192 0.00226823
1 0.986879 0.00330674 0.00264995 0.0011276 0.00174119 0.00211945 0.00217599
1 0.971698 0.0102991 0.00811555 0.00201931 0.00177748 0.00309664 0.00299361
1 0.988633 0.00189157 0.00170936 0.00130176 0.00154897 0.00247766 0.00243766
1 0.966386 0.0099454 0.00891891 0.00372782 0.00346042 0.00412783 0.00343344
1 0.966134 0.00934657 0.00902749 0.00273471 0.00538305 0.00407496 0.00329948
2 0.00485491 0.964332 0.00449981 0.00443367 0.0157188 0.00318691 0.00297416
2 0.00681194 0.974762 0.00384338 0.00283857 0.00726611 0.00224743 0.00223048
2 1.53927e-05 0.997264 0.00107281 0.000205754 0.000405351 0.000522047 0.00051431
2 1.73211e-05 0.996851 0.00139552 0.000468021 0.000363702 0.000481612 0.000423215
2 1.01644e-05 0.997784 0.000675822 0.000350496 0.000232754 0.000494907 0.000451915
2 0.000740719 0.992458 0.000844198 0.00151214 0.00133331 0.00168446 0.0014275
2 0.00590183 0.976391 0.0049377 0.00290717 0.00518407 0.00242348 0.0022546
2 5.60944e-05 0.994686 0.00180818 0.000444478 0.00111427 0.000931514 0.000959027
2 4.36331e-05 0.995599 0.000641667 0.000774431 0.000801888 0.00112067 0.00101849
2 0.00100248 0.98941 0.00146979 0.00190411 0.00231245 0.00207867 0.00182223
2 0.00669578 0.972861 0.00715897 0.00297932 0.00440551 0.00308867 0.00281048
2 0.00187133 0.980955 0.00764953 0.00187825 0.00315116 0.00233514 0.00215989
2 0.000663971 0.98742 0.00165189 0.0023408 0.00294314 0.00267756 0.00230296
2 0.00314013 0.973192 0.00774051 0.00449402 0.00452114 0.00381314 0.00309874
2 0.00252996 0.969541 0.00530253 0.00355074 0.0143768 0.00274544 0.00195326
2 0.0030096 0.979719 0.00482143 0.00218144 0.00668695 0.00202103 0.00156024
2 0.00112517 0.990706 0.00193405 0.00121983 0.00195597 0.00170207 0.00135734
2 0.00708093 0.968152 0.00673916 0.00371111 0.008196 0.00288672 0.00323388
2 0.000713356 0.993939 0.000798983 0.000722821 0.00166961 0.00107402 0.00108244
2 0.00192761 0.970756 0.0139629 0.00319663 0.00411248 0.0032456 0.00279888
2 0.00408864 0.966482 0.0139685 0.00441557 0.00420099 0.00395973 0.00288476
2 0.00523796 0.961494 0.0148067 0.00554516 0.00469968 0.00494643 0.00327022
2 0.00508318 0.965111 0.0113715 0.00685168 0.00326783 0.00510612 0.00320921
2 0.00211246 0.981548 0.00434463 0.00351838 0.00417819 0.00234971 0.00194865
2 0.00155255 0.985644 0.00216397 0.00302698 0.00173769 0.0019255 0.00394905
2 0.00460078 0.970936 0.00706117 0.00534347 0.00465817 0.00417507 0.00322529
2 0.0058625 0.960116 0.0147669 0.00643607 0.00485906 0.00457776 0.00338162
2 0.00421875 0.966212 0.0138501 0.00449966 0.00450081 0.00368534 0.00303352
2 0.00405153 0.965494 0.0144453 0.00457859 0.0045687 0.00376556 0.00309617
2 0.00541672 0.960135 0.0148014 0.00651187 0.00486313 0.00488377 0.00338814
2 0.00625373 0.989631 0.00115884 0.00051081 0.00078906 0.00084825 0.000808773
2 0.000863504 0.990467 0.000925836 0.00197621 0.00184431 0.00214617 0.00177731
2 0.00299542 0.990173 0.00183185 0.000847128 0.00161134 0.00128305 0.00125857
2 0.000883334 0.988922 0.00129762 0.00202619 0.00262578 0.00225367 0.00199125
2 0.00686547 0.974887 0.00708217 0.00234474 0.0035948 0.00274053 0.00248579
2 0.00233656 0.97684 0.00560613 0.00407698 0.00444409 0.00365311 0.00304299
2 0.00444072 0.967318 0.0141547 0.00340793 0.00430958 0.00341273 0.00295655
2 0.00824141 0.963145 0.0128524 0.00442605 0.00438971 0.00391035 0.00303547
2 0.00160411 0.986037 0.00131593 0.00253205 0.00354741 0.0026308 0.00233302
2 0.00598655 0.96006 0.0147423 0.00641757 0.00485125 0.00456314 0.00337915
2 0.00841744 0.963139 0.01267 0.00442827 0.00453864 0.00370055 0.00310567
2 0.0058764 0.963699 0.0144902 0.00449254 0.00450933 0.00376232 0.00317021
2 0.00762511 0.96917 0.00788345 0.00409087 0.00440428 0.00377076 0.00305601
2 0.00549762 0.965918 0.0114313 0.0051975 0.0046302 0.00411444 0.00321073
2 0.00407936 0.967513 0.0110868 0.00531763 0.0046424 0.0041429 0.00321819
2 0.00745323 0.958452 0.0141525 0.00689872 0.0049263 0.00469355 0.00342344
3 0.00399213 0.0030421 0.969329 0.0033382 0.0148669 0.00264729 0.00278411
3 0.00558066 0.0025952 0.979147 0.00197757 0.00680622 0.00179267 0.00210035
3 0.000440967 0.00255832 0.995267 0.00025977 0.000467605 0.000455711 0.000550438
3 3.13574e-06 1.96079e-06 0.999127 0.00014698 0.000103665 0.000277242 0.000339588
3 4.86012e-06 2.63726e-06 0.999 0.000138967 0.000141206 0.000311152 0.000400765
3 0.000446272 0.00176546 0.993506 0.000961149 0.00103014 0.00112718 0.00116384
3 0.00513335 0.00345593 0.98039 0.0021184 0.00481807 0.00196022 0.0021245
3 0.000566788 0.00240221 0.993394 0.000514887 0.00122662 0.000861599 0.001034
3 2.8589e-05 1.65074e-05 0.997126 0.000415912 0.00069546 0.000785474 0.000932357
3 0.000693911 0.00196763 0.990444 0.00146305 0.00208157 0.00164936 0.00170022
3 0.00549443 0.00443232 0.978438 0.00232067 0.00414124 0.00255316 0.00261987
3 0.00127273 0.00498664 0.984928 0.0015694 0.00307982 0.00202665 0.00213692
3 0.000511422 0.000656315 0.990375 0.0016434 0.00265788 0.00207131 0.0020851
3 0.00253096 0.00479347 0.978771 0.00360582 0.00424831 0.00317225 0.00287818
3 0.00235155 0.00300555 0.974399 0.00269233 0.0134236 0.00229006 0.00183777
3 0.00537093 0.00172339 0.982121 0.00152662 0.00613871 0.00162308 0.00149578
3 0.00385486 0.00753909 0.981451 0.00156245 0.00216694 0.00179807 0.0016274
3 0.00589699 0.00455956 0.973746 0.0027567 0.0075914 0.00241829 0.00303136
3 0.00174708 0.0082277 0.984566 0.000958062 0.00198194 0.00121745 0.00130211
3 0.000876872 0.00318538 0.987742 0.00175488 0.00267925 0.0018859 0.00187616
3 0.00342527 0.00896399 0.973634 0.0036873 0.00417268 0.00333687 0.00277967
3 0.0023688 0.00849349 0.98041 0.0017852 0.00162876 0.0038037 0.00150993
3 0.00541961 0.00488289 0.971399 0.00571988 0.00477151 0.00351386 0.00429312
3 0.00231613 0.00548715 0.978182 0.00367997 0.00427407 0.00320003 0.00286112
3 0.00471389 0.009498 0.969407 0.00502839 0.00449857 0.00375457 0.00309936
3 0.00308563 0.0086705 0.97553 0.0031988 0.00398501 0.00285387 0.00267572
3 0.00321619 0.0091432 0.973738 0.00363232 0.00428421 0.00314954 0.00283697
3 0.00400985 0.0094566 0.970106 0.00493031 0.00447981 0.00393375 0.00308337
3 0.00514979 0.00375901 0.988252 0.000478447 0.00077646 0.000733115 0.000850886
3 0.000702434 0.00209141 0.9912 0.00141436 0.00150869 0.00156461 0.00151882
3 0.00525753 0.00294401 0.986951 0.000759833 0.00161175 0.00114662 0.00132893
3 0.000803191 0.00179424 0.989648 0.00163918 0.00239431 0.00184313 0.00187805
3 0.00566627 0.00441851 0.979649 0.00196368 0.00349561 0.00237781 0.00242902
3 0.00158508 0.00334669 0.98179 0.0032487 0.00416379 0.00303839 0.00282772
3 0.00162033 0.00454658 0.984205 0.00222074 0.00306195 0.00222084 0.00212494
3 0.00529786 0.00898271 0.971894 0.00360309 0.00413615 0.00326046 0.00282619
3 0.0026636 0.00601786 0.977226 0.0037007 0.00427156 0.00321445 0.00290543
3 0.00477054 0.00949826 0.969262 0.00509011 0.00450484 0.0037684 0.00310607
3 0.00533493 0.00895603 0.97201 0.00350249 0.00425241 0.00306365 0.00288003
3 0.00382065 0.00891942 0.973401 0.00356756 0.00423602 0.00311981 0.0029358
3 0.00238586 0.0038215 0.980614 0.00600671 0.00240926 0.00240984 0.0023526
3 0.00421806 0.00858853 0.972656 0.00545932 0.00294795 0.00330939 0.00282094
3 0.00364245 0.00549143 0.976432 0.00557113 0.00268006 0.00340084 0.00278245
3 0.00463978 0.00933592 0.967903 0.00619307 0.00468917 0.00402946 0.00320956
4 0.0075073 0.00343532 0.00357502 0.944452 0.0357542 0.00402499 0.00125165
4 0.00658682 0.00336049 0.00329735 0.941665 0.0359269 0.00404172 0.00512122
4 0.00789525 0.00458587 0.00432294 0.936127 0.0360407 0.00465858 0.00637013
4 0.0124068 0.00807226 0.0107861 0.929726 0.0252928 0.00633824 0.00737783
4 0.00143307 0.00103805 0.00158429 0.991055 0.00290648 0.00139107 0.000591861
4 0.00119335 0.00115801 0.0016486 0.990542 0.0022264 0.00116812 0.00206364
4 0.00530322 0.00314729 0.00323914 0.945546 0.0191955 0.00312006 0.0204484
4 0.00128497 0.000833278 0.000946182 0.988637 0.00612534 0.00103137 0.00114219
4 0.000859727 0.000814323 0.00115214 0.994133 0.00103246 0.00100672 0.00100173
4 0.00051858 0.000491013 0.000622101 0.996219 0.000968499 0.000717953 0.000462543
4 0.00205776 0.00178447 0.00191796 0.971375 0.00332778 0.00149444 0.0180425
4 0.000584402 0.000527894 0.00063057 0.992386 0.00159535 0.000604924 0.00367063
4 0.00104335 0.001297 0.00177977 0.991268 0.00129193 0.00131295 0.00200657
4 0.000729042 0.000798885 0.000987388 0.994196 0.00138501 0.000931054 0.000973053
4 0.00765336 0.00870976 0.0069953 0.950977 0.0147842 0.00503329 0.00584747
4 0.00326552 0.00229763 0.00758293 0.978476 0.00440341 0.00273142 0.00124301
4 0.00490597 0.00564146 0.00724811 0.965646 0.00475512 0.00754934 0.00425429
4 0.00536574 0.00467606 0.00549942 0.949717 0.0110793 0.00401106 0.0196511
4 0.0103737 0.00902227 0.00955859 0.947413 0.00982666 0.00530048 0.00850535
4 0.00226966 0.00492288 0.003261 0.982595 0.0028279 0.00214652 0.00197659
4 0.00194193 0.00211852 0.00531372 0.983388 0.00226929 0.00191323 0.00305579
4 0.0062426 0.00585019 0.00959747 0.955986 0.0102056 0.00534892 0.00676969
4 0.00618515 0.00615063 0.00858919 0.968644 0.00338047 0.00463893 0.00241182
4 0.0106018 0.00786648 0.0100806 0.947093 0.00934249 0.00515833 0.00985747
4 0.00245988 0.00197975 0.00241953 0.985892 0.00304476 0.00156898 0.00263501
4 0.00793906 0.00562075 0.00706106 0.965598 0.00509079 0.00431854 0.00437129
4 0.0107767 0.00782374 0.00971449 0.950392 0.0102801 0.00507058 0.00594283
4 0.00486282 0.00548629 0.00704923 0.96966 0.00508938 0.00351944 0.00433273
4 0.00666942 0.00729196 0.00942452 0.960737 0.00528684 0.00480526 0.00578489
4 0.00292583 0.00347162 0.00387892 0.981899 0.00285062 0.0030963 0.00187735
5 0.0174056 0.00798616 0.00682852 0.0178902 0.938783 0.00510324 0.00600374
5 0.0189698 0.0119004 0.0123347 0.016822 0.926732 0.00626962 0.00697103
6 0.00917455 0.00523108 0.00557456 0.00543626 0.0241928 0.945697 0.00469366
6 0.0164246 0.0104819 0.00843269 0.00792779 0.0160691 0.935363 0.00530136
6 0.0124544 0.0142437 0.00978153 0.00572072 0.00706088 0.946035 0.00470365
6 0.00657367 0.00939473 0.00921261 0.00480558 0.00337591 0.963655 0.00298277
6 0.00960933 0.0146495 0.012805 0.00689139 0.00658371 0.944649 0.00481237
6 0.00814167 0.0140687 0.00903834 0.00607269 0.0088054 0.949093 0.0047805
6 0.00765879 0.0144507 0.0121181 0.00690967 0.00640786 0.94767 0.00478509
6 0.00633628 0.0130483 0.0105583 0.00570443 0.00485315 0.955439 0.00406041
6 0.00780791 0.0136593 0.01479 0.00788493 0.00655699 0.944403 0.00489773
7 0.016263 0.0074369 0.00765917 0.0230029 0.0415234 0.00774019 0.896374
7 0.00195485 0.00298115 0.00357347 0.00191102 0.0024158 0.00232342 0.98484
7 0.0259423 0.00718902 0.00769811 0.0116387 0.0212889 0.00629591 0.919947
7 0.0091656 0.0100535 0.0120999 0.040716 0.0125812 0.00728834 0.908095
7 0.00820564 0.00935735 0.0116981 0.0340543 0.00997491 0.00693431 0.919775
7 0.00444007 0.00587481 0.00719627 0.0413081 0.00416085 0.00461191 0.932408
7 0.022639 0.00547341 0.00609702 0.0098518 0.0175333 0.00524834 0.933157
7 0.0176022 0.00494351 0.00576069 0.0387835 0.0137703 0.00454654 0.914593
7 0.0214836 0.0124434 0.0162554 0.0430761 0.0144825 0.00869158 0.883567
7 0.00256842 0.00259304 0.0034535 0.0110424 0.00263892 0.00238205 0.975322
7 0.0130937 0.0133553 0.0186518 0.0435449 0.0112009 0.00910126 0.891052
1 0.972812 0.0108157 0.00427614 0.00161278 0.00608485 0.00200039 0.00239778
1 0.989322 0.00413236 0.00193886 0.000611598 0.000890741 0.00129429 0.00181021
1 0.972857 0.0105669 0.0040024 0.00248211 0.00322047 0.00379936 0.00307141
1 0.959648 0.0121549 0.00523197 0.00257307 0.0133696 0.00396374 0.00305918
1 0.973239 0.0105816 0.00220192 0.00260963 0.00407712 0.00379693 0.00349421
1 0.985079 0.00361846 0.00163018 0.00165355 0.00271673 0.00251314 0.00278942
1 0.99544 0.00160495 0.000438777 0.000238144 0.00049094 0.000577741 0.00120962
1 0.996428 0.000490718 0.000253236 0.000322335 0.000387487 0.000828699 0.00128909
1 0.984758 0.00281881 0.00123575 0.00204851 0.00305964 0.00331825 0.00276147
1 0.990184 0.00432578 0.00123454 0.000331675 0.00117618 0.00109959 0.00164827
1 0.956526 0.0113253 0.00916552 0.00625129 0.00711125 0.0052799 0.00434113
1 0.974845 0.0104098 0.00389045 0.00227193 0.00302383 0.00282106 0.00273828
1 0.986414 0.00289972 0.00158882 0.00155659 0.00266738 0.00247897 0.00239407
1 0.96813 0.0109916 0.00430864 0.00277357 0.00626241 0.00417161 0.00336191
1 0.972184 0.0105738 0.00399664 0.00248764 0.00399182 0.00369362 0.00307283
1 0.975519 0.00793912 0.00161613 0.00268673 0.00510315 0.00396646 0.00316933
1 0.960933 0.00955442 0.00842588 0.0053136 0.00681481 0.00514587 0.00381253
1 0.994934 0.000204203 0.00012518 0.000164567 0.00242499 0.000801174 0.00134574
2 0.00373949 0.989916 0.00170441 0.000720532 0.00179315 0.00116351 0.000963017
3 0.00384536 0.00843419 0.9821 0.000843222 0.00198303 0.0014475 0.00134676
4 0.00651882 0.00495693 0.00307524 0.975021 0.00616096 0.00287351 0.00139364
5 0.0421815 0.00820834 0.00500532 0.00210744 0.932408 0.00423714 0.00585192
6 0.0102315 0.0101206 0.00801816 0.00353598 0.0059679 0.959134 0.00299191
7 0.0173562 0.0197922 0.0184083 0.0382401 0.0212795 0.0080927 0.876831
1 0.97791 0.0016124 0.00163898 0.00168301 0.01222 0.00259324 0.00234218
2 0.00452875 0.970265 0.0141816 0.00193334 0.00467088 0.00246804 0.0019526
3 0.00290914 0.00090774 0.986703 0.00156039 0.00372223 0.00219677 0.00200112
4 0.00804455 0.00531286 0.00540322 0.959405 0.0136307 0.00425504 0.00394822
5 0.0214951 0.00343657 0.00338203 0.00309343 0.958458 0.00438003 0.00575483
6 0.00938054 0.00699445 0.00824711 0.00444052 0.00930712 0.958185 0.00344553
7 0.0133877 0.0111677 0.0141296 0.0283883 0.0214646 0.0070889 0.904373
1 0.939223 0.0102269 0.00970972 0.00801988 0.021887 0.00684401 0.00408991
2 0.00441892 0.964265 0.014378 0.00431818 0.00569083 0.00392413 0.00300494
3 0.00343702 0.00917528 0.972559 0.00347165 0.00529097 0.00327139 0.0027945
4 0.0116014 0.0099519 0.0122044 0.932868 0.0184499 0.00686416 0.00806019
5 0.040195 0.0143996 0.0147695 0.0146763 0.896707 0.00983749 0.00941513
6 0.0132525 0.0120484 0.0153713 0.00950171 0.0133883 0.931438 0.00500016
7 0.0182877 0.0176085 0.0232461 0.0389381 0.0239027 0.0103577 0.867659
2 0.00182651 0.985226 0.00439311 0.00187426 0.00429835 0.00165122 0.000730302
2 0.00535635 0.981281 0.0054846 0.00183902 0.00350741 0.0016263 0.000905128
2 0.000548784 0.99419 0.00200452 0.000683233 0.00107137 0.000848206 0.000653861
2 0.00297084 0.986455 0.00656177 0.000889201 0.00131302 0.000984404 0.000825536
2 0.00226756 0.970212 0.0140553 0.00370082 0.00501427 0.00258987 0.00215985
2 0.0048889 0.967982 0.0142462 0.00344771 0.0045117 0.00264204 0.00228097
2 0.00637616 0.976003 0.00785717 0.00223777 0.00367322 0.00217874 0.00167423
2 0.00732083 0.966333 0.0135673 0.00283393 0.00415879 0.00302465 0.00276134
2 0.00163498 0.992494 0.00305815 0.000695627 0.000829033 0.000788702 0.000499578
2 0.00137905 0.991611 0.00224404 0.000944261 0.00159845 0.00119498 0.00102859
2 0.00164891 0.988002 0.00242505 0.0014103 0.00275465 0.00187416 0.00188534
2 0.00304983 0.981719 0.011144 0.00100535 0.00121396 0.00107031 0.000798026
2 0.00374417 0.975996 0.0137649 0.0013618 0.0021272 0.0015864 0.00141939
2 0.00405358 0.971673 0.014018 0.0020607 0.00343246 0.00242721 0.00233492
2 0.00248757 0.977547 0.0138069 0.00155103 0.00138606 0.00183138 0.00139001
2 0.00297554 0.974143 0.0139074 0.00209859 0.00252418 0.00235103 0.00200019
2 0.00424734 0.970282 0.0116679 0.00328893 0.00425426 0.00334727 0.00291277
2 0.00202896 0.988227 0.00402475 0.00163743 0.0015951 0.00130207 0.00118462
2 0.00418353 0.980837 0.00648867 0.00202399 0.00264 0.00199225 0.00183408
2 0.00819848 0.965193 0.0129052 0.0032532 0.00426559 0.00328578 0.0028988
2 0.00595828 0.967813 0.0142326 0.00296071 0.00480733 0.00232693 0.00190133
2 0.00350636 0.970153 0.0138455 0.00358909 0.00521731 0.00238126 0.00130758
2 0.00316678 0.967523 0.014146 0.00403713 0.0039409 0.00458587 0.00260022
2 0.00386567 0.96583 0.0143605 0.00282842 0.00835716 0.00227997 0.00247856
2 0.00471848 0.963883 0.0143948 0.00404725 0.00530395 0.00237408 0.00527863
2 0.00482393 0.976382 0.00842699 0.00262266 0.00385246 0.00210054 0.00179145
2 0.00430027 0.967634 0.0141388 0.00332627 0.00421275 0.00344971 0.00293818
2 0.0037062 0.968735 0.0141526 0.00376641 0.00467738 0.00254775 0.00241421
2 0.00338724 0.969118 0.0141391 0.00365417 0.00470764 0.00248204 0.00251171
2 0.00351501 0.96681 0.0140413 0.00405923 0.00420343 0.00451598 0.0028549
2 0.00487225 0.975213 0.0133076 0.00170799 0.00187257 0.00160712 0.00141965
2 0.00332671 0.968218 0.0139671 0.00396695 0.0042869 0.00335222 0.00288229
2 0.00330476 0.970369 0.0137768 0.00371988 0.00353396 0.00298412 0.00231125
2 0.00347282 0.967535 0.0140137 0.00402759 0.00410193 0.00407118 0.00277766
2 0.00194319 0.975536 0.0137878 0.00218511 0.00289882 0.00178984 0.00185963
2 0.00199591 0.975461 0.013791 0.00230536 0.00212448 0.00186018 0.00246238
2 0.00328469 0.978283 0.0117079 0.00210547 0.00185233 0.00138707 0.00137961
2 0.00412751 0.967614 0.014094 0.00347013 0.00423981 0.00350158 0.00295342
2 0.00294244 0.971504 0.0138799 0.00333825 0.00298497 0.00283775 0.00251223
2 0.00236645 0.973104 0.0138432 0.00356332 0.00263206 0.00226912 0.00222139
2 0.00360943 0.966965 0.0140129 0.00406671 0.00428536 0.00410827 0.00295228
1 0.972696 0.0100863 0.00221235 0.00145735 0.0094192 0.00203836 0.00209007
2 0.0013995 0.991226 0.0014113 0.000716704 0.00265265 0.00139345 0.00120081
3 0.00246753 0.00843763 0.982519 0.000722994 0.00273638 0.0015867 0.00152936
4 0.00766968 0.00960418 0.00870672 0.952549 0.0130079 0.00446783 0.00399517
5 0.0251969 0.0180017 0.00977057 0.00274649 0.934236 0.00429301 0.00575568
6 0.00842483 0.0137405 0.0124374 0.00495428 0.00912026 0.947632 0.00369089
7 0.0149252 0.0218033 0.0238306 0.0269472 0.0238356 0.00787525 0.880783
1 0.971422 0.00160675 0.00163796 0.00159556 0.0184436 0.002941 0.00235295
2 0.00288167 0.980382 0.00559244 0.00153834 0.00533073 0.00234402 0.00193098
3 0.0028011 0.00077519 0.986374 0.0013072 0.00449303 0.00221607 0.00203374
4 0.00942221 0.00638165 0.0068936 0.944903 0.0208561 0.00511448 0.00642878
5 0.0158604 0.0030417 0.00224676 0.00173831 0.969205 0.00329188 0.00461569
6 0.00682312 0.00494609 0.00602494 0.00306222 0.0100026 0.966121 0.00302026
7 0.00932302 0.00724393 0.00999876 0.0170206 0.0191312 0.00516371 0.932119
1 0.949463 0.00677061 0.00704858 0.00645812 0.0212303 0.00559814 0.00343132
2 0.0035321 0.968859 0.0127069 0.00359131 0.00530236 0.00334618 0.00266229
3 0.002856 0.00458153 0.97971 0.0027183 0.00483891 0.00280074 0.00249429
4 0.0100263 0.00827034 0.0102039 0.939133 0.0186783 0.00601274 0.00767521
5 0.0299811 0.00808315 0.00908579 0.010048 0.928519 0.00695559 0.00732732
6 0.0105455 0.00899849 0.012018 0.00749218 0.012363 0.944324 0.0042592
7 0.0144457 0.0132498 0.0183076 0.030583 0.0220089 0.00829481 0.89311
3 0.000905991 0.00504218 0.984994 0.00386399 0.00297446 0.00141865 0.000800353
3 0.00201839 0.00344366 0.985322 0.00434803 0.00264201 0.00128738 0.000938687
3 0.000552138 0.00821119 0.986118 0.00169795 0.00160279 0.000913496 0.000904264
3 0.000810798 0.00203118 0.992786 0.000901752 0.00164562 0.00085107 0.000973711
3 0.00156243 0.00768337 0.976773 0.00588182 0.0039487 0.00215959 0.0019914
3 0.00218234 0.00831443 0.976506 0.00506377 0.00373408 0.00211981 0.00208006
3 0.00244021 0.0046155 0.982824 0.00362579 0.00313291 0.0017366 0.00162503
3 0.00296521 0.00876411 0.975836 0.00320784 0.00396625 0.00263027 0.00263077
3 0.00100778 0.00218454 0.989982 0.0033108 0.00162791 0.00102278 0.000864073
3 0.00108564 0.00206898 0.990199 0.00200917 0.00212122 0.00122647 0.00128931
3 0.00144342 0.00405727 0.985947 0.00188242 0.00291902 0.00179619 0.00195421
3 0.000811439 0.0011852 0.993313 0.00126668 0.00162523 0.000875097 0.000923755
3 0.00120349 0.00167453 0.991181 0.00124551 0.00218697 0.00115104 0.00135751
3 0.00228836 0.0085117 0.979958 0.00195076 0.00320079 0.00196112 0.00212899
3 0.00145681 0.00361147 0.986713 0.00218029 0.00229904 0.00189605 0.00184337
3 0.00182186 0.0032215 0.985529 0.00224707 0.00296307 0.00208478 0.00213309
3 0.00317138 0.00904181 0.974069 0.00367256 0.0041547 0.00306231 0.00282799
3 0.0012455 0.00331969 0.985121 0.00472087 0.00239918 0.00155703 0.00163682
3 0.00173337 0.00471455 0.98348 0.00304114 0.0030346 0.0019504 0.00204615
3 0.003071 0.00898495 0.974542 0.00364871 0.00408642 0.00290135 0.00276604
3 0.00217546 0.00767057 0.976338 0.00601507 0.00417723 0.00193852 0.00168472
3 0.00254687 0.00870069 0.976221 0.00335284 0.00406683 0.00257228 0.00253931
3 0.000725056 0.00525788 0.985189 0.00497666 0.00176924 0.0012548 0.000827505
3 0.00211547 0.00858837 0.975091 0.00516398 0.00372994 0.00290515 0.0024057
3 0.00187042 0.00739924 0.973582 0.00670772 0.00632682 0.00188882 0.00222512
3 0.00239879 0.00828938 0.973637 0.00571206 0.00480758 0.00207264 0.00308234
3 0.00205927 0.00636262 0.980396 0.00507582 0.00287929 0.00166914 0.00155753
3 0.00314833 0.00875411 0.974803 0.00318373 0.00412471 0.00314566 0.00284061
3 0.00228348 0.00893865 0.975303 0.00421422 0.00488144 0.00211601 0.00226271
3 0.00219027 0.00857043 0.974831 0.00517821 0.00492493 0.00207029 0.00223442
3 0.00256313 0.00876849 0.975724 0.00317215 0.00391535 0.00322832 0.00262898
3 0.00212706 0.00857788 0.979291 0.003701 0.00279526 0.00172739 0.00178023
3 0.00229673 0.0088607 0.975656 0.00388682 0.00395442 0.00269443 0.00265116
3 0.00085158 0.00832118 0.984181 0.00197146 0.00172655 0.00146701 0.00148123
3 0.00238492 0.00888429 0.975239 0.00409024 0.00388052 0.00293065 0.00259004
3 0.00166118 0.00866845 0.978099 0.00410643 0.00360094 0.00176063 0.00210328
3 0.00169876 0.00867738 0.978585 0.0036961 0.00302349 0.00187605 0.00244342
3 0.00115962 0.00440876 0.984884 0.00449334 0.00222894 0.00129017 0.00153479
3 0.00314141 0.00880888 0.974616 0.00325406 0.00414626 0.00317484 0.00285883
3 0.00231392 0.00872054 0.977121 0.00282738 0.00410099 0.00245812 0.00245779
3 0.00200713 0.0083013 0.975868 0.00538157 0.00381496 0.00222443 0.00240276
3 0.00279478 0.00882278 0.974885 0.00350831 0.00404164 0.00320486 0.00274246
1 0.957443 0.00601075 0.00955453 0.00528342 0.0148745 0.00383835 0.00299542
2 0.0016507 0.974409 0.0139103 0.00162672 0.00398747 0.00240052 0.00201525
3 0.00161133 0.000922515 0.989843 0.000824504 0.00336605 0.00173848 0.00169375
4 0.00676303 0.00517184 0.0106804 0.952741 0.0143723 0.00473972 0.00553175
5 0.0185005 0.00854569 0.0174159 0.0104035 0.93478 0.00460905 0.00574516
6 0.00656666 0.00662974 0.0154106 0.0103824 0.0100811 0.946861 0.00406902
7 0.013487 0.013129 0.0260522 0.0324792 0.0257034 0.00792322 0.881226
1 0.969871 0.00128325 0.00174576 0.00225055 0.0186061 0.0036498 0.00259322
2 0.00312737 0.982344 0.00257436 0.00163897 0.00521434 0.00279427 0.00230717
3 0.00288313 0.00127981 0.984617 0.00151917 0.00498593 0.00248389 0.00223077
4 0.0115099 0.00648272 0.00844405 0.936924 0.0224664 0.00620615 0.00796646
5 0.0219452 0.0026827 0.0036939 0.00274164 0.959332 0.00432109 0.00528379
6 0.00646533 0.00378716 0.00573911 0.00361329 0.00939529 0.967907 0.00309318
7 0.00909568 0.00591116 0.00897888 0.0156024 0.0173896 0.0051363 0.937886
1 0.945996 0.00669805 0.00853436 0.00720692 0.0213709 0.00644075 0.00375322
2 0.00412775 0.9649 0.0142396 0.00434114 0.00556741 0.00386325 0.0029606
3 0.00332903 0.00620617 0.975806 0.00350046 0.00518557 0.00322306 0.00274943
4 0.0112941 0.00909157 0.0123454 0.933565 0.0188566 0.00679307 0.00805418
5 0.0381438 0.00974113 0.0129386 0.0140685 0.907439 0.00906194 0.00860744
6 0.0123921 0.0101838 0.0149378 0.00867531 0.0131665 0.935817 0.00482743
7 0.0182144 0.0162675 0.0237058 0.0380546 0.0253387 0.0103075 0.868111
4 0.00224804 0.0027748 0.00580792 0.964939 0.0203562 0.00234703 0.00152648
4 0.00140434 0.00174887 0.00333767 0.977988 0.0129068 0.00142556 0.00118869
4 0.00539292 0.00508195 0.0098012 0.956141 0.0136247 0.00520105 0.00475709
4 0.00444709 0.00418992 0.00782607 0.963342 0.0115124 0.00444606 0.00423635
4 0.00213749 0.00337749 0.00953149 0.96519 0.0151169 0.0026085 0.0020379
4 0.00129219 0.0017225 0.00398535 0.978271 0.0119009 0.00137535 0.0014522
4 0.00567448 0.0053005 0.0102821 0.954113 0.0145436 0.00517682 0.00490948
4 0.00358766 0.00320415 0.00583855 0.968999 0.0111449 0.0035141 0.00371132
4 0.00265 0.00378101 0.0116579 0.946079 0.030908 0.00281636 0.00210765
4 0.0060538 0.00561218 0.0105585 0.953866 0.013008 0.00558353 0.00531818
4 0.00390325 0.00385254 0.00858719 0.966961 0.0101408 0.00364939 0.00290604
4 0.00384525 0.00487916 0.00934332 0.959421 0.0162806 0.00371287 0.00251783
4 0.0038572 0.0049525 0.00897808 0.95917 0.0167003 0.00380129 0.00254032
4 0.00410978 0.00457487 0.0122937 0.940083 0.0306122 0.00375557 0.00457129
4 0.00372845 0.00352318 0.00628796 0.958137 0.0105002 0.0135843 0.00423855
4 0.00461089 0.00517078 0.010701 0.949649 0.0205602 0.00399387 0.00531381
4 0.00731107 0.00446695 0.00969435 0.958579 0.0122938 0.00357079 0.00408426
4 0.00428437 0.00377013 0.00864571 0.964283 0.00959606 0.00452291 0.0048982
4 0.00430779 0.00386928 0.00844313 0.964244 0.00963845 0.00457635 0.0049214
4 0.00374442 0.00340315 0.00775713 0.941764 0.0355653 0.00343939 0.00432694
4 0.00381083 0.00439333 0.00953115 0.960225 0.00888259 0.00853451 0.00462278
4 0.00232468 0.00227889 0.00431854 0.978422 0.00793188 0.00242077 0.00230356
4 0.00247222 0.00299932 0.00531046 0.972619 0.0119348 0.00256737 0.00209659
4 0.00248338 0.00306912 0.00505413 0.972546 0.0121179 0.00261336 0.00211628
4 0.00242768 0.00265624 0.00486556 0.973545 0.0111999 0.00255757 0.00274846
4 0.00509367 0.0052673 0.0120995 0.940441 0.0277144 0.00414565 0.00523889
4 0.00417089 0.00418536 0.00791624 0.954462 0.0108124 0.0138839 0.00456925
4 0.00365652 0.00435962 0.00829366 0.952854 0.0206666 0.0031551 0.00701427
4 0.00587242 0.00403509 0.0079824 0.964105 0.011005 0.00329268 0.00370706
4 0.00439584 0.00397725 0.00891076 0.9634 0.00966001 0.00464431 0.00501201
4 0.00440836 0.00399277 0.00867977 0.963488 0.0097072 0.00469707 0.00502731
4 0.00631706 0.0060429 0.0107257 0.95362 0.0121533 0.00571765 0.00542317
4 0.00479843 0.00427121 0.00899425 0.938647 0.0346962 0.0038247 0.00476833
4 0.00440409 0.00465551 0.00966599 0.959209 0.00918838 0.00806672 0.00481025
1 0.960505 0.00183912 0.00481059 0.00920652 0.0165475 0.00413943 0.0029516
2 0.00301759 0.967284 0.014214 0.00458466 0.00499516 0.00321896 0.0026856
3 0.00185778 0.00138938 0.984627 0.00350716 0.00439947 0.00218389 0.00203543
4 0.00627688 0.00360336 0.00569262 0.95945 0.0163915 0.00409561 0.00449054
5 0.0172339 0.00362966 0.00513154 0.0188426 0.946747 0.00389124 0.00452388
6 0.00668162 0.00509222 0.00849583 0.00966131 0.0105277 0.955448 0.00409339
7 0.0137921 0.00936457 0.0150115 0.0401061 0.0328194 0.0080589 0.880847
1 0.976035 0.00103648 0.00119527 0.00238646 0.013753 0.00325336 0.00234079
2 0.00314458 0.98508 0.00114437 0.00147047 0.00426207 0.00261342 0.0022854
3 0.0026012 0.00468711 0.982088 0.00149975 0.00454996 0.00236975 0.00220392
4 0.0110387 0.00546338 0.00730561 0.943974 0.0193729 0.00572647 0.00711879
5 0.0258135 0.00236087 0.00312865 0.00364969 0.954858 0.00475228 0.00543714
6 0.00609373 0.00311579 0.00432782 0.00325949 0.0080371 0.972125 0.00304154
7 0.00856459 0.00502153 0.00685337 0.0147202 0.0151148 0.00481657 0.944909
1 0.946139 0.00704286 0.00850571 0.0069661 0.0207947 0.00676651 0.00378539
2 0.00406547 0.968136 0.0115003 0.00400544 0.00550215 0.00384786 0.00294233
3 0.00330597 0.00912611 0.973005 0.00337743 0.00517963 0.00324832 0.00275747
4 0.0112622 0.00888671 0.0124293 0.933885 0.0185588 0.00690172 0.00807624
5 0.0388507 0.0104706 0.0142231 0.0151418 0.90242 0.0100022 0.00889197
6 0.012131 0.0093627 0.013747 0.00807408 0.0125144 0.939371 0.0048002
7 0.018276 0.0156179 0.0225743 0.0387893 0.0251444 0.0104233 0.869175
5 0.0407989 0.0085831 0.00754032 0.0190487 0.907569 0.00843915 0.00802034
5 0.0134325 0.00573503 0.00842082 0.0184369 0.940959 0.00804605 0.00496971
5 0.0133768 0.00630323 0.00904702 0.0188855 0.934539 0.00612361 0.0117252
5 0.00412833 0.00171847 0.003138 0.00256883 0.984514 0.00199835 0.00193373
5 0.0136037 0.0062362 0.00869397 0.0183532 0.941298 0.00599698 0.00581842
1 0.960737 0.00187962 0.00311938 0.00571671 0.0210868 0.00476419 0.0026967
2 0.00325421 0.975005 0.00571183 0.00502814 0.00531628 0.00313503 0.00254995
3 0.00228927 0.00415413 0.979729 0.00394883 0.00508237 0.00254646 0.00224988
4 0.00811635 0.00466939 0.00643572 0.945407 0.0250602 0.00527619 0.00503514
5 0.0153377 0.00219893 0.00345829 0.00572535 0.96488 0.00454921 0.00385068
6 0.00717895 0.00465396 0.0069942 0.00859534 0.0125888 0.956141 0.00384728
7 0.012416 0.00776502 0.0101718 0.0281406 0.0362992 0.0076137 0.897594
1 0.979627 0.00116731 0.00123456 0.00161886 0.0116585 0.00270254 0.00199158
2 0.00215525 0.988277 0.00103704 0.00119876 0.00346996 0.0019878 0.00187391
3 0.00187331 0.00858241 0.981069 0.00109978 0.00360587 0.00187509 0.00189418
4 0.00834321 0.00464944 0.00601208 0.954462 0.0158765 0.00455881 0.00609808
5 0.0209206 0.00242995 0.00265378 0.0029633 0.961664 0.00443841 0.00493028
6 0.00552881 0.00297151 0.00386141 0.00283439 0.00751765 0.974498 0.0027883
7 0.00653228 0.00407726 0.00512394 0.0117393 0.0126724 0.003835 0.95602
1 0.95174 0.00625089 0.0065822 0.00586036 0.0200869 0.00609856 0.00338106
2 0.00331606 0.973363 0.00916839 0.00317807 0.00508353 0.00329331 0.00259784
3 0.00269955 0.00794814 0.976997 0.00243199 0.00469625 0.0027782 0.00244938
4 0.00987274 0.00766593 0.0102725 0.940292 0.0181734 0.00618488 0.00753801
5 0.0300198 0.00775868 0.00995343 0.0109719 0.925527 0.00824651 0.00752277
6 0.00983226 0.00730221 0.0101442 0.00661077 0.0111799 0.950814 0.00411704
7 0.0142205 0.0118323 0.016384 0.0305583 0.0220718 0.00836334 0.89657
6 0.00821526 0.00576471 0.00841128 0.00647611 0.0191726 0.947589 0.00437087
6 0.00648785 0.00712249 0.0119569 0.00905884 0.00419478 0.956682 0.00449736
6 0.00467969 0.00428835 0.0066193 0.0059049 0.00500775 0.969974 0.00352651
6 0.00719145 0.00746042 0.0135228 0.010258 0.005676 0.951218 0.00467357
6 0.00758205 0.00894762 0.0158093 0.00910518 0.00663423 0.947012 0.0049099
6 0.00761906 0.00592178 0.00882215 0.0073027 0.0165788 0.949322 0.00443317
6 0.00634433 0.00685417 0.0118477 0.00941296 0.00442178 0.956627 0.00449254
6 0.00746399 0.00858278 0.0157009 0.0091372 0.00659233 0.947636 0.00488695
6 0.00352295 0.00280904 0.0042833 0.00429893 0.00816473 0.974018 0.00290261
6 0.003009 0.00286732 0.00455055 0.00449653 0.00313788 0.979021 0.00291789
6 0.00362846 0.00389873 0.00675134 0.00471815 0.00417615 0.973683 0.00314403
6 0.00635739 0.00598937 0.00870897 0.00981033 0.0083351 0.956253 0.00454592
6 0.00640635 0.00664931 0.00948136 0.0103904 0.00663546 0.955763 0.00467421
6 0.00740946 0.00897119 0.014001 0.0106916 0.00657148 0.947462 0.00489315
1 0.948139 0.0051701 0.00547572 0.0061178 0.0221644 0.0093834 0.00354993
2 0.00390539 0.963761 0.0144252 0.00515471 0.00576645 0.00410284 0.00288473
3 0.0031064 0.00920374 0.972403 0.0038202 0.00535319 0.00342351 0.00268983
4 0.0116215 0.00859777 0.0120298 0.928149 0.0228954 0.00898958 0.00771657
5 0.0334246 0.00711713 0.00906552 0.00918569 0.917473 0.0159735 0.007761
6 0.0107686 0.00745204 0.0097364 0.0101809 0.013618 0.943549 0.0046949
7 0.0165947 0.0128296 0.0161222 0.0336896 0.0344207 0.0109751 0.875368
1 0.972182 0.00282407 0.00274439 0.00275514 0.0129886 0.00399497 0.00251066
2 0.00238433 0.983048 0.00459501 0.00178756 0.00372412 0.00236861 0.00209253
3 0.00199781 0.00758369 0.981328 0.00141161 0.00356234 0.0020725 0.00204419
4 0.00866199 0.00596913 0.00831596 0.952208 0.0128188 0.00517138 0.00685431
5 0.0319086 0.00617392 0.00679876 0.00722089 0.931663 0.00862561 0.00760953
6 0.00819387 0.00540887 0.0069785 0.00506938 0.00903399 0.961743 0.00357205
7 0.0088621 0.00669558 0.00870398 0.0176285 0.0142908 0.00535189 0.938467
1 0.940896 0.00805854 0.0087004 0.00884749 0.0218526 0.00766219 0.00398317
2 0.00420824 0.964428 0.0142979 0.00443664 0.00564377 0.00399489 0.00299069
3 0.00336727 0.00915415 0.972514 0.00355899 0.00527934 0.00334312 0.00278295
4 0.0117181 0.00930989 0.0123355 0.932417 0.0187079 0.00729498 0.00821651
5 0.0397838 0.0111747 0.013185 0.0164206 0.898717 0.0113231 0.00939603
6 0.0131251 0.0105644 0.0144235 0.010461 0.0132831 0.933159 0.00498412
7 0.018506 0.0163379 0.0222877 0.038822 0.0254369 0.0107863 0.867823
