labels 1 3 5 6 7 8 2 4
3 0.014183 0.930565 0.00833788 0.00850678 0.00673901 0.00670743 0.0106387 0.0143223
3 0.00333408 0.978457 0.00303401 0.00240692 0.0026408 0.00223529 0.00523342 0.0026583
3 0.00176511 0.987989 0.00157848 0.00185628 0.00127678 0.000961507 0.00303798 0.00153446
3 0.00107198 0.987167 0.0020485 0.00223361 0.00167204 0.00122282 0.00303417 0.00155001
3 0.000906737 0.989368 0.00197412 0.00175676 0.0016552 0.00131791 0.0016396 0.00138173
3 0.0231747 0.920043 0.00831136 0.00861684 0.00632838 0.00493895 0.0199138 0.00867332
3 0.00402665 0.966712 0.00525213 0.00491628 0.00401767 0.00345709 0.00703565 0.00458217
3 0.00362531 0.961559 0.00601773 0.00675913 0.00445382 0.00329249 0.00892776 0.005365
3 0.00227527 0.972346 0.0051653 0.00528299 0.00384293 0.0031144 0.00361473 0.00435862
3 0.0687523 0.868419 0.00777148 0.00790404 0.00594628 0.00477208 0.0289462 0.0074887
3 0.0128299 0.951017 0.00585706 0.0056901 0.0045718 0.00380004 0.0110762 0.00515808
3 0.00439461 0.965474 0.00581396 0.00593454 0.00446757 0.00362645 0.00507515 0.00521382
3 0.0117221 0.931949 0.00637631 0.00895765 0.00594212 0.00644536 0.0167242 0.0118833
3 0.0121415 0.948878 0.00602976 0.00579712 0.00522933 0.00453305 0.00994908 0.00744202
3 0.0080074 0.947498 0.00595166 0.00616215 0.00447417 0.00379692 0.0183138 0.00579588
3 0.00910357 0.953482 0.00485714 0.00570896 0.0045656 0.00459311 0.0114716 0.00621807
3 0.00207756 0.981493 0.00292794 0.00323404 0.00243395 0.00195695 0.00339411 0.00248232
3 0.00505625 0.96181 0.00618355 0.00663097 0.00444372 0.00352392 0.00663198 0.00571987
1 0.377739 0.169509 0.0427993 0.0817696 0.0257273 0.0133355 0.224597 0.0645229
3 0.0197607 0.887442 0.0115774 0.0204719 0.00809375 0.00565849 0.0341997 0.0127962
3 0.0145846 0.960143 0.00396362 0.00346505 0.00451489 0.00285006 0.00686568 0.00361289
3 0.0118849 0.953337 0.00572724 0.00554041 0.00471473 0.00381188 0.0098736 0.00511016
3 0.103153 0.844288 0.00694233 0.00699038 0.00540372 0.00427525 0.0227485 0.00619873
3 0.00869653 0.95511 0.00626281 0.00651421 0.0047959 0.0038471 0.00901963 0.00575374
3 0.012929 0.94308 0.00587251 0.00602148 0.00496347 0.00398794 0.0175953 0.00555018
3 0.00608094 0.957133 0.00684419 0.0074574 0.00505668 0.00400653 0.00702114 0.00639998
1 0.419337 0.147337 0.0404385 0.075899 0.0244998 0.0128127 0.21936 0.0603156
3 0.00453822 0.971632 0.00310429 0.00510494 0.0027121 0.00245834 0.00627576 0.00417467
3 0.023999 0.892276 0.0103213 0.0162522 0.00706634 0.00469697 0.0329618 0.0124266
3 0.0148097 0.931795 0.00782756 0.0098427 0.00565469 0.00434646 0.0170379 0.00868594
2 0.0149655 0.00628549 0.00874418 0.00682235 0.00564384 0.00648977 0.940012 0.0110366
2 0.014347 0.00509881 0.00622617 0.00420598 0.00417234 0.00426635 0.956531 0.0051527
2 0.00408136 0.00382968 0.00351509 0.00192389 0.00220167 0.00237636 0.979995 0.00207686
2 0.00110267 0.00179317 0.00264484 0.00189066 0.00150161 0.00119388 0.98861 0.00126297
2 0.00116943 0.00157735 0.00295062 0.00190077 0.00168686 0.00144399 0.987851 0.00142007
2 0.0593519 0.0124566 0.00813364 0.00626562 0.00512624 0.00464062 0.897704 0.00632142
2 0.00494362 0.00564302 0.00657836 0.0051795 0.00381374 0.00328086 0.966402 0.00415939
2 0.00250349 0.00314892 0.0060074 0.00425171 0.00346515 0.00329545 0.973692 0.00363575
2 0.0103577 0.00608932 0.00572629 0.00366897 0.00335318 0.00354253 0.963794 0.00346852
2 0.103384 0.0202282 0.00770409 0.00612709 0.00488546 0.00457707 0.847399 0.00569477
2 0.0147675 0.00767992 0.00631078 0.00433645 0.00376748 0.00385751 0.955422 0.00385873
2 0.00345376 0.00384205 0.00669542 0.00491199 0.00392499 0.00387582 0.969063 0.00423297
2 0.0136119 0.0111826 0.0074146 0.00743545 0.00508017 0.00627572 0.939382 0.00961749
2 0.0105843 0.0061536 0.00522052 0.00388458 0.00351081 0.00424398 0.962217 0.00418569
2 0.00717801 0.00907224 0.00551489 0.00373163 0.00317842 0.00341773 0.964314 0.00359275
2 0.00519532 0.00378163 0.00418821 0.00362837 0.00230187 0.00175282 0.976317 0.00283482
2 0.00263388 0.00254388 0.00404465 0.00293228 0.00224472 0.0018565 0.981579 0.00216487
2 0.00661147 0.00564049 0.00743264 0.0059594 0.00402736 0.00338997 0.962012 0.00492713
2 0.109869 0.0646283 0.027131 0.039137 0.0156252 0.00983871 0.702361 0.031409
2 0.010663 0.00818643 0.00811306 0.00948965 0.00478899 0.00392075 0.948788 0.0060499
2 0.0141216 0.00427419 0.00470591 0.00300881 0.00398561 0.00311504 0.963802 0.00298635
2 0.00190776 0.00216116 0.00435151 0.00313408 0.00287803 0.00218796 0.981021 0.0023585
2 0.0143785 0.00480835 0.00611288 0.00408109 0.00387669 0.00384421 0.959167 0.00373099
2 0.00236123 0.0030258 0.00654778 0.00469904 0.00393028 0.00371973 0.971627 0.00408957
2 0.0144748 0.00479236 0.00621487 0.00423826 0.00377804 0.00381444 0.958951 0.00373586
2 0.00260408 0.00335977 0.00664392 0.00481095 0.00391234 0.00387518 0.970644 0.00414963
2 0.0136223 0.00974463 0.00631993 0.00469833 0.00416242 0.0040404 0.953209 0.00420254
2 0.00854867 0.00630396 0.00869233 0.00755083 0.00501611 0.0041972 0.953601 0.00608968
2 0.069543 0.0370995 0.0202948 0.0255711 0.0116393 0.00802163 0.806967 0.0208635
1 0.674879 0.0251135 0.012517 0.0184071 0.00845151 0.00592536 0.241274 0.0134322
1 0.464239 0.0265156 0.0136245 0.0179566 0.00871455 0.00624973 0.44915 0.0135493
2 0.138566 0.0318927 0.018759 0.0245414 0.0110471 0.00772613 0.748472 0.018995
2 0.0154837 0.00722409 0.00733453 0.00613744 0.00426568 0.00401218 0.950443 0.00509978
4 0.0208461 0.010834 0.0135044 0.0118851 0.00442117 0.00949192 0.0119805 0.917037
4 0.0184391 0.00917705 0.0285606 0.0107704 0.0078683 0.00900948 0.0105267 0.905648
4 0.0220129 0.0135278 0.0120054 0.0122434 0.0117237 0.00679393 0.0147844 0.906908
4 0.0126574 0.00873639 0.00893623 0.00770773 0.00460875 0.00428862 0.00946997 0.943595
4 0.0170436 0.0121171 0.0127483 0.0106301 0.00721494 0.00496634 0.0132608 0.922019
4 0.00672984 0.00491581 0.00640668 0.00512205 0.0223551 0.00447017 0.00535304 0.944647
4 0.0161611 0.0118474 0.00970476 0.00995628 0.00872867 0.00455105 0.0131278 0.925923
4 0.0168058 0.0127176 0.0122503 0.0115588 0.00750181 0.00504643 0.0140056 0.920114
4 0.0141246 0.0107699 0.00954103 0.00937538 0.00798858 0.00429592 0.0119003 0.932004
4 0.0196248 0.0140022 0.0120196 0.0122353 0.00951013 0.00550969 0.0154763 0.911622
4 0.0197373 0.0114058 0.026448 0.0156212 0.00853849 0.0121854 0.0123609 0.893703
4 0.0114695 0.00769609 0.00923592 0.00817005 0.0235368 0.0065272 0.00834483 0.92502
4 0.00708949 0.00543698 0.00971144 0.00608453 0.0138887 0.00434652 0.00590488 0.947537
4 0.00730657 0.00556508 0.00829023 0.00565393 0.0211367 0.00404543 0.00609976 0.941902
4 0.0362989 0.107996 0.0174219 0.0198887 0.0108643 0.00729286 0.0306233 0.769614
4 0.0516382 0.0338625 0.0223225 0.0270655 0.0180875 0.00851945 0.0810699 0.757434
1 0.92206 0.0119568 0.00777957 0.00858969 0.0134593 0.00735225 0.0147574 0.014045
1 0.792973 0.0794522 0.00801024 0.00894288 0.00619422 0.0048573 0.0914091 0.00816155
1 0.934547 0.013406 0.00634113 0.0099886 0.00499581 0.00629527 0.0162526 0.00817327
1 0.927192 0.0155042 0.00732087 0.0104443 0.00612555 0.00510841 0.0193478 0.0089572
1 0.970679 0.00546183 0.00326772 0.00384495 0.00276424 0.00373575 0.00691044 0.00333586
1 0.802427 0.0475368 0.0181022 0.0281425 0.0127833 0.00797097 0.0583501 0.0246873
1 0.841141 0.0463109 0.00894857 0.0104597 0.00686305 0.0053626 0.0713606 0.00955341
1 0.912523 0.027157 0.00614122 0.00748043 0.00487834 0.00515941 0.0299742 0.00668668
1 0.839498 0.0371569 0.0153779 0.0231985 0.0107645 0.00724973 0.0462615 0.0204934
1 0.981156 0.0028394 0.002642 0.00237845 0.00294249 0.00240285 0.00374618 0.0018922
2 0.0278626 0.0219966 0.00881973 0.00753627 0.00504361 0.00847052 0.91412 0.00615048
4 0.0712218 0.0366632 0.0233154 0.0250468 0.0112012 0.0125375 0.0420505 0.777964
4 0.0257432 0.0157384 0.0148437 0.0116344 0.00869221 0.00600059 0.0182388 0.899109
6 0.0307686 0.021153 0.0184559 0.870916 0.0117559 0.0069401 0.0240617 0.0159484
2 0.0204139 0.0185723 0.0192406 0.00894287 0.00884549 0.00467461 0.909364 0.00994645
3 0.0293139 0.845618 0.0216972 0.013436 0.0113518 0.00556365 0.0576166 0.0154027
6 0.105993 0.0605256 0.0467178 0.634762 0.02562 0.0104004 0.073964 0.0420176
1 0.946092 0.0145583 0.00372993 0.00441642 0.00559604 0.00285196 0.018209 0.00454679
1 0.93458 0.0155675 0.00608976 0.00899637 0.00499457 0.00394168 0.0190609 0.00676904
1 0.939029 0.0139687 0.00561902 0.00705944 0.00472836 0.00383078 0.0198487 0.00591607
1 0.932744 0.0140007 0.0068521 0.00904607 0.00533134 0.00407411 0.0201766 0.00777537
1 0.947232 0.00954028 0.00530249 0.00703784 0.00431036 0.00354809 0.0173685 0.00566025
1 0.883482 0.0305862 0.0104416 0.0141052 0.00784211 0.00536518 0.0354201 0.0127573
1 0.908458 0.0225326 0.00821321 0.0104481 0.00646144 0.00471602 0.0297967 0.00937422
1 0.932011 0.0142793 0.00696703 0.00922762 0.00539438 0.00409729 0.0200411 0.00798193
1 0.933902 0.0136354 0.00670064 0.00872087 0.00525015 0.00403542 0.020238 0.00751755
1 0.918831 0.0180267 0.00824246 0.0113986 0.00622277 0.00451156 0.0230098 0.00975706
1 0.930496 0.0150065 0.00700166 0.00971004 0.00565497 0.00416097 0.0197391 0.00823041
1 0.984942 0.00270166 0.00112217 0.00122554 0.00282712 0.0011649 0.00428237 0.00173428
1 0.941377 0.0116255 0.00364443 0.00653214 0.00893037 0.00504908 0.0154035 0.00743797
1 0.907241 0.0288505 0.0034997 0.00346517 0.00475987 0.00281479 0.04534 0.00402882
1 0.941633 0.0235032 0.00318498 0.00352389 0.00402012 0.00221454 0.018456 0.00346384
1 0.982203 0.00459647 0.00135253 0.00147647 0.00240903 0.00114382 0.00564321 0.00117528
1 0.958122 0.0110772 0.00287942 0.00399714 0.00422157 0.00252608 0.0138931 0.0032837
1 0.952387 0.0144392 0.00298528 0.00324979 0.00373469 0.00228806 0.0183713 0.00254442
1 0.828977 0.0818339 0.00753827 0.00834349 0.00645041 0.00467296 0.0543138 0.00786978
1 0.959148 0.0103096 0.0036186 0.00365066 0.00371086 0.0029174 0.0133181 0.00332672
1 0.941792 0.0139323 0.00503708 0.00563251 0.00471276 0.00388883 0.0196206 0.00538361
1 0.946155 0.0130423 0.00453777 0.00467843 0.00424878 0.00362573 0.0192615 0.00445082
6 0.0190524 0.0101309 0.00955414 0.913517 0.00803688 0.0096483 0.0110821 0.0189781
6 0.0155151 0.0169499 0.00701188 0.918161 0.00516975 0.0113641 0.0174749 0.00835292
6 0.010232 0.0103375 0.00621886 0.944693 0.00484561 0.00533632 0.0115697 0.00676713
6 0.0185145 0.020194 0.00830151 0.903151 0.00612852 0.0112188 0.0215483 0.0109439
6 0.0261976 0.0238757 0.010695 0.884144 0.0079853 0.00764952 0.0267224 0.0127308
6 0.0269852 0.0220824 0.0111803 0.886628 0.00818124 0.00691153 0.0244852 0.0135465
6 0.0113925 0.00992695 0.00627383 0.944854 0.0048557 0.00495493 0.0108457 0.00689624
6 0.0309947 0.026282 0.0113475 0.872983 0.00795362 0.00761415 0.0294471 0.0133779
6 0.0408444 0.0327743 0.0146484 0.837076 0.0104747 0.00842144 0.0372076 0.0185534
6 0.0145578 0.0153157 0.00954955 0.901826 0.00627729 0.0239088 0.0141396 0.0144251
6 0.00975395 0.0128042 0.006994 0.929282 0.00488626 0.0146469 0.0124707 0.00916163
6 0.0152021 0.0176868 0.00880479 0.912846 0.0064022 0.0092077 0.0191446 0.0107062
6 0.0146681 0.0171642 0.00952249 0.899899 0.00651849 0.0204905 0.0160603 0.0156767
6 0.0222828 0.0196808 0.00959431 0.902392 0.00648505 0.00731016 0.0212042 0.0110505
6 0.0212864 0.0232779 0.0108528 0.886903 0.00781742 0.00987391 0.0256578 0.0143312
6 0.00749166 0.00845402 0.00505624 0.952855 0.00351596 0.00816787 0.0082427 0.00621645
6 0.0413156 0.0344128 0.014999 0.832219 0.0103788 0.00868969 0.0390354 0.0189501
1 0.684843 0.0423555 0.014165 0.168259 0.016668 0.0130473 0.0428637 0.0177986
2 0.022028 0.0544509 0.0115035 0.0574621 0.00946875 0.0116334 0.821898 0.0115551
4 0.0398696 0.0343732 0.0182744 0.0635715 0.0112655 0.0112442 0.0356317 0.78577
5 0.0474324 0.0402213 0.557708 0.190195 0.0509273 0.0204909 0.0441332 0.0488913
8 0.0102811 0.00741818 0.00846407 0.0186404 0.00700496 0.933123 0.00689819 0.00817062
1 0.778834 0.0434096 0.0175479 0.0594182 0.017981 0.00781314 0.0534214 0.0215748
2 0.00933273 0.0172576 0.00683304 0.0108326 0.00536975 0.00461864 0.940531 0.00522412
5 0.0729921 0.0549523 0.574796 0.0902138 0.0670141 0.0144927 0.0727472 0.0527922
7 0.0255877 0.0214065 0.0216711 0.0199986 0.859435 0.0069333 0.0273308 0.0176373
1 0.701911 0.0622339 0.0286719 0.0404461 0.0197914 0.00765393 0.102528 0.0367636
3 0.02063 0.838987 0.0139037 0.0139068 0.00897202 0.00537113 0.0835224 0.0147065
5 0.11417 0.0771954 0.478239 0.0639112 0.0574488 0.013544 0.128218 0.0672735
6 0.0717194 0.0516127 0.0268168 0.716188 0.0171797 0.0103383 0.0704009 0.0357441
7 0.0883963 0.0667965 0.0545947 0.042368 0.584124 0.0114794 0.101842 0.0503998
8 0.0217698 0.00826747 0.0112236 0.00991348 0.0101737 0.910586 0.00865729 0.019409
8 0.019579 0.0091497 0.0102983 0.0133057 0.01043 0.906829 0.00940415 0.0210047
2 0.00931126 0.0104411 0.00898262 0.00582111 0.00369787 0.00746133 0.943271 0.0110142
2 0.00800206 0.00924631 0.00587429 0.00384125 0.00304486 0.00422555 0.960735 0.00503112
2 0.00877994 0.0107792 0.00762645 0.00594105 0.00375933 0.00567614 0.949289 0.00814887
2 0.0469819 0.0209369 0.00694006 0.00520489 0.00416005 0.00353952 0.907164 0.00507264
2 0.0411232 0.0202976 0.00753764 0.0057522 0.0045215 0.00432215 0.911327 0.00511861
2 0.00389091 0.00391195 0.00436047 0.00303348 0.00221645 0.00296339 0.977272 0.00235144
2 0.0149085 0.00967558 0.00651272 0.00472605 0.00384451 0.00381887 0.952429 0.00408526
2 0.0209263 0.0157987 0.00678378 0.00481001 0.0039858 0.00359441 0.939577 0.00452409
2 0.00758938 0.0079781 0.00626232 0.00457054 0.00365926 0.00327984 0.962678 0.00398248
2 0.00525123 0.00628649 0.00618324 0.00429848 0.00363063 0.00377573 0.966902 0.0036726
2 0.0130941 0.00925924 0.00629469 0.00502659 0.00351829 0.00386948 0.954896 0.00404116
3 0.29447 0.435651 0.0301626 0.0575734 0.0191038 0.010865 0.111856 0.0403176
2 0.0103042 0.0110869 0.00725841 0.00725384 0.00363797 0.00521772 0.948226 0.00701532
3 0.102658 0.727275 0.020984 0.0330495 0.0136322 0.00840606 0.0686148 0.0253803
2 0.00390617 0.00294999 0.00390148 0.002124 0.0023734 0.00177965 0.980949 0.00201582
3 0.0165333 0.58266 0.0110594 0.00767449 0.00674896 0.00409528 0.363876 0.00735261
4 0.0316419 0.0219992 0.0175372 0.0153321 0.00836095 0.0065853 0.0827909 0.815752
6 0.0190575 0.0148415 0.0111479 0.891586 0.00715076 0.00609762 0.0401443 0.0099739
8 0.0234393 0.025979 0.0171343 0.013149 0.0105113 0.536647 0.352489 0.0206511
1 0.93603 0.0111755 0.0116928 0.00853449 0.00752532 0.00357897 0.014167 0.00729585
2 0.00588563 0.00510025 0.00591456 0.00320955 0.00342183 0.00225732 0.971406 0.00280524
3 0.0134186 0.852797 0.011192 0.00859259 0.00721727 0.00341105 0.0966265 0.00674509
4 0.0178927 0.0118915 0.0124007 0.00982871 0.00738828 0.00463621 0.0209712 0.914991
6 0.0110405 0.00844637 0.00808433 0.943117 0.00538449 0.00445631 0.0132333 0.00623729
7 0.0149734 0.0101295 0.0208466 0.00874615 0.914668 0.00556754 0.0153491 0.00971934
1 0.821765 0.036894 0.0289144 0.0248603 0.0145566 0.00555519 0.0465589 0.0208958
3 0.0196705 0.838484 0.0156838 0.0151397 0.00908837 0.00497593 0.0843901 0.0125677
5 0.0393548 0.0264536 0.802692 0.0243087 0.0269649 0.00926843 0.0424608 0.0284972
4 0.012016 0.00885989 0.0116691 0.00769994 0.00402567 0.00379124 0.00967036 0.942268
5 0.089427 0.0689012 0.447532 0.0584144 0.0206509 0.147157 0.0932763 0.0746417
5 0.0154864 0.0123529 0.893702 0.0111827 0.00922755 0.0277308 0.0173238 0.0129942
5 0.00592859 0.00443958 0.958998 0.0044369 0.00751163 0.00399018 0.00646836 0.00822695
5 0.00229834 0.00188248 0.98169 0.00200043 0.00200458 0.0037746 0.00279079 0.00355838
5 0.0073088 0.00542007 0.955098 0.00563914 0.0051702 0.00506175 0.00788573 0.00841609
5 0.0155722 0.0103554 0.919023 0.0102682 0.00879533 0.00470147 0.0154127 0.0158716
5 0.0138898 0.0109374 0.898351 0.0109355 0.00576461 0.0179641 0.0162926 0.0258645
5 0.0047527 0.0033781 0.970953 0.00373945 0.00297914 0.00289583 0.00525266 0.00604876
5 0.0182183 0.0123382 0.907467 0.0118684 0.00779262 0.00758956 0.0179822 0.0167438
5 0.00606876 0.00423468 0.959544 0.0040254 0.0101527 0.00394557 0.00575331 0.00627518
6 0.0206703 0.0171546 0.0199728 0.892941 0.00797489 0.00894049 0.020499 0.0118471
2 0.0130017 0.0147049 0.00727175 0.00603816 0.00544652 0.00311264 0.94521 0.00521437
4 0.023914 0.016174 0.0115803 0.0122123 0.00984067 0.00515802 0.0164075 0.904713
5 0.041382 0.0240454 0.811177 0.0192469 0.0447492 0.00793806 0.0289558 0.0225055
7 0.0260224 0.0181268 0.0195265 0.0128423 0.88107 0.0066386 0.0208334 0.0149403
2 0.0363506 0.0470182 0.0134994 0.0129606 0.0092254 0.00487665 0.864741 0.0113279
4 0.0576562 0.0378899 0.0194628 0.0242037 0.0142753 0.00703318 0.0356765 0.803802
5 0.134237 0.0728798 0.555362 0.0455994 0.0552678 0.0120356 0.0787317 0.0458874
6 0.0641737 0.0443056 0.0205627 0.780084 0.0142868 0.0084173 0.0436687 0.0245008
7 0.10984 0.0719538 0.0509013 0.0400488 0.598026 0.0114696 0.0761913 0.0415696
4 0.290488 0.0669198 0.0614374 0.0739818 0.0536679 0.0584225 0.076032 0.31905
5 0.0195377 0.00828926 0.904189 0.0104574 0.012818 0.0108727 0.0117585 0.0220776
5 0.0146005 0.00914378 0.923893 0.0113628 0.0101806 0.00651922 0.0131226 0.0111778
4 0.024811 0.0146111 0.145549 0.0148469 0.00714651 0.00698447 0.0184203 0.76763
5 0.00957021 0.00576158 0.929725 0.00753381 0.00636458 0.00679435 0.00887831 0.0253725
5 0.0151236 0.00933056 0.917775 0.0099242 0.0070055 0.00713389 0.0137426 0.0199647
4 0.0180328 0.0169676 0.0106038 0.0117271 0.00716785 0.00846175 0.0185299 0.908509
4 0.0119587 0.0159822 0.0213269 0.0117301 0.00376947 0.0110509 0.017852 0.90633
4 0.00480155 0.00581197 0.00844148 0.00463686 0.00184336 0.0047983 0.00641412 0.963252
4 0.0190674 0.016135 0.0121348 0.0129598 0.00689492 0.00617567 0.0179547 0.908678
4 0.00562092 0.00700588 0.00537662 0.0048402 0.00167678 0.00842144 0.00729293 0.959765
4 0.0186626 0.0166758 0.0139766 0.0126118 0.00736081 0.00700024 0.0185137 0.905198
4 0.0188994 0.01617 0.012974 0.0123647 0.00714785 0.0065393 0.0178906 0.908014
4 0.0183939 0.016495 0.0105352 0.0117585 0.00651018 0.0074747 0.0180821 0.91075
4 0.0556357 0.045221 0.0255309 0.0334036 0.0115119 0.010102 0.0459187 0.772676
4 0.0122521 0.0158107 0.00978244 0.0101757 0.00376445 0.0207598 0.0158339 0.911621
4 0.080927 0.141168 0.0243929 0.0602809 0.0123473 0.034027 0.17016 0.476697
4 0.0595325 0.0842928 0.019634 0.0427406 0.0087329 0.0187376 0.10101 0.66532
1 0.918389 0.012381 0.00618488 0.00659901 0.00513737 0.00697663 0.0138115 0.0305211
2 0.0224178 0.0532732 0.0112514 0.011585 0.00756669 0.0104089 0.83454 0.0489569
4 0.0101685 0.00816429 0.0065318 0.00642322 0.00349554 0.00427526 0.00864297 0.952298
5 0.0272794 0.0202214 0.695665 0.0164545 0.0223984 0.0141299 0.0225314 0.18132
7 0.0282521 0.0233199 0.0405443 0.0149615 0.75039 0.012258 0.0241361 0.106139
2 0.0154334 0.0332417 0.00988971 0.00816685 0.00776876 0.0054588 0.9056 0.0144411
4 0.0118919 0.00892423 0.00796962 0.00696988 0.00562011 0.00398983 0.00928984 0.945345
5 0.039495 0.0264372 0.76991 0.019105 0.044455 0.010191 0.0290042 0.0614023
7 0.0127168 0.010048 0.0143295 0.00681135 0.922136 0.00576306 0.0106567 0.0175383
1 0.811711 0.0474561 0.0243131 0.019181 0.0177712 0.00551056 0.0519965 0.0220609
2 0.0194205 0.0349798 0.0132601 0.0100941 0.0100255 0.00532117 0.895342 0.0115565
5 0.0601755 0.0458521 0.691987 0.0292306 0.0632077 0.0108701 0.0526453 0.0460316
6 0.0487906 0.0413283 0.0217652 0.797981 0.0154656 0.00806332 0.0417443 0.0248618
7 0.0196533 0.0111991 0.00953039 0.0106261 0.889934 0.0113696 0.0128884 0.0347991
7 0.00591633 0.00591422 0.00308001 0.0046781 0.956882 0.00297137 0.00690062 0.0136572
7 0.0149543 0.00962709 0.0630126 0.00876338 0.863867 0.00776389 0.0117288 0.0202827
7 0.0318743 0.0150063 0.00821833 0.0151293 0.87728 0.014793 0.0172172 0.0204812
7 0.0245407 0.0105627 0.00703726 0.00943858 0.898773 0.00925301 0.0121306 0.0282638
7 0.12155 0.0627579 0.0262999 0.0510153 0.554156 0.0209775 0.0726388 0.0906046
7 0.011554 0.0107459 0.00587158 0.00811823 0.929164 0.00525633 0.0126724 0.0166179
3 0.00933016 0.930543 0.00813773 0.00699101 0.0039962 0.0078137 0.0187564 0.0144322
3 0.0348591 0.827975 0.0234292 0.0254584 0.0104793 0.0196681 0.0271929 0.0309376
3 0.0062308 0.954944 0.00461284 0.00402623 0.00310369 0.00352941 0.0181863 0.00536698
3 0.00829691 0.93929 0.00654201 0.00711914 0.00397194 0.00497977 0.0195881 0.010212
3 0.0268827 0.92287 0.0063899 0.00619522 0.00464753 0.00368284 0.0233702 0.00596163
3 0.0357221 0.90014 0.00726357 0.00725906 0.00529776 0.00437951 0.0333489 0.00658875
3 0.00327652 0.975619 0.00362706 0.00344429 0.00247311 0.00278122 0.00598288 0.00279634
3 0.00748083 0.958399 0.00533479 0.00526159 0.00398009 0.00309892 0.0117574 0.00468727
3 0.00574658 0.964694 0.00455309 0.00492939 0.00325781 0.00297017 0.00971965 0.00412894
3 0.0407656 0.835272 0.0129799 0.0151189 0.00878123 0.00649114 0.0671682 0.0134231
3 0.115123 0.72576 0.0203286 0.0341138 0.0132867 0.00822823 0.0586979 0.024461
3 0.0101158 0.936114 0.00669499 0.00887261 0.00409053 0.00530466 0.0199108 0.00889615
3 0.0118815 0.936105 0.00745337 0.00717758 0.00466891 0.0052927 0.0194874 0.00793347
3 0.00875723 0.943294 0.00620954 0.00725972 0.00423549 0.00428115 0.0191613 0.00680193
2 0.01318 0.215301 0.00882418 0.00649755 0.00509689 0.00461298 0.738804 0.00768312
4 0.026666 0.0541532 0.0153189 0.01421 0.00726693 0.00661196 0.0254764 0.850297
6 0.0293468 0.0617087 0.0156878 0.832986 0.0090514 0.00736263 0.0288441 0.0150129
7 0.0238293 0.0409514 0.0406102 0.012604 0.821218 0.0099569 0.0237907 0.0270396
8 0.0223916 0.364131 0.0155994 0.0130168 0.00948209 0.525303 0.0292405 0.0208355
2 0.00821582 0.0236578 0.00743205 0.00432836 0.00422378 0.00328882 0.944424 0.00442884
3 0.00412168 0.975955 0.00458275 0.00275195 0.00335469 0.0017085 0.00524749 0.00227747
5 0.0111058 0.0087739 0.938317 0.00574703 0.012124 0.00524824 0.00989795 0.00878632
6 0.0308234 0.0351562 0.0193366 0.856421 0.0101521 0.00652986 0.0272044 0.0143764
1 0.822741 0.0361139 0.0322841 0.0168833 0.0131492 0.00537448 0.0549467 0.0185076
4 0.0276525 0.0207263 0.0209047 0.0155075 0.010327 0.00625875 0.0248958 0.873728
6 0.0633416 0.0537179 0.0350737 0.738131 0.0164643 0.00876854 0.0570461 0.0274571
7 0.0458233 0.0362715 0.0660278 0.0223995 0.742969 0.010055 0.0494151 0.0270385
6 0.00933108 0.00689619 0.00430791 0.960103 0.00338272 0.00329051 0.00800984 0.00467871
6 0.00920817 0.00796001 0.00528397 0.951501 0.00444378 0.00521765 0.00961697 0.00676848
6 0.0189686 0.0145587 0.00853827 0.9191 0.00644323 0.00592415 0.0166112 0.00985549
6 0.00902693 0.00777081 0.00513139 0.95527 0.00405731 0.00418154 0.00896485 0.00559685
6 0.0188195 0.0148856 0.00868961 0.918212 0.00651299 0.00595087 0.0168086 0.0101204
6 0.0191831 0.0140395 0.00830827 0.919877 0.00640763 0.00605686 0.0162847 0.00984339
6 0.0182257 0.0107674 0.00675614 0.925916 0.00597053 0.00747479 0.0133421 0.0115475
6 0.0193407 0.0127898 0.00778405 0.922992 0.00622587 0.00615743 0.0154008 0.00930891
6 0.00612019 0.0048443 0.00325198 0.972076 0.00250104 0.00234767 0.00519384 0.00366462
6 0.0123748 0.00915238 0.0066253 0.93397 0.00598116 0.00831424 0.0103926 0.0131891
6 0.0108332 0.00979313 0.00637606 0.944104 0.0050372 0.00522795 0.0112652 0.00736344
6 0.00608442 0.00510506 0.00344323 0.970683 0.00267791 0.00260077 0.00567331 0.00373236
6 0.0131962 0.0113178 0.00714543 0.93647 0.00549439 0.00537251 0.012812 0.00819195
6 0.0181209 0.0113812 0.00901874 0.907634 0.00844764 0.0124061 0.0120228 0.020969
6 0.0187671 0.0149224 0.00880106 0.911892 0.00707387 0.00739277 0.0174795 0.0136713
6 0.0179059 0.0143374 0.00805574 0.92258 0.00598809 0.00512769 0.0163967 0.00960797
