labels 1 2 3 4 5 6 7
1 0.939784 0.020033 0.0108307 0.00835703 0.00830221 0.00718788 0.00550502
1 0.939458 0.0198304 0.0114564 0.00790113 0.00831279 0.00771775 0.00532317
1 0.962971 0.00983739 0.00699231 0.00483444 0.00637749 0.00505586 0.00393132
1 0.939208 0.0190275 0.0126272 0.00798774 0.00834707 0.00743982 0.0053629
1 0.955041 0.0192196 0.00552218 0.00455994 0.00645695 0.00521885 0.00398114
1 0.941399 0.0185219 0.0106852 0.0079154 0.00829859 0.00784623 0.00533407
1 0.941073 0.0201231 0.0103243 0.00759378 0.00824378 0.00736193 0.00527976
1 0.963321 0.00946248 0.0070554 0.0049566 0.00629809 0.00502711 0.00387901
1 0.938312 0.0183768 0.0131142 0.00855728 0.00848455 0.00769002 0.00546508
1 0.938258 0.0191567 0.0123663 0.00852541 0.00847586 0.00776161 0.00545625
1 0.950882 0.0194277 0.00709948 0.00551487 0.0069771 0.00574754 0.00435171
1 0.93818 0.0194609 0.0118837 0.00862334 0.00850929 0.00785352 0.00548959
1 0.934153 0.0185598 0.0135762 0.00985395 0.00872793 0.00946214 0.00566753
1 0.935555 0.0176163 0.0143234 0.00932255 0.00887726 0.00869984 0.00560615
1 0.93522 0.0182461 0.0138162 0.00986302 0.00874206 0.00840331 0.00570941
1 0.984412 0.00212996 0.00141394 0.00222924 0.00573236 0.00220641 0.00187603
1 0.937742 0.0103251 0.00723025 0.0114431 0.0171729 0.00682989 0.00925648
1 0.955724 0.0175664 0.0116281 0.00284778 0.00564039 0.00369765 0.00289548
1 0.931886 0.0167361 0.0144227 0.00729576 0.0179905 0.00662745 0.00504152
1 0.992312 0.00124568 0.00109669 0.000960629 0.0017348 0.00150411 0.00114587
1 0.972223 0.00694031 0.00548748 0.00372481 0.00504183 0.00380572 0.00277731
1 0.967044 0.0121083 0.0081743 0.00226686 0.00438655 0.00335868 0.00266169
1 0.968348 0.00472207 0.0110749 0.00338707 0.0040312 0.00426983 0.00416699
1 0.958343 0.00868403 0.01107 0.00528825 0.00632545 0.00583555 0.00445384
1 0.952922 0.0127243 0.0129613 0.00411345 0.00738445 0.00536363 0.00453102
2 0.0149102 0.938884 0.00439931 0.0062844 0.0264328 0.00521594 0.00387323
2 0.000950859 0.995283 0.00052005 0.000456314 0.00108681 0.000953759 0.000748856
2 0.000815334 0.996086 0.000580676 0.000583743 0.000575072 0.000816315 0.000543239
2 0.00120678 0.989067 0.000863848 0.00177415 0.00266325 0.00253797 0.00188734
2 0.00167534 0.990313 0.00100175 0.000946422 0.0029098 0.00172319 0.00143057
2 0.0135954 0.963047 0.00435835 0.00325587 0.00782495 0.00436193 0.00355612
2 0.0136709 0.960204 0.00395375 0.00431363 0.00863547 0.00514874 0.00407304
2 0.00520544 0.9676 0.00344019 0.00511036 0.0087798 0.00562678 0.00423765
2 0.00471989 0.982197 0.00148972 0.00199595 0.00441697 0.00297911 0.00220149
2 0.00264754 0.987744 0.00110291 0.00125159 0.00378192 0.00186154 0.00161007
2 0.00544437 0.96593 0.00653317 0.00424441 0.00857133 0.00522303 0.00405383
2 0.0114873 0.95339 0.00820318 0.00805144 0.00648269 0.00783328 0.00455206
2 0.00466335 0.976657 0.00186331 0.00412792 0.0036572 0.00340971 0.00562144
2 0.0101252 0.955448 0.00672476 0.00699884 0.00931461 0.00667975 0.00470838
2 0.00752198 0.960161 0.00800621 0.00534478 0.00911197 0.00560047 0.00425393
2 0.0118831 0.981893 0.000743529 0.000826702 0.00181127 0.00149544 0.00134741
2 0.00163513 0.985328 0.000993305 0.00242693 0.00377326 0.00329844 0.00254483
2 0.0122157 0.976272 0.00218931 0.0013678 0.00376402 0.00223713 0.00195359
2 0.00200925 0.982875 0.0013698 0.00250018 0.00522781 0.00334628 0.00267151
2 0.0079332 0.963414 0.00478531 0.00517127 0.00877424 0.00565544 0.00426672
2 0.00747015 0.964214 0.006762 0.00401243 0.00845973 0.00503195 0.00404964
2 0.0109999 0.957131 0.00836221 0.00511458 0.00859276 0.00566423 0.00413509
2 0.00355043 0.977862 0.00196015 0.00309817 0.00671657 0.00378361 0.00302898
2 0.0118293 0.956392 0.00805864 0.00517092 0.00882385 0.00546063 0.00426421
2 0.00888709 0.959054 0.00805578 0.00526273 0.00882458 0.00558141 0.00433442
2 0.0137713 0.952503 0.00711315 0.00655638 0.00899493 0.0064876 0.00457332
2 0.012033 0.949136 0.00934214 0.00806275 0.00940537 0.00715037 0.00486993
3 0.0119547 0.00282137 0.949855 0.00618119 0.0213323 0.00416208 0.00369342
3 0.00104613 0.00154002 0.993169 0.00084642 0.00134903 0.000948188 0.0011016
3 0.000429359 0.000233511 0.996841 0.000669053 0.000616894 0.000624301 0.000586316
3 1.13255e-05 6.47159e-06 0.997921 0.000389679 0.000509145 0.000551346 0.000610867
3 0.00144711 0.00171875 0.985024 0.00336737 0.0030591 0.00282582 0.00255736
3 0.0010803 0.00154776 0.989863 0.00140849 0.00282247 0.00155426 0.00172417
3 0.000484892 0.000526046 0.992566 0.00145508 0.00200962 0.00149445 0.00146423
3 0.00178098 0.00231093 0.980668 0.00395486 0.00487364 0.00336083 0.00305087
3 0.00991937 0.00355974 0.964229 0.00554219 0.00797045 0.00456771 0.00421167
3 0.00341718 0.00432506 0.975492 0.00390297 0.0060081 0.00348611 0.00336823
3 0.00141773 0.00144143 0.980434 0.00437437 0.00538604 0.00363854 0.00330792
3 0.00439844 0.00579844 0.963479 0.00771881 0.00817411 0.00570547 0.00472546
3 0.00814747 0.00605002 0.968945 0.00447359 0.00508404 0.00389166 0.00340869
3 0.00375258 0.00526896 0.978869 0.00264707 0.00454344 0.00245017 0.00246871
3 0.00359942 0.00409678 0.969381 0.0065531 0.00712437 0.00503996 0.00420493
3 0.00584113 0.00633161 0.969474 0.00476141 0.00397192 0.00659921 0.00302085
3 0.0103433 0.00775802 0.946974 0.0110508 0.00969963 0.00685137 0.00732327
3 0.00969076 0.00935825 0.948727 0.0107565 0.0088914 0.0072203 0.00535569
3 0.00688366 0.00715878 0.959921 0.00760674 0.00828935 0.00548841 0.0046524
3 0.00647622 0.00700467 0.960194 0.00780845 0.00825023 0.00563061 0.0046354
3 0.00851592 0.00942651 0.949085 0.010929 0.00893089 0.00772697 0.00538568
3 0.00915206 0.00261186 0.98093 0.00155223 0.0021657 0.00161906 0.00196929
3 0.00551511 0.00173015 0.982579 0.00204935 0.0036508 0.00211443 0.00236123
3 0.0102498 0.00356963 0.966809 0.00471444 0.00668214 0.00409429 0.00388064
3 0.00460555 0.00528314 0.964383 0.00740846 0.00809253 0.00555753 0.00466958
3 0.00827901 0.00731741 0.95927 0.00725261 0.00780008 0.0055811 0.00449948
3 0.00994023 0.00936739 0.948005 0.0110182 0.00894855 0.00732323 0.00539777
3 0.00673536 0.00694083 0.960825 0.00739001 0.00798187 0.00543823 0.00468857
3 0.00512287 0.00507174 0.962701 0.0132719 0.00614718 0.0040635 0.00362172
3 0.0090597 0.00878664 0.949295 0.0125673 0.00796139 0.00702277 0.00530676
4 0.00638879 0.00612703 0.00596454 0.916829 0.0528371 0.00855487 0.0032991
4 0.00710307 0.00759368 0.00634566 0.902824 0.0541325 0.00909119 0.0129096
4 0.00478785 0.00516017 0.00603014 0.966905 0.0101897 0.00471782 0.00220961
4 0.00465134 0.00555519 0.00588621 0.967229 0.0082289 0.0040781 0.00437152
4 0.0045223 0.00426262 0.00471216 0.906668 0.0290293 0.00641377 0.0443917
4 0.00312415 0.00334703 0.00346059 0.97821 0.00433539 0.0036691 0.00385373
4 0.00124972 0.00162625 0.00184641 0.98079 0.00578318 0.00199502 0.00670918
4 0.00342506 0.00448011 0.00402866 0.971531 0.00503499 0.00421115 0.00728925
4 0.00349019 0.00424773 0.003917 0.975316 0.00548311 0.00375054 0.00379588
4 0.00278469 0.00291256 0.00317184 0.981382 0.00430118 0.00305358 0.00239401
4 0.00733846 0.00858545 0.00726764 0.896691 0.0540852 0.0100615 0.015971
4 0.00209102 0.00191186 0.00238502 0.973356 0.0141151 0.00290708 0.0032335
4 0.00216495 0.00331488 0.00354774 0.937439 0.00900027 0.00387895 0.0406538
4 0.0130195 0.0141633 0.0167165 0.887578 0.0420856 0.0134236 0.0130134
4 0.0094712 0.0121078 0.0127143 0.931086 0.0119833 0.0146635 0.00797401
4 0.00691343 0.00751888 0.0077204 0.908486 0.0184768 0.00734292 0.0435415
4 0.0179318 0.0166363 0.0145982 0.906029 0.015819 0.00987693 0.0191083
4 0.00758213 0.00856979 0.0121436 0.945424 0.00779453 0.00749626 0.0109892
4 0.010775 0.0126506 0.0130122 0.931535 0.013222 0.0104521 0.0083528
4 0.00823612 0.00991986 0.0102396 0.948478 0.00861676 0.00859609 0.0059136
5 0.00806356 0.00805802 0.0116892 0.0858434 0.855672 0.0171624 0.013511
5 0.0119885 0.0146294 0.0194623 0.0676257 0.851285 0.01968 0.0153294
6 0.00553735 0.00651148 0.00578878 0.0153894 0.0451592 0.914009 0.00760479
6 0.00943089 0.0162521 0.0100104 0.0133885 0.0129913 0.930436 0.00749069
6 0.00974007 0.0163456 0.0115151 0.0134871 0.0127355 0.928667 0.00750981
6 0.00734062 0.0138666 0.00794774 0.0114226 0.01052 0.94249 0.00641281
6 0.00571419 0.00974098 0.00663943 0.00915112 0.00756261 0.956426 0.0047659
6 0.00974312 0.0159347 0.0132059 0.0144827 0.0128964 0.926067 0.00767021
6 0.0096155 0.0139135 0.00924606 0.0197949 0.0323032 0.906056 0.00907046
6 0.0102691 0.0162152 0.00879941 0.0129025 0.0146493 0.929656 0.00750902
6 0.00864156 0.0163804 0.00865511 0.0140719 0.0186313 0.925748 0.00787216
7 0.0066151 0.00744908 0.0104374 0.0384249 0.0153297 0.00983242 0.911911
7 0.00603131 0.00625514 0.0074547 0.0282712 0.0515608 0.010797 0.88963
7 0.00326971 0.00428748 0.00617663 0.0377352 0.00585621 0.00627092 0.936404
7 0.0173301 0.00646271 0.0075942 0.02406 0.0262711 0.00940245 0.908879
7 0.00848242 0.00748936 0.00943863 0.0367235 0.00839202 0.00765234 0.921822
7 0.010919 0.0129884 0.0161258 0.0400283 0.0147344 0.0116327 0.893571
1 0.933122 0.00867494 0.00521375 0.00950924 0.0280855 0.00684364 0.00855125
1 0.95494 0.0189386 0.00576344 0.00388853 0.00688012 0.00522205 0.00436679
1 0.964115 0.0186235 0.0023536 0.00172374 0.00786823 0.00291369 0.00240249
1 0.988817 0.00284361 0.000824853 0.00104136 0.00269864 0.00206719 0.00170773
1 0.950259 0.0192938 0.006618 0.00539425 0.00685098 0.00610374 0.00548006
1 0.963818 0.0184805 0.00391391 0.00236151 0.00480241 0.00356918 0.00305459
1 0.952231 0.0195047 0.00718702 0.00400828 0.00727284 0.00531911 0.00447693
1 0.953946 0.0189105 0.00571133 0.00388124 0.00806382 0.00513742 0.00434937
1 0.979273 0.00273417 0.00136016 0.00136487 0.0103103 0.0026564 0.00230067
2 0.00681134 0.984242 0.00168895 0.00110764 0.00300061 0.00185472 0.0012952
5 0.0159312 0.013486 0.0119378 0.00903234 0.918156 0.0173775 0.014079
6 0.0089421 0.0129925 0.00762798 0.00882033 0.0133862 0.942499 0.00573194
1 0.969114 0.00269271 0.00216313 0.00301671 0.0153697 0.00427087 0.0033728
4 0.0176554 0.0158423 0.0147625 0.890681 0.0347774 0.0119356 0.0143457
1 0.923878 0.0139511 0.0116786 0.0113078 0.0236566 0.00931025 0.00621787
2 0.00791771 0.957841 0.00759447 0.00533331 0.0110547 0.0059191 0.0043402
3 0.00663181 0.00693995 0.958389 0.00747165 0.0101206 0.00575755 0.00468946
5 0.028673 0.020668 0.024416 0.0441503 0.835315 0.0243798 0.0223983
7 0.0143616 0.015273 0.0203072 0.0355918 0.0291855 0.0132681 0.872013
2 0.00662878 0.940117 0.00343609 0.00765414 0.0318273 0.00585072 0.00448584
2 0.00220296 0.962089 0.00713559 0.0048525 0.0160369 0.00436437 0.00331831
2 0.00618198 0.965801 0.00561882 0.00433124 0.0114906 0.00362649 0.00295036
2 0.00138039 0.989408 0.00282728 0.00113048 0.0028984 0.00143036 0.000925525
2 0.00405281 0.983321 0.00473518 0.00152715 0.00340687 0.00174204 0.00121486
2 0.00822014 0.960011 0.00751903 0.00492397 0.0109753 0.0046292 0.00372151
2 0.0108331 0.963177 0.00760373 0.00331493 0.0082609 0.00368173 0.00312878
2 0.0125686 0.960399 0.00705976 0.00339262 0.00834019 0.00448745 0.00375237
2 0.00212557 0.990314 0.000835256 0.00143611 0.00254522 0.00155375 0.00119023
2 0.0100199 0.96782 0.00405439 0.0031278 0.00738748 0.00414102 0.00344899
2 0.00398248 0.980976 0.00553422 0.00208647 0.00361738 0.00226096 0.00154296
2 0.00377146 0.982508 0.00154505 0.00274573 0.00359429 0.00359886 0.00223625
2 0.00326987 0.986252 0.00121588 0.00197646 0.00369628 0.00200613 0.00158308
2 0.0129608 0.958523 0.00724757 0.00395632 0.0084697 0.0048872 0.00395585
2 0.0101627 0.958115 0.00832878 0.00422421 0.0116411 0.00405362 0.00347435
2 0.00521166 0.963388 0.006947 0.00487222 0.00884117 0.00704133 0.00369879
2 0.0138978 0.952891 0.00691785 0.00639203 0.00896355 0.0064 0.00453744
2 0.00495917 0.963113 0.00748752 0.00419195 0.011989 0.00462804 0.00363101
2 0.00868555 0.974428 0.00669047 0.00208538 0.00411754 0.00236617 0.00162647
2 0.00642481 0.964761 0.00656218 0.00472333 0.00854034 0.00500418 0.00398431
2 0.00627327 0.964103 0.00659789 0.00481431 0.00824436 0.00617775 0.00378952
2 0.00436468 0.971244 0.00595267 0.00414543 0.00584579 0.00382384 0.00462324
2 0.00641718 0.966032 0.00640874 0.00451979 0.00849783 0.00470022 0.00342393
2 0.00662713 0.962791 0.00664999 0.00491793 0.00869228 0.00615603 0.00416598
1 0.941452 0.0203534 0.00676286 0.00444014 0.0173458 0.00533241 0.00431323
3 0.00478595 0.00510593 0.976512 0.00181839 0.00596568 0.00313145 0.00268048
1 0.964599 0.00371291 0.00264667 0.00307591 0.0174556 0.00495548 0.00355434
2 0.00445666 0.978895 0.00226902 0.00195091 0.00720896 0.00299422 0.00222501
3 0.00572017 0.00240753 0.969998 0.00375723 0.00965448 0.00470503 0.00375781
7 0.00823325 0.00849628 0.0111227 0.0219268 0.024678 0.00823483 0.917308
1 0.938565 0.00950605 0.00848658 0.00878186 0.0209594 0.00862396 0.00507695
4 0.0185453 0.0155768 0.0177521 0.881912 0.0331574 0.0135507 0.0195055
5 0.0219608 0.0145187 0.0166903 0.0349677 0.871087 0.0228585 0.0179166
6 0.0144989 0.0133232 0.0146906 0.0163676 0.0260638 0.907159 0.00789713
3 0.0055673 0.00334609 0.941824 0.0103657 0.028309 0.00566119 0.00492711
3 0.00157074 0.00413891 0.974068 0.00856266 0.00716466 0.00299197 0.00150335
3 0.0013346 0.00375734 0.983514 0.00424163 0.00375414 0.0018256 0.00157286
3 0.00168747 0.00308749 0.984599 0.00321094 0.00394171 0.00173509 0.00173866
3 0.00408319 0.00661096 0.965044 0.00800132 0.00862894 0.00404081 0.00359052
3 0.00388107 0.00717721 0.959726 0.0115131 0.00970392 0.00450224 0.00349628
3 0.0044295 0.00641171 0.964623 0.00874691 0.0079282 0.00415938 0.00370168
3 0.00207762 0.00169628 0.98155 0.00473179 0.00514606 0.0023934 0.00240449
3 0.00569196 0.00626838 0.963662 0.00759474 0.0076503 0.00479674 0.00433551
3 0.00407938 0.00576439 0.970876 0.00657575 0.00635011 0.00322378 0.00313051
3 0.00571298 0.00509494 0.962606 0.00909344 0.00796219 0.00508385 0.00444681
3 0.00228826 0.00304543 0.973578 0.0103306 0.00555309 0.00261348 0.00259152
3 0.00280331 0.00240818 0.977266 0.00539401 0.00602711 0.00301338 0.00308844
3 0.00579393 0.006473 0.962697 0.00778795 0.0077576 0.00505023 0.00444071
3 0.00405449 0.00706322 0.960881 0.0118753 0.00921436 0.00395637 0.00295571
3 0.00139888 0.00295675 0.976383 0.0107282 0.00461418 0.00245615 0.00146235
3 0.00378664 0.0066436 0.963912 0.00896648 0.00764612 0.00517282 0.00387216
3 0.00304173 0.00546449 0.947191 0.0155778 0.0208177 0.00404166 0.00386535
3 0.003914 0.00734009 0.954415 0.0133797 0.0103121 0.0044932 0.00614616
3 0.00406013 0.00757888 0.958825 0.0109067 0.0100457 0.00470082 0.00388285
3 0.00395595 0.00583268 0.96967 0.00817239 0.00592787 0.00334504 0.00309576
3 0.0043141 0.00607409 0.96535 0.00800933 0.00749792 0.00458538 0.00416869
3 0.00183465 0.00127589 0.981664 0.00632372 0.00397584 0.00254942 0.00237667
3 0.0045299 0.00620151 0.964038 0.00821679 0.00762429 0.0052264 0.00416313
3 0.00365689 0.00611958 0.967473 0.00847935 0.00633308 0.00368786 0.00424988
3 0.00433977 0.00623804 0.964667 0.0081441 0.00803626 0.00456188 0.00401322
3 0.00535013 0.00595097 0.963031 0.00777326 0.00777607 0.00562115 0.00449743
2 0.00219555 0.979951 0.00587707 0.00159767 0.00587193 0.0025049 0.00200173
3 0.00266867 0.00138211 0.978224 0.00311939 0.0084643 0.003248 0.00289346
4 0.0109241 0.0120317 0.01795 0.905725 0.0271924 0.0102884 0.0158886
5 0.008632 0.0103948 0.0286111 0.0437561 0.880026 0.0152329 0.0133472
6 0.00710663 0.00983632 0.0158471 0.015145 0.0205023 0.925056 0.00650665
7 0.0092188 0.0105576 0.0239221 0.0341682 0.027629 0.0104851 0.884019
1 0.939736 0.00598641 0.00884852 0.00922412 0.0241575 0.00730935 0.00473805
2 0.00432144 0.976202 0.00256579 0.00222541 0.00855714 0.00343478 0.00269376
5 0.0105414 0.00528223 0.00817418 0.016583 0.936414 0.0123337 0.0106715
6 0.00729793 0.00591844 0.00760785 0.00853437 0.0212375 0.944434 0.00497002
7 0.00666442 0.00592184 0.00908265 0.0183429 0.0229296 0.00715162 0.929907
1 0.924992 0.0112639 0.0119103 0.0125857 0.0232679 0.0102741 0.00570614
2 0.00756949 0.958261 0.00753548 0.00551502 0.0109049 0.0059757 0.00423841
4 0.0173987 0.0142492 0.0174601 0.88994 0.0297012 0.0131663 0.0180849
5 0.0286492 0.0161672 0.0222736 0.0491526 0.835789 0.027739 0.0202296
6 0.0126645 0.0107024 0.0126987 0.0144623 0.0231308 0.919281 0.00706004
7 0.0141525 0.0139763 0.02009 0.0365573 0.0293152 0.0135419 0.872367
4 0.00276636 0.0031622 0.00335218 0.966952 0.0145518 0.00476181 0.00445384
4 0.0088825 0.0092491 0.014077 0.926816 0.0194176 0.010038 0.0115201
4 0.00377093 0.00710571 0.00958278 0.948407 0.0187539 0.00664646 0.00573307
4 0.00246252 0.00330968 0.00416413 0.968539 0.0129584 0.00401617 0.00455031
4 0.00406649 0.00511267 0.00725546 0.947716 0.0236244 0.00712976 0.00509493
4 0.0093724 0.00951156 0.0145855 0.92558 0.0183724 0.0102137 0.0123647
4 0.00953469 0.00964797 0.0150755 0.923744 0.0200392 0.0102579 0.0117008
4 0.00491699 0.00751661 0.0114788 0.939973 0.0220513 0.00778146 0.00628192
4 0.0106434 0.010924 0.0162533 0.919665 0.0189326 0.0108031 0.0127784
4 0.0100378 0.0100753 0.0155243 0.92242 0.0191739 0.0104618 0.0123072
4 0.00692391 0.00822153 0.0122122 0.936878 0.0194692 0.00811002 0.00818492
4 0.00634158 0.00809819 0.0116228 0.937908 0.0205978 0.00793746 0.00749437
4 0.00632064 0.00830653 0.0111994 0.9371 0.0214204 0.00820022 0.00745235
4 0.00728725 0.00937641 0.0125325 0.92403 0.0224722 0.0092595 0.0150424
4 0.00786383 0.00854948 0.0127102 0.93685 0.0169205 0.0070906 0.010015
4 0.00679069 0.00754612 0.0122335 0.939553 0.0149367 0.0076932 0.0112472
4 0.0050842 0.00449779 0.00952764 0.910111 0.0542382 0.00648435 0.0100564
4 0.00482049 0.00501083 0.00658497 0.95609 0.0145238 0.00587176 0.00709807
4 0.00452901 0.00478584 0.00581361 0.957517 0.0146065 0.00603562 0.00671194
4 0.00546469 0.00546295 0.00740015 0.952695 0.0137948 0.0066807 0.00850166
4 0.00615619 0.00742817 0.00868958 0.934345 0.0161391 0.00769236 0.0195495
4 0.00760463 0.00753093 0.00995603 0.943477 0.0145167 0.00703289 0.0098814
4 0.00703865 0.00789148 0.0133362 0.937374 0.0149388 0.0079084 0.0115127
4 0.00634077 0.00551616 0.0136942 0.902274 0.052421 0.00791372 0.0118402
4 0.00702235 0.00853789 0.014417 0.929734 0.0148531 0.0143873 0.0110481
2 0.00554154 0.96344 0.00715085 0.00524238 0.00991319 0.00494633 0.00376559
4 0.00952451 0.00687774 0.0107188 0.92569 0.0240509 0.00914375 0.0139944
7 0.00929508 0.00783786 0.0142369 0.0407914 0.0271353 0.0106866 0.890017
1 0.946297 0.00492242 0.00583411 0.0100475 0.0219664 0.00670991 0.00422239
4 0.0146393 0.00934916 0.0132022 0.900075 0.0334144 0.0111808 0.0181391
5 0.0135655 0.00433692 0.00669587 0.0361063 0.914891 0.0130762 0.0113279
7 0.00688781 0.00547498 0.00797857 0.0185641 0.0227984 0.00729234 0.931004
3 0.00637463 0.00690394 0.958879 0.0078002 0.00969593 0.00577159 0.00457492
4 0.0183898 0.0144686 0.0182373 0.887975 0.0288609 0.013684 0.018384
5 0.017858 0.0175228 0.0166019 0.0800914 0.817743 0.028747 0.0214363
5 0.00804353 0.00538149 0.0125623 0.0862946 0.858429 0.0180585 0.0112308
1 0.94622 0.00620515 0.00710538 0.0119192 0.0153542 0.00865686 0.00453917
3 0.00426576 0.00618543 0.962151 0.0105728 0.00893789 0.00428656 0.00360048
4 0.0154686 0.00852705 0.0122978 0.911064 0.0254669 0.0134161 0.0137601
6 0.0119437 0.00704355 0.00844306 0.021165 0.0193154 0.925181 0.00690846
1 0.963275 0.00358913 0.00364834 0.00555065 0.0147237 0.00579132 0.00342146
4 0.0143388 0.00900743 0.0118378 0.911912 0.0264074 0.010881 0.0156154
5 0.0275852 0.00852371 0.013809 0.0538361 0.848428 0.0286573 0.0191604
6 0.00830712 0.00534014 0.00598755 0.00996682 0.0170032 0.948313 0.00508246
7 0.00866201 0.00696279 0.00906593 0.0218494 0.0216902 0.00860274 0.923167
1 0.927393 0.0120013 0.011481 0.0142232 0.0172153 0.0114901 0.00619589
2 0.00736744 0.962733 0.00541303 0.0045317 0.0100263 0.00578502 0.00414365
4 0.0185285 0.0151369 0.0178052 0.890504 0.0247015 0.0140453 0.0192787
6 0.0143714 0.0123306 0.0133316 0.0180542 0.0192101 0.914714 0.00798789
6 0.00989169 0.00997919 0.0123517 0.0194027 0.0135336 0.927344 0.00749693
6 0.0103798 0.00847555 0.00974466 0.0207789 0.0142821 0.929121 0.00721814
6 0.0110402 0.00695752 0.00802588 0.0217431 0.0175786 0.927807 0.00684737
6 0.00752221 0.00832401 0.0105607 0.0155014 0.0114425 0.939899 0.00674977
6 0.00539195 0.00376651 0.00422198 0.0120151 0.0116206 0.958353 0.00463115
6 0.00395999 0.00410915 0.00498637 0.00940772 0.00854334 0.964494 0.00449913
6 0.00927636 0.0112239 0.0142401 0.017402 0.0129121 0.927254 0.0076917
6 0.00876635 0.00798803 0.00866742 0.0222331 0.0139893 0.931204 0.00715158
6 0.00836446 0.00919333 0.0105843 0.0216629 0.0129045 0.929896 0.00739477
6 0.00934482 0.0117428 0.0138713 0.0182496 0.0129158 0.926159 0.00771642
1 0.944599 0.00788213 0.00760386 0.00937559 0.0129627 0.0124706 0.00510577
3 0.00756606 0.00897503 0.952011 0.0108883 0.00923286 0.00665934 0.0046677
1 0.940854 0.00968695 0.00867578 0.0098927 0.0142321 0.0108856 0.00577261
3 0.00626162 0.00705606 0.961068 0.00631704 0.00889218 0.00585752 0.00454774
4 0.018478 0.014449 0.0174909 0.892896 0.0224831 0.0149991 0.019204
6 0.0142884 0.0114002 0.0120521 0.0181801 0.0176687 0.918474 0.0079369
7 0.0148931 0.0139162 0.0174506 0.0375037 0.0215455 0.0143531 0.880338
2 0.00784158 0.957475 0.00799406 0.00615591 0.00964848 0.00636476 0.0045205
7 0.0143475 0.0158761 0.0196101 0.0358276 0.0184708 0.0141552 0.881713
