labels 5 0 4 6 1 2 3 7
5 0.939037 0.0050591 0.0240165 0.00567029 0.00906329 0.00554652 0.00674545 0.00486148
5 0.980195 0.00274114 0.00307955 0.00256358 0.00404354 0.0022654 0.00268741 0.0024246
5 0.940175 0.00400086 0.0239451 0.00541056 0.00741721 0.00694565 0.00821298 0.00389286
5 0.991512 0.000703305 0.00392596 0.000640645 0.000777556 0.00075066 0.000898299 0.00079186
5 0.996536 0.000638161 0.000630354 0.00039978 0.000464984 0.000338644 0.000405066 0.000586822
5 0.97971 0.00191413 0.00821684 0.0017704 0.00217827 0.00207885 0.00248137 0.00164987
5 0.93907 0.0024618 0.0240707 0.00512498 0.00741533 0.008162 0.0103117 0.00338386
5 0.970922 0.00215901 0.00821082 0.00305174 0.00413063 0.00405278 0.00504755 0.00242581
5 0.93315 0.00357388 0.023924 0.0057407 0.00815062 0.00972408 0.0121489 0.00358815
0 0.00873598 0.928423 0.0131297 0.00903701 0.0125194 0.00719858 0.0100275 0.0109291
0 0.00659229 0.937868 0.014845 0.00853744 0.00784552 0.00583793 0.00795365 0.0105198
4 0.00353353 0.00344689 0.972429 0.00411013 0.00695763 0.00284269 0.00503416 0.00164602
4 0.0101256 0.00335575 0.969818 0.003186 0.00362398 0.00226827 0.0049523 0.00267032
4 0.00337166 0.00245911 0.967115 0.00449027 0.00722036 0.00339114 0.00841792 0.00353456
4 0.00078641 0.00104734 0.994094 0.00091138 0.00101075 0.000565981 0.00111263 0.000471269
4 0.0008199 0.001071 0.993903 0.000760196 0.000813407 0.000630523 0.001211 0.000791006
4 0.00231824 0.00232454 0.975511 0.00231024 0.003241 0.00161526 0.00359735 0.00908257
4 0.000810322 0.00123515 0.991787 0.000735461 0.000796645 0.000434416 0.000847146 0.00335381
4 0.000662777 0.00080882 0.994922 0.000706764 0.00077775 0.000553862 0.00110414 0.000463729
4 0.000510588 0.000754982 0.996458 0.000507885 0.000473728 0.000351155 0.000646336 0.000297359
4 0.00189434 0.000948881 0.991639 0.000643443 0.000595409 0.000601162 0.0010324 0.00264528
4 0.00107325 0.000835017 0.9923 0.000500155 0.000516991 0.000549502 0.000857815 0.00336698
4 0.00100536 0.000854779 0.994492 0.000761412 0.000722474 0.000645474 0.00111846 0.000400287
4 0.000753109 0.000902202 0.995192 0.000656668 0.000609486 0.000529687 0.000925073 0.000431695
4 0.00282436 0.0022476 0.974427 0.00337936 0.00407107 0.00459817 0.00579131 0.00266119
4 0.00152298 0.00142267 0.981201 0.00184194 0.00202201 0.00145007 0.00964068 0.000898883
4 0.00701043 0.0016247 0.965499 0.00382393 0.00525254 0.00523681 0.00967758 0.0018755
4 0.00231808 0.00161394 0.977008 0.00539433 0.00319763 0.00306441 0.00581848 0.00158547
4 0.00229522 0.00199006 0.972345 0.0026655 0.0032248 0.00248764 0.00569867 0.00929271
4 0.0032664 0.00197991 0.967154 0.0035695 0.00711155 0.00468659 0.00883129 0.00340088
4 0.00172059 0.00139729 0.985194 0.00179733 0.00186088 0.00374039 0.00335282 0.000937085
4 0.00301113 0.00200338 0.973053 0.00318292 0.00356165 0.00304726 0.0101384 0.0020023
4 0.00298833 0.00202499 0.971816 0.00329216 0.00382771 0.00340118 0.0103102 0.00233933
4 0.00282085 0.00168104 0.971938 0.0035514 0.00509683 0.00462969 0.00941719 0.000865116
4 0.0027287 0.00196818 0.968088 0.00340362 0.00732586 0.00435089 0.00820944 0.00392527
4 0.00273054 0.00191719 0.970217 0.00324354 0.00656478 0.00434048 0.00887208 0.00211426
4 0.0022055 0.00172 0.979343 0.00297139 0.00394474 0.00278979 0.00539683 0.00162918
4 0.0026702 0.00208497 0.971196 0.00304612 0.00688766 0.00408225 0.00787131 0.00216126
4 0.00205469 0.00170301 0.980724 0.00240344 0.00310181 0.0026831 0.00571003 0.00161992
4 0.00140695 0.00127783 0.986037 0.00230971 0.00239248 0.0019973 0.00367821 0.000900237
6 0.00539209 0.00434059 0.015815 0.942273 0.0116524 0.00644687 0.00899144 0.00508821
6 0.00321249 0.00335998 0.0182849 0.944824 0.0105325 0.00763812 0.00875045 0.00339791
6 0.00307423 0.00252792 0.011324 0.94758 0.0130159 0.0103621 0.00939399 0.00272163
6 0.00199022 0.00131388 0.0126664 0.966732 0.00418029 0.00528182 0.00626476 0.00157112
6 0.00326742 0.00248716 0.0164447 0.945923 0.00801348 0.0103174 0.0108079 0.00273923
6 0.00260552 0.00231131 0.0116052 0.953933 0.00571488 0.010873 0.0105227 0.00243461
6 0.00336057 0.00245671 0.0117731 0.948064 0.00765172 0.0119652 0.0119905 0.00273813
6 0.00233471 0.00174069 0.0147658 0.95919 0.00375734 0.00783471 0.00844276 0.001934
6 0.00351547 0.00246808 0.0145622 0.945457 0.00767344 0.0112944 0.0122393 0.0027903
6 0.00277842 0.00388021 0.0187081 0.956464 0.00492518 0.00387888 0.0055926 0.00377223
6 0.0019293 0.00196307 0.007407 0.974161 0.00490451 0.00346869 0.00408817 0.00207778
6 0.00138632 0.000993547 0.00915691 0.978732 0.00222735 0.00251133 0.00373312 0.00125952
6 0.00153588 0.00117012 0.00653026 0.980225 0.00258576 0.00296278 0.00366404 0.00132643
6 0.00168161 0.00225621 0.00850327 0.976343 0.00268488 0.00268267 0.00364257 0.00220603
6 0.00319628 0.0024349 0.0115633 0.951329 0.00529485 0.0117459 0.0117461 0.00268944
6 0.00110279 0.000955209 0.00562102 0.985305 0.0014782 0.00190291 0.00258348 0.00105099
6 0.00336811 0.00246818 0.0155697 0.947871 0.00580442 0.0106644 0.0115086 0.00274603
6 0.00357688 0.00285216 0.018388 0.944081 0.00843419 0.00824786 0.0110773 0.00334233
6 0.0035361 0.00205644 0.017244 0.945589 0.00801792 0.0090778 0.0118757 0.00260322
6 0.00350268 0.00262892 0.0153545 0.944557 0.0079172 0.0107378 0.0123494 0.00295263
6 0.00357042 0.00254618 0.0162953 0.944506 0.00762155 0.0103588 0.0122154 0.00288675
6 0.00353112 0.00430283 0.0101712 0.945254 0.0129259 0.0105812 0.0103809 0.00285274
6 0.00513625 0.0034561 0.011696 0.951536 0.00904557 0.00671559 0.010055 0.00235979
6 0.00319117 0.00154089 0.00943377 0.950307 0.0126398 0.0100998 0.0101437 0.00264398
6 0.00234939 0.00162289 0.00639814 0.966289 0.00626599 0.00753783 0.00745815 0.0020785
6 0.00304872 0.00191028 0.00960834 0.953936 0.00605919 0.0112195 0.0116666 0.00255084
6 0.00342548 0.00246462 0.0119423 0.947982 0.00759312 0.0114366 0.012395 0.00276049
6 0.00319352 0.00387051 0.0120157 0.945128 0.00986834 0.0113679 0.0117017 0.00285459
6 0.00310175 0.00170286 0.0096428 0.950804 0.00956869 0.0111599 0.0113846 0.00263522
6 0.00336283 0.00245526 0.0112777 0.949844 0.00658001 0.0114816 0.0122607 0.00273765
6 0.00113103 0.00164184 0.00434154 0.983276 0.00191472 0.00301278 0.00338348 0.00129853
6 0.00173411 0.00149164 0.00518768 0.977073 0.00304856 0.00467738 0.00507026 0.00171745
6 0.00191503 0.00197373 0.00572287 0.975651 0.00281844 0.00475337 0.00530739 0.00185774
6 0.00224182 0.00194802 0.0179759 0.95652 0.00445734 0.00658986 0.00829173 0.00197504
6 0.00332096 0.00248493 0.0178217 0.945678 0.00685009 0.00950152 0.0116357 0.00270753
6 0.00353072 0.00247213 0.015382 0.945693 0.00703666 0.0106344 0.01246 0.00279094
6 0.00411651 0.0063405 0.0138849 0.940584 0.00739403 0.0118666 0.0126846 0.00312866
6 0.00140533 0.00104026 0.00361532 0.982571 0.00390945 0.00299118 0.00306975 0.00139808
6 0.00188685 0.00228264 0.00496966 0.976851 0.00352027 0.00432643 0.00446256 0.00170058
6 0.0026975 0.00205444 0.0084809 0.961504 0.00601994 0.00830769 0.00865793 0.00227725
6 0.00327925 0.00207608 0.0105043 0.953102 0.00686177 0.0104628 0.0110258 0.00268853
6 0.00345687 0.00529232 0.0159974 0.942485 0.00641409 0.0107207 0.0125288 0.00310474
6 0.00140821 0.00114598 0.00398093 0.982341 0.00312544 0.00315358 0.00339034 0.00145493
6 0.00312026 0.00225533 0.0101646 0.953191 0.00556164 0.0111507 0.0118906 0.00266549
6 0.000929851 0.00156186 0.00365755 0.987616 0.00114915 0.00173312 0.00217646 0.00117589
6 0.000612695 0.00070479 0.00143904 0.993607 0.000785381 0.000960877 0.00110099 0.000788973
6 0.00181637 0.00178857 0.00535827 0.97681 0.00233795 0.00480799 0.00529777 0.0017829
6 0.00183465 0.00169091 0.0128991 0.968943 0.00309581 0.00426969 0.00552418 0.00174232
6 0.00145577 0.00135271 0.00722529 0.979315 0.00233523 0.00297524 0.00386325 0.0014772
6 0.0033987 0.00246901 0.0167786 0.946329 0.00612159 0.0100216 0.0121469 0.00273436
6 0.00357661 0.00166003 0.0142089 0.946852 0.00785765 0.0109272 0.0122634 0.00265471
6 0.00361361 0.00209815 0.0132173 0.94622 0.00852552 0.0111608 0.0123386 0.00282585
6 0.00334543 0.00170986 0.0146855 0.947934 0.0072007 0.0103439 0.0120811 0.00269967
6 0.00347508 0.00224219 0.0133244 0.946872 0.00768481 0.0111478 0.012434 0.00281997
6 0.00164264 0.00105064 0.00541835 0.980333 0.00246316 0.00336515 0.00411005 0.00161655
6 0.00184355 0.00175898 0.00597129 0.976462 0.00290225 0.00426161 0.00499865 0.0018013
6 0.00358177 0.00207934 0.0167401 0.945318 0.00741902 0.0098537 0.0121499 0.00285857
6 0.00356861 0.00254011 0.0164947 0.944871 0.00729014 0.0101373 0.0122753 0.00282281
1 0.00376866 0.00268406 0.00667204 0.00486326 0.962678 0.00683566 0.00897802 0.00352031
6 0.00537386 0.00364406 0.0137505 0.944526 0.0118173 0.00720911 0.0107419 0.0029372
2 0.00293518 0.00243931 0.0041457 0.00457695 0.00413447 0.965921 0.012917 0.00293067
6 0.00524013 0.00339206 0.0111043 0.945184 0.00942423 0.0113792 0.011481 0.0027951
3 0.00304807 0.00221427 0.00310627 0.00400327 0.0046186 0.00990415 0.970325 0.00278012
6 0.00470533 0.00326108 0.0102267 0.954413 0.00719249 0.00593753 0.0115428 0.00272114
4 0.00297894 0.00233504 0.966466 0.00558322 0.00517155 0.00520858 0.0098207 0.00243644
6 0.00536553 0.00336102 0.018311 0.943034 0.00929812 0.00669314 0.0112279 0.00270915
5 0.930116 0.00459409 0.0119377 0.0117395 0.00906995 0.0122672 0.0150363 0.00523975
6 0.00582056 0.00370092 0.0141622 0.942636 0.0103995 0.00807544 0.0122521 0.00295274
6 0.00259098 0.00216638 0.00460735 0.975096 0.00358034 0.00418495 0.00525902 0.00251535
7 0.00856545 0.0054391 0.0114415 0.0166199 0.0114889 0.0154862 0.0194324 0.911527
6 0.00549594 0.00340908 0.0141829 0.943501 0.0103272 0.00800472 0.0121822 0.00289705
0 0.00608644 0.934204 0.00878108 0.0193162 0.00565387 0.0089245 0.0101045 0.00693
6 0.00433194 0.00343818 0.0106803 0.958186 0.00809476 0.00489591 0.00737449 0.00299873
1 0.00392229 0.00197231 0.00297 0.00285555 0.976183 0.00378263 0.00463226 0.00368246
2 0.00330943 0.00142597 0.00236386 0.00239291 0.00380808 0.973158 0.0100721 0.00346964
3 0.0034516 0.00129829 0.00189408 0.00210136 0.00417377 0.00405981 0.979774 0.00324729
4 0.00376914 0.00183987 0.967543 0.00405278 0.00528846 0.0049988 0.00961083 0.0028968
5 0.959077 0.00269268 0.00571667 0.00483003 0.00665426 0.00710704 0.00826368 0.00565816
6 0.00368298 0.00206076 0.00408263 0.968642 0.00508894 0.00588889 0.00717025 0.00338325
7 0.00490824 0.00243201 0.00373004 0.00421814 0.0051917 0.00590099 0.00690989 0.966709
1 0.00520283 0.00226442 0.00936176 0.00439752 0.956724 0.008424 0.00940179 0.00422336
2 0.00376458 0.00176271 0.0051703 0.0030954 0.00442674 0.965317 0.0128199 0.00364319
3 0.00382583 0.0015987 0.00382077 0.00268846 0.00477835 0.00972568 0.970158 0.00340465
4 0.00386486 0.00194001 0.967009 0.00397799 0.00516838 0.0054108 0.00978751 0.00284147
5 0.927412 0.00347276 0.0141246 0.00718117 0.0102544 0.0149065 0.0154964 0.0071519
6 0.00515312 0.00242151 0.0130707 0.942775 0.00836272 0.0113987 0.0128023 0.00401645
7 0.0105722 0.00393211 0.0124771 0.00894214 0.0118661 0.0175319 0.0188088 0.91587
3 0.00331962 0.00281592 0.00605193 0.00305178 0.00538761 0.00295481 0.973165 0.00325354
3 0.000601339 0.00351115 0.00331723 0.00152868 0.000582052 0.00761606 0.981983 0.000860932
3 0.00182758 0.000746156 0.00158992 0.00136041 0.00182315 0.00154635 0.990588 0.000518841
3 0.000507763 0.00155422 0.00317572 0.000720804 0.0037861 0.00222973 0.986861 0.00116451
3 0.00244877 0.00189197 0.0029647 0.00186908 0.00876572 0.00365353 0.976491 0.00191528
3 0.000445376 0.00206623 0.00140713 0.0007367 0.000425795 0.00622597 0.988168 0.000524608
3 0.00039902 0.00129448 0.00104194 0.000550615 0.00209218 0.000898299 0.992804 0.000919224
3 0.00144479 0.00146765 0.0014691 0.00102126 0.00436035 0.00246346 0.986682 0.00109178
3 0.000942074 0.00294866 0.0057686 0.00176108 0.000886586 0.00697278 0.979538 0.00118264
3 0.000808207 0.00163732 0.00455305 0.00101549 0.00396776 0.00440854 0.9821 0.00150933
3 0.0024398 0.00186912 0.00330421 0.00193308 0.00892582 0.00757991 0.971983 0.00196488
3 0.00201988 0.00221791 0.00296557 0.00172446 0.00892759 0.0084983 0.971699 0.00194766
3 0.00199107 0.00154476 0.00232876 0.00151355 0.00879486 0.00839895 0.973522 0.00190649
3 0.00213073 0.00167302 0.00217116 0.00161699 0.00877822 0.00843236 0.973272 0.00192546
3 0.000879546 0.00103156 0.00195018 0.000677974 0.00177173 0.00390681 0.988732 0.00104984
3 0.00153247 0.00124742 0.00206615 0.00114152 0.00239605 0.00474611 0.98531 0.00156049
3 0.00185352 0.00151234 0.00187058 0.00134687 0.00253735 0.00426492 0.984886 0.00172851
3 0.00159824 0.00171622 0.00194228 0.00127556 0.00471138 0.00613895 0.98123 0.0013871
3 0.00203315 0.0015461 0.00235045 0.00161125 0.00705064 0.00846483 0.975102 0.00184185
3 0.00216117 0.00166906 0.00237217 0.00168129 0.00743122 0.00945439 0.973294 0.0019368
3 0.000843381 0.000925936 0.00153606 0.000632865 0.00136129 0.00336941 0.990461 0.000870006
3 0.00169937 0.00130803 0.00232686 0.00135258 0.00267241 0.00528275 0.983749 0.00160889
3 0.00202379 0.0015669 0.00232474 0.0015613 0.00304756 0.00522414 0.982417 0.00183472
3 0.00123563 0.00122407 0.00346183 0.00101344 0.00275293 0.00728984 0.981716 0.00130606
3 0.001625 0.0014282 0.00317836 0.00132139 0.00387826 0.00786455 0.979146 0.00155846
3 0.00221192 0.00167111 0.00288634 0.00180253 0.00599203 0.00882034 0.974648 0.00196778
3 0.000976479 0.00271345 0.00622843 0.00155149 0.00496795 0.00765283 0.974074 0.00183561
3 0.00113047 0.00177604 0.00359817 0.00150209 0.00325458 0.00902578 0.978119 0.00159338
3 0.000238296 0.00107158 0.00482122 0.000431168 0.000292321 0.00649632 0.986243 0.000405844
3 0.00188906 0.00174082 0.00503714 0.00320467 0.00268376 0.00908803 0.974489 0.00186726
3 0.00311454 0.00301845 0.00601056 0.00187797 0.00143567 0.00764241 0.975488 0.00141259
3 0.000761842 0.00274171 0.00604252 0.00167795 0.000966618 0.00729676 0.976735 0.00377806
3 0.000562091 0.00226906 0.00287699 0.00107681 0.00121368 0.00363203 0.987365 0.00100409
3 0.00222733 0.0016421 0.00275272 0.0018918 0.00497946 0.00924747 0.975293 0.00196563
3 0.00379096 0.00234278 0.00593691 0.0016436 0.00243542 0.00846121 0.973587 0.00180228
3 0.00331471 0.00239652 0.00571184 0.00159078 0.00185953 0.00679743 0.976527 0.00180183
3 0.00205828 0.00166855 0.00332567 0.00329453 0.00326261 0.00937565 0.975103 0.00191173
3 0.000827451 0.00191541 0.00372951 0.00100137 0.00303343 0.00825978 0.980052 0.0011815
3 0.00143448 0.00201807 0.00362809 0.00183527 0.00225605 0.00910676 0.978585 0.00113624
3 0.000208286 0.00075519 0.00235514 0.000278046 0.000222068 0.00553266 0.990357 0.000291572
3 0.00200063 0.00171693 0.00434704 0.00283901 0.00284826 0.00934024 0.97502 0.00188773
3 0.00210198 0.00206421 0.00355193 0.00121538 0.00118234 0.0082376 0.980673 0.000973766
3 0.000500209 0.00172279 0.00259898 0.00079608 0.000612587 0.00601527 0.986247 0.00150699
3 0.00315296 0.00208569 0.00629563 0.00328026 0.0065058 0.00944114 0.962965 0.00627314
3 0.000358447 0.00156615 0.000880871 0.000640572 0.000750222 0.00194644 0.993162 0.000695346
3 0.00225854 0.00164804 0.00289113 0.0019567 0.00478301 0.00916872 0.975314 0.00197943
3 0.00304207 0.00191763 0.00434138 0.00142878 0.0023637 0.00897373 0.976537 0.00139536
3 0.00269597 0.00193161 0.00456518 0.00135721 0.00184443 0.0081765 0.978049 0.00137975
3 0.00211022 0.0016666 0.00329924 0.0030309 0.00344093 0.00927458 0.975244 0.00193331
1 0.00342569 0.00256586 0.00715076 0.00281449 0.969794 0.00387151 0.00716799 0.00321002
3 0.00362699 0.00251058 0.00644899 0.0035333 0.00787017 0.006244 0.967707 0.00205865
2 0.00166273 0.00190565 0.00229499 0.0012298 0.00154266 0.977156 0.012039 0.00216885
3 0.00350977 0.00230223 0.00440143 0.00318454 0.00664506 0.0091714 0.968924 0.00186127
3 0.00061374 0.000552494 0.00016882 0.000303319 0.000403273 0.000846665 0.99616 0.000951416
4 0.00172971 0.00182212 0.977899 0.00200804 0.00234887 0.00261732 0.00980335 0.00177183
3 0.00352974 0.00234383 0.00640872 0.00337931 0.00622243 0.00557111 0.970699 0.00184586
5 0.949524 0.00424391 0.0111783 0.00455451 0.0053387 0.00826227 0.0123913 0.0045068
3 0.00386237 0.00255058 0.00664892 0.00373929 0.00723401 0.00715008 0.966769 0.00204532
6 0.00360121 0.0026812 0.0119086 0.955273 0.00465231 0.00660211 0.0121712 0.00311021
3 0.00364735 0.00251826 0.00655586 0.00440283 0.00708716 0.00707156 0.966692 0.00202467
7 0.00666288 0.00494969 0.00888106 0.0064356 0.00690097 0.0102739 0.0159489 0.939947
3 0.00367981 0.00219427 0.00657425 0.00369524 0.0071541 0.00706702 0.967738 0.00189739
0 0.00554139 0.956238 0.00645173 0.00477295 0.00322456 0.00558283 0.0114971 0.00669189
3 0.00281046 0.00219535 0.00428558 0.00243484 0.00426275 0.00298316 0.979083 0.00194447
1 0.00362743 0.00192276 0.00167701 0.00248642 0.983249 0.00181099 0.00180014 0.00342668
2 0.00299115 0.00144928 0.0015579 0.00175796 0.00288677 0.982857 0.00327692 0.00322306
3 0.00276993 0.000873618 0.00100128 0.00117556 0.00244635 0.00173659 0.987167 0.0028299
4 0.0034595 0.00180891 0.970433 0.00314421 0.0044047 0.0041973 0.0097451 0.00280687
5 0.972254 0.00260768 0.00339191 0.00348214 0.00492071 0.00398413 0.00430881 0.00505013
6 0.00373161 0.00221535 0.00312874 0.969492 0.00485904 0.00553136 0.00773843 0.00330302
7 0.00441951 0.00237256 0.00260459 0.00319838 0.00404668 0.0039905 0.00424698 0.975121
1 0.00491116 0.00224599 0.00875383 0.0038719 0.962159 0.00730001 0.006721 0.00403695
2 0.00356733 0.00174602 0.00499222 0.00276765 0.00408432 0.972271 0.00706902 0.00350202
3 0.00378208 0.00152548 0.00366894 0.00247502 0.00466388 0.00966492 0.970849 0.00337099
4 0.00381933 0.00192742 0.967491 0.00375313 0.00504806 0.00535785 0.00978428 0.00281874
5 0.931863 0.00346172 0.0133167 0.00627028 0.00957882 0.0141352 0.0144846 0.00689007
6 0.00502601 0.00240034 0.0129368 0.94368 0.00801127 0.0112002 0.0128015 0.00394358
7 0.0101698 0.00391827 0.0118275 0.007948 0.0112298 0.0171403 0.0185131 0.919253
1 0.00450766 0.00330274 0.0110472 0.00471298 0.95193 0.00736154 0.0100144 0.00712396
1 0.00231428 0.000943834 0.00958683 0.00279376 0.9643 0.00656532 0.00872604 0.00477017
1 0.00501236 0.00385298 0.0112373 0.00515792 0.948928 0.00646333 0.0094042 0.00994382
1 0.00330916 0.00232572 0.00754226 0.00366798 0.965626 0.00899168 0.00586494 0.00267252
1 0.00336442 0.00234269 0.00816216 0.00377395 0.963797 0.00924211 0.00662008 0.00269745
1 0.00267902 0.00211681 0.00486617 0.00255289 0.973194 0.00812349 0.00417457 0.00229276
1 0.00323213 0.00231606 0.00635765 0.00319339 0.96777 0.00825576 0.00623992 0.00263521
1 0.00203919 0.0019316 0.00307914 0.00182242 0.982538 0.00397841 0.00264277 0.00196822
1 0.00314133 0.00229772 0.0054754 0.00298941 0.970533 0.00810012 0.00487349 0.00259003
1 0.00328931 0.00232436 0.00693706 0.00329045 0.966813 0.00748041 0.00720537 0.00266016
1 0.0033992 0.00233995 0.00835391 0.00362814 0.963708 0.00923923 0.0066235 0.00270849
1 0.00343572 0.00234713 0.0088996 0.00374317 0.962348 0.0092536 0.00725361 0.00271909
1 0.00274384 0.00212736 0.00543574 0.00261199 0.972281 0.00776147 0.00471995 0.00231834
1 0.00330895 0.00233171 0.00712533 0.00332791 0.965384 0.00886128 0.00699242 0.00266882
1 0.0020774 0.00194984 0.0034179 0.00189372 0.981199 0.00439134 0.00308063 0.00198994
1 0.00320227 0.0023144 0.00595934 0.00306439 0.968806 0.00843204 0.00560137 0.00261971
1 0.00335573 0.00233546 0.0077762 0.00345887 0.963851 0.00867523 0.00785892 0.0026883
1 0.00352024 0.00242718 0.0100851 0.00907102 0.955861 0.00760758 0.00858705 0.00284067
1 0.00348755 0.00235989 0.0100091 0.00461991 0.959466 0.00908212 0.00822825 0.00274766
1 0.00354858 0.0024201 0.0104582 0.00784766 0.955949 0.00792641 0.00901097 0.00283879
1 0.00356306 0.00240228 0.010784 0.00683445 0.956349 0.00799823 0.00918912 0.00287984
1 0.00358923 0.00302612 0.00670841 0.00313704 0.965155 0.00630015 0.00839153 0.00369282
1 0.000741315 0.000512633 0.00233965 0.000646148 0.99067 0.00138524 0.00186549 0.00183921
1 0.00343655 0.00278724 0.00610565 0.0030467 0.966536 0.00662486 0.00815822 0.00330513
1 0.0022389 0.00144102 0.00406972 0.00198209 0.974354 0.0059385 0.00752135 0.00245393
1 0.00157452 0.000963076 0.0047025 0.00152673 0.980341 0.00394957 0.00479948 0.00214338
1 0.00253098 0.00163234 0.00463629 0.00230343 0.972634 0.00612246 0.00757022 0.00257048
1 0.00312028 0.0023395 0.00540696 0.00278213 0.969152 0.00694305 0.00762501 0.00263157
1 0.00316522 0.00224507 0.00597151 0.00287994 0.967989 0.00721262 0.00785065 0.00268562
1 0.00312745 0.00233227 0.00537018 0.00280275 0.969182 0.00694686 0.00762008 0.00261812
7 0.00768126 0.00673484 0.0203663 0.00895718 0.0154302 0.00784255 0.0127903 0.920197
7 0.00279856 0.00162656 0.0173404 0.00367202 0.00401129 0.00516892 0.00886532 0.956517
7 0.00522849 0.00393456 0.00860321 0.00572423 0.017101 0.00611865 0.00831707 0.944973
7 0.00764092 0.00540361 0.0169086 0.00833539 0.0141502 0.00747427 0.0116845 0.928403
7 0.00568805 0.00411629 0.0101863 0.00619703 0.0180906 0.00673358 0.00911331 0.939875
7 0.00492467 0.00559297 0.0189482 0.00642987 0.0169052 0.00613869 0.00786828 0.933192
7 0.00491405 0.00499524 0.0189671 0.00613952 0.0110555 0.00619391 0.00717511 0.94056
7 0.00413132 0.00291477 0.0170584 0.00528166 0.00544051 0.00681342 0.0085742 0.949786
7 0.00513855 0.00413285 0.0199662 0.00672595 0.0103126 0.00878735 0.0113617 0.933575
2 0.00322722 0.00310017 0.0089517 0.00344287 0.00477227 0.968663 0.0042727 0.00357029
2 0.00034255 0.000377833 0.00176699 0.000353727 0.000340261 0.995889 0.000567166 0.000362841
2 0.00105945 0.00152158 0.00173329 0.00089254 0.00648779 0.984751 0.00183085 0.00172377
2 0.00100433 0.00140515 0.0014897 0.000879379 0.00611424 0.984875 0.00260653 0.00162566
2 0.000418702 0.000600168 0.00113649 0.000397045 0.000391542 0.996092 0.000404749 0.000558976
2 0.000539821 0.000732789 0.00130901 0.000558868 0.000558921 0.994983 0.000575842 0.000742117
2 0.00156057 0.00170466 0.00293844 0.00150305 0.00670413 0.978039 0.00556684 0.00198347
2 0.00157943 0.00170589 0.00276175 0.00158444 0.00722375 0.97656 0.00656648 0.00201827
2 0.00140094 0.00136282 0.00347108 0.00147234 0.00125978 0.987761 0.00177614 0.00149566
2 0.0015592 0.00148562 0.00376773 0.00173206 0.0016757 0.985836 0.00224163 0.00170213
2 0.00192422 0.00181593 0.00337404 0.00185773 0.00681688 0.975851 0.00633148 0.00202872
2 0.00199083 0.00183465 0.0036085 0.0019931 0.00743322 0.973902 0.00715652 0.00208162
2 0.00194609 0.0017571 0.00412582 0.00202136 0.00169181 0.983765 0.00271481 0.00197786
2 0.00204996 0.00181789 0.0045513 0.00220101 0.00218283 0.98183 0.00327788 0.00208941
2 0.00201466 0.00224853 0.00469473 0.00191818 0.00207899 0.980397 0.00481624 0.00183125
2 0.000586792 0.00131708 0.000549859 0.000507579 0.00190471 0.99333 0.00073501 0.00106891
2 0.000591026 0.0012859 0.000658615 0.0005351 0.00198652 0.9927 0.00108838 0.00115425
2 0.00234955 0.00215173 0.00532511 0.00232445 0.00828162 0.967145 0.0091874 0.00323501
2 0.00145266 0.00172829 0.00366041 0.00152388 0.00354503 0.974153 0.0120181 0.00191903
2 0.00195198 0.00186264 0.00573696 0.00287875 0.00539652 0.96771 0.0123929 0.0020708
2 0.0020618 0.00186595 0.00547075 0.00564598 0.00483443 0.965229 0.0127517 0.00214087
2 0.00251262 0.0015999 0.00935783 0.00409016 0.00551541 0.963111 0.0117644 0.00204841
2 0.00204696 0.000922571 0.00610183 0.00138862 0.00154129 0.983752 0.00334414 0.000902802
2 0.00117223 0.00112656 0.00387639 0.00129287 0.00165345 0.986562 0.00171621 0.00259986
2 0.0016744 0.00162735 0.00465228 0.0021402 0.00235569 0.983763 0.00193527 0.00185211
2 0.0023811 0.00187074 0.00656617 0.00305322 0.00705751 0.964433 0.0124119 0.00222645
2 0.00321758 0.00182152 0.00555264 0.00219049 0.00646455 0.966178 0.0124819 0.00209379
2 0.00270903 0.00190345 0.00599551 0.00204316 0.00538087 0.967489 0.0123864 0.00209299
2 0.00237277 0.00187677 0.00684426 0.00405113 0.00536731 0.964224 0.0130323 0.00223172
2 0.00115682 0.00160222 0.00186963 0.00107691 0.00653507 0.984061 0.0018049 0.00189297
2 0.000608939 0.000813047 0.00171339 0.000666019 0.000573321 0.994221 0.000560142 0.000843659
2 0.00162229 0.00175062 0.00297792 0.00163911 0.00671663 0.977801 0.00541712 0.00207532
2 0.0015923 0.00151976 0.00395699 0.00175833 0.00144631 0.986083 0.00190263 0.0017403
2 0.00195724 0.00182408 0.00336819 0.00192577 0.0068299 0.975686 0.00634631 0.00206238
2 0.00201382 0.00181384 0.00424629 0.00212473 0.00174583 0.983221 0.00276493 0.00206937
2 0.00151916 0.00182689 0.00328201 0.00163952 0.00355561 0.974088 0.0120568 0.0020319
2 0.00193571 0.00186606 0.0057863 0.00284387 0.00679998 0.967521 0.0111811 0.00206632
2 0.00167804 0.00164317 0.00454428 0.00210621 0.00199101 0.984474 0.00169932 0.00186438
2 0.0023805 0.00186891 0.00660227 0.0030461 0.00732347 0.964328 0.0122293 0.00222155
2 0.00316026 0.00185148 0.00535528 0.00215111 0.0078301 0.966349 0.0112144 0.00208793
2 0.0026791 0.00189874 0.00604582 0.0020422 0.00669499 0.967376 0.0111806 0.00208237
2 0.00200014 0.00181191 0.00373928 0.00218815 0.00688203 0.974825 0.00649204 0.00206145
2 0.00204953 0.00182259 0.00403337 0.00227034 0.00740043 0.973261 0.00707373 0.00208936
2 0.00215291 0.00183643 0.005067 0.0025317 0.00285312 0.975444 0.00798434 0.00213022
2 0.00220744 0.00184341 0.00556412 0.00266566 0.00372276 0.972812 0.0090326 0.00215169
4 0.000758653 0.00421545 0.97873 0.00190025 0.00112195 0.00483991 0.00760392 0.000829829
4 0.00373862 0.00146243 0.973941 0.00412031 0.00607543 0.00296726 0.00679753 0.000897437
4 0.000110967 0.00124887 0.99701 0.000305064 0.000222511 0.00033925 0.000523538 0.000239745
4 0.00258202 0.00259389 0.972089 0.0033339 0.00343064 0.00510139 0.00907193 0.00179738
4 0.00139457 0.00166778 0.987952 0.00152638 0.00150661 0.00181953 0.00310043 0.00103283
4 0.000786574 0.00181588 0.981918 0.00124688 0.000675828 0.0042725 0.00867572 0.00060836
4 0.000249986 0.000976375 0.995664 0.000432054 0.000254863 0.000690536 0.00140877 0.000323815
4 0.00304112 0.00227188 0.971155 0.00324912 0.00369462 0.00494103 0.00953555 0.00211163
4 0.00172462 0.00167658 0.985962 0.00167957 0.00178211 0.00201101 0.00377983 0.00138394
4 0.00763631 0.00231088 0.973397 0.00139024 0.00108203 0.00509134 0.00840764 0.000684151
4 0.00194112 0.00191089 0.97365 0.00318971 0.00368057 0.00476689 0.00937224 0.00148903
4 0.0050144 0.00148206 0.969685 0.00383878 0.00519946 0.00471241 0.00870273 0.00136518
4 0.000666702 0.00294424 0.97392 0.00254346 0.00368479 0.00479047 0.00936982 0.00208095
4 0.00253594 0.00247948 0.978716 0.00294397 0.00272527 0.00347586 0.00513847 0.00198523
4 0.00249054 0.00244078 0.974688 0.00279009 0.00256102 0.00337589 0.009701 0.00195307
4 0.0101378 0.00218206 0.969374 0.00253705 0.0027289 0.0037734 0.0074222 0.00184429
4 0.00222201 0.00230896 0.976098 0.0081709 0.00208597 0.0023369 0.00493146 0.0018455
4 0.00125036 0.00334702 0.97237 0.00270626 0.00228675 0.00490675 0.00919337 0.00393976
4 0.00222146 0.0024237 0.97646 0.00228731 0.00646751 0.0024639 0.00574672 0.00192974
4 0.00247535 0.00266858 0.979055 0.00275925 0.00241758 0.00360025 0.00507516 0.00194919
4 0.00246336 0.00266503 0.974631 0.0027228 0.00237289 0.00360324 0.00960676 0.00193442
4 0.00232385 0.0020499 0.970903 0.0061528 0.00233032 0.00500087 0.00937143 0.0018678
4 0.000225159 0.00147205 0.992777 0.000810204 0.000963683 0.000971211 0.00188003 0.000900836
4 0.00189902 0.00193271 0.983794 0.00223848 0.00221012 0.00266627 0.00372473 0.00153507
4 0.00174202 0.00185647 0.98355 0.00193222 0.00185563 0.00215123 0.00542655 0.00148631
4 0.000804363 0.00126136 0.990379 0.00118734 0.00110006 0.00150126 0.00301525 0.000751438
4 0.0089527 0.00204241 0.96688 0.00297448 0.00350383 0.00481952 0.00896395 0.00186346
4 0.00159717 0.00179541 0.98249 0.00570883 0.00161416 0.00180329 0.00361342 0.00137816
4 0.00029925 0.00127709 0.995081 0.000583805 0.000501899 0.000576362 0.0010776 0.000603174
4 0.00125616 0.00163095 0.98726 0.00123358 0.00320487 0.00133037 0.00289812 0.00118583
4 0.00144727 0.00176612 0.987957 0.0015677 0.00142484 0.00195029 0.00264703 0.00124017
4 0.0014086 0.00174967 0.986471 0.00150095 0.00134901 0.00174359 0.00454781 0.00122893
4 0.00313481 0.00213948 0.9699 0.00357688 0.00452096 0.00502816 0.00958371 0.00211635
4 0.00240042 0.00205003 0.970778 0.00559498 0.00270297 0.00503814 0.0095317 0.00190418
1 0.00344077 0.00252931 0.0148761 0.00275741 0.965869 0.00317208 0.00421362 0.00314205
4 0.00398828 0.00296837 0.967074 0.00452138 0.0077022 0.00346436 0.00825176 0.00202974
2 0.00175034 0.00193488 0.00612113 0.00129148 0.00168664 0.975559 0.00946652 0.00218975
4 0.0039611 0.0027997 0.966202 0.00442976 0.0065574 0.00532514 0.00882181 0.00190354
3 0.0018238 0.00178831 0.00462049 0.00118201 0.00194426 0.00723299 0.979347 0.00206107
4 0.00342782 0.00270233 0.970479 0.00378464 0.00476988 0.00264869 0.0103745 0.00181299
4 0.00118098 0.00103039 0.989649 0.00130808 0.00158258 0.00131375 0.00283172 0.00110316
5 0.939592 0.00417216 0.0242731 0.00452419 0.00564844 0.00734169 0.00998884 0.00445931
4 0.00428642 0.00303233 0.964933 0.00481804 0.00723283 0.0040896 0.0095595 0.00204798
6 0.0035272 0.00263635 0.0191968 0.9545 0.00457077 0.00563529 0.00691454 0.00301861
4 0.00408523 0.00300841 0.964369 0.00574033 0.00712174 0.00411726 0.00953071 0.00202714
7 0.0069449 0.00494009 0.0202036 0.00672706 0.00794279 0.0109531 0.0153476 0.926941
4 0.00409217 0.00269262 0.966005 0.00478548 0.0071281 0.00400331 0.00944416 0.00184962
0 0.00553978 0.955693 0.0124855 0.0047728 0.0032304 0.00572571 0.0058798 0.00667252
4 0.00307317 0.00274306 0.976913 0.00336241 0.00534035 0.00233364 0.00495808 0.00127667
1 0.0037689 0.00192959 0.00189388 0.00258015 0.981261 0.00211614 0.00299936 0.00345119
2 0.00320095 0.00146744 0.00128092 0.00186645 0.00327621 0.976071 0.00954463 0.00329277
3 0.00337731 0.00134228 0.00122388 0.00167703 0.00364384 0.00234221 0.983315 0.00307874
4 0.0035143 0.00149273 0.973014 0.00314231 0.00444553 0.00380048 0.00795947 0.00263114
5 0.968951 0.00262671 0.00328468 0.0037255 0.00559462 0.00464676 0.00604885 0.00512159
6 0.00386512 0.00213696 0.00359394 0.969493 0.00512446 0.00532825 0.00717169 0.00328626
7 0.00472023 0.00238985 0.00258787 0.00343972 0.0046606 0.00461074 0.00582862 0.971762
1 0.00477212 0.00222384 0.00409349 0.00373949 0.965874 0.00710893 0.0083186 0.00386972
2 0.00356935 0.00174479 0.00276849 0.00275678 0.00420148 0.968875 0.0126433 0.00344053
3 0.0037503 0.00158544 0.00237001 0.00244955 0.00470855 0.00954436 0.972309 0.00328317
4 0.00383844 0.00193431 0.967416 0.00378244 0.00505221 0.00536569 0.00978157 0.00282981
5 0.936879 0.00342532 0.00906736 0.00622243 0.00946522 0.0137875 0.0145285 0.00662425
6 0.00462637 0.00236107 0.00606569 0.954967 0.00725317 0.00978592 0.0112848 0.00365623
7 0.0104557 0.00391509 0.0109138 0.00824883 0.0117373 0.0173381 0.0186358 0.918755
3 0.000925736 0.00138586 0.00118663 0.000662956 0.00829468 0.00254108 0.98335 0.00165278
3 0.000834138 0.00123517 0.00102458 0.000615801 0.00622854 0.00362926 0.985059 0.00137305
3 0.000364862 0.000347449 0.000858916 0.000246363 0.000254225 0.000442009 0.997194 0.000292378
3 0.000420323 0.000552755 0.000513969 0.000274553 0.000244026 0.000689889 0.996832 0.000472913
3 0.000519672 0.000662991 0.000552459 0.000354682 0.000357595 0.00119795 0.995749 0.00060585
3 0.00143681 0.00153661 0.0016716 0.00108761 0.00840188 0.00420494 0.979806 0.00185428
3 0.0015191 0.00153095 0.00169736 0.00121559 0.0085918 0.0054565 0.978122 0.00186647
3 0.00131002 0.00123466 0.00171223 0.00108214 0.000677464 0.00189681 0.990754 0.00133259
3 0.00160401 0.00134811 0.00232042 0.00135672 0.00148604 0.00277076 0.987568 0.00154592
3 0.00205346 0.00163898 0.00217262 0.00151806 0.00849487 0.00469542 0.977515 0.00191195
3 0.00216925 0.00165374 0.00240646 0.00167765 0.00894045 0.00552482 0.975663 0.00196424
3 0.00209751 0.00158805 0.00277092 0.00165895 0.00136835 0.00226165 0.9864 0.0018546
3 0.00221835 0.00164387 0.00312073 0.00182164 0.00183462 0.00283896 0.984556 0.00196614
3 0.00220513 0.00202915 0.00359673 0.00164344 0.0020267 0.00383876 0.982968 0.00169187
3 0.000699892 0.00121962 0.000661185 0.000456364 0.00332459 0.00477241 0.987806 0.00105994
3 0.000703851 0.00116999 0.000801321 0.000499992 0.0037253 0.00749975 0.984518 0.00108182
3 0.00245224 0.00193841 0.00396709 0.00203137 0.0093607 0.00687429 0.970395 0.0029808
3 0.000568065 0.000776033 0.000507531 0.000364271 0.000358769 0.00168133 0.995129 0.000614552
3 0.00209987 0.00169114 0.00470633 0.00247067 0.00568463 0.00956206 0.971821 0.00196418
3 0.00213067 0.00117116 0.004367 0.00305843 0.00201154 0.00921825 0.976845 0.00119768
3 0.00159267 0.00153569 0.00569694 0.00210139 0.00323375 0.00688113 0.976258 0.00270044
3 0.00188845 0.00151564 0.00363429 0.00195264 0.00330727 0.00786613 0.978096 0.00173963
3 0.00247957 0.00169163 0.00512254 0.00255896 0.00754192 0.00936052 0.969146 0.00209906
3 0.00328608 0.00163712 0.00420767 0.00183252 0.00668623 0.00977967 0.970593 0.00197769
3 0.00287078 0.00172597 0.00484586 0.0017938 0.00563972 0.00950175 0.971649 0.00197299
3 0.00243324 0.0016895 0.0051532 0.00318184 0.0052378 0.0096525 0.970563 0.00208898
3 0.00109686 0.00147261 0.00138522 0.000863231 0.00838949 0.00462318 0.980336 0.00183381
3 0.000640346 0.000748917 0.000838302 0.000489703 0.000367071 0.00139679 0.994784 0.000734744
3 0.00157844 0.00158329 0.00175819 0.00125311 0.00842933 0.00467382 0.97878 0.00194409
3 0.00165572 0.00137873 0.00239217 0.00139547 0.00118171 0.00221564 0.988197 0.00158391
3 0.00212734 0.00165052 0.00216726 0.00160393 0.00852386 0.00470665 0.977278 0.00194218
3 0.00219064 0.00163724 0.00284797 0.00175523 0.00141735 0.00230488 0.985894 0.00195307
3 0.000632709 0.000829252 0.000538529 0.000427751 0.000321889 0.0021916 0.994383 0.000674829
3 0.00210412 0.00169324 0.00469451 0.0024336 0.00713128 0.00897947 0.971005 0.0019584
3 0.00187798 0.00152426 0.00343096 0.00189434 0.00285549 0.00737574 0.979324 0.00171704
3 0.00247532 0.00168998 0.00515589 0.0025587 0.00788415 0.0091403 0.968999 0.00209646
3 0.00325119 0.001679 0.00406091 0.00184654 0.00824652 0.00921329 0.969733 0.00196975
3 0.00283545 0.00172278 0.00485027 0.00176256 0.00702145 0.00896209 0.970877 0.00196889
3 0.00414636 0.000876258 0.00405064 0.00114572 0.0016793 0.00200844 0.985142 0.000951052
3 0.00315026 0.000993786 0.00369899 0.00117281 0.00182647 0.00260785 0.985492 0.00105828
3 0.00281684 0.00150469 0.00630933 0.00260897 0.00519624 0.00639409 0.973287 0.00188283
3 0.00291904 0.0017146 0.00651611 0.00272196 0.00546896 0.00703432 0.971494 0.00213138
2 0.00061937 0.00365912 0.00226139 0.00143196 0.000536829 0.988273 0.00238427 0.000834482
2 0.00266372 0.00107386 0.00324921 0.00255547 0.00356694 0.981017 0.0048718 0.00100178
2 0.000759739 0.0017728 0.00584369 0.00118862 0.00436269 0.977215 0.00767868 0.00117851
2 0.000620489 0.00236464 0.00114807 0.000926823 0.000514037 0.991989 0.0016131 0.000824092
2 0.000903479 0.00160533 0.00402812 0.00112884 0.00374681 0.975032 0.0122725 0.00128242
2 0.00105808 0.00332717 0.00835973 0.00211675 0.00096892 0.974246 0.00867686 0.00124698
2 0.00117457 0.0018771 0.00709035 0.00173221 0.00430689 0.969698 0.0125368 0.00158407
2 0.00206786 0.00247564 0.00413616 0.00206795 0.00816125 0.969197 0.00980919 0.00208532
2 0.00189151 0.00169353 0.00354943 0.00182143 0.00793497 0.971172 0.00991571 0.00202096
2 0.00196841 0.00185399 0.00341783 0.00194938 0.00792804 0.970636 0.0102043 0.00204208
2 0.000672226 0.00107902 0.00241764 0.000718066 0.00134535 0.990174 0.00254009 0.00105318
2 0.00125795 0.00135233 0.00302637 0.00133032 0.00239249 0.983509 0.00550938 0.00162187
2 0.00153661 0.00167624 0.002801 0.00160471 0.00259217 0.982479 0.00549584 0.00181437
2 0.00203535 0.00207698 0.00406084 0.0019455 0.00673314 0.968945 0.012233 0.00197052
2 0.00198903 0.0017211 0.00381796 0.00199403 0.00720575 0.969347 0.0118816 0.00204365
2 0.00199691 0.00184494 0.00368955 0.00202397 0.00711195 0.9693 0.0119813 0.00205123
2 0.000793004 0.00104252 0.00257604 0.000824806 0.00148259 0.988642 0.00355113 0.00108814
2 0.00158971 0.00144283 0.00369927 0.00163164 0.00300154 0.979323 0.00757681 0.00173549
2 0.00184351 0.00173009 0.00361013 0.00187454 0.00323893 0.978665 0.00710771 0.00192998
2 0.00114606 0.00132211 0.00422638 0.00115279 0.00221836 0.984365 0.00421623 0.00135308
2 0.00150861 0.00156712 0.00438395 0.00155186 0.0034188 0.979511 0.00641701 0.00164122
2 0.00206649 0.00184935 0.00423284 0.00218033 0.005908 0.970535 0.0111421 0.00208553
2 0.00107751 0.003077 0.0089819 0.0018721 0.00489774 0.965977 0.0122208 0.00189624
2 0.000413533 0.000900616 0.00485458 0.000575401 0.00100822 0.985671 0.00577046 0.000806377
2 0.00111163 0.00312727 0.00693118 0.00194148 0.00111316 0.971914 0.0124693 0.00139187
2 0.00161094 0.00195491 0.00640275 0.0039002 0.00243489 0.968909 0.0128258 0.00196159
2 0.00308491 0.00340115 0.00860176 0.002226 0.00154202 0.967352 0.0123294 0.00146316
2 0.0011693 0.00318031 0.00918173 0.0021439 0.00140313 0.966577 0.0120221 0.00432257
2 0.000696649 0.00251987 0.00367167 0.00135798 0.00128824 0.984899 0.00454921 0.00101756
2 0.0020637 0.00181301 0.00420303 0.00226693 0.00450599 0.970622 0.0124442 0.00208095
2 0.00374612 0.00259898 0.00790602 0.00192083 0.00222484 0.966962 0.0127685 0.00187225
2 0.00308724 0.00259325 0.00948358 0.00185898 0.00182879 0.967773 0.0114577 0.00191772
2 0.00188569 0.00184074 0.00482901 0.00395665 0.00292043 0.969942 0.0126099 0.00201556
2 0.00114182 0.00227474 0.00526886 0.00144584 0.00360116 0.97486 0.00963917 0.00176865
2 0.00218366 0.00235052 0.00537924 0.00235551 0.00300713 0.97006 0.0125311 0.00213278
2 0.00120311 0.0023434 0.00452911 0.00153971 0.00124342 0.975538 0.0121853 0.00141829
2 0.00171223 0.00190441 0.0056429 0.00336191 0.00255814 0.97008 0.012759 0.00198158
2 0.0026121 0.00244021 0.00500734 0.00172028 0.00152576 0.975778 0.00947173 0.00144487
2 0.00124616 0.00232806 0.00511459 0.00171487 0.00149608 0.973751 0.011091 0.00325772
2 0.000764059 0.00191684 0.00222134 0.00105299 0.00115509 0.987164 0.00467164 0.00105404
2 0.00208688 0.00181702 0.00438941 0.00232755 0.00432852 0.970551 0.0124061 0.00209322
2 0.00339646 0.00223175 0.0062953 0.00193211 0.00258538 0.96883 0.0127878 0.00194082
2 0.00279833 0.00218144 0.00713583 0.00178308 0.00220572 0.969263 0.0127107 0.00192182
2 0.00193693 0.00183845 0.00485133 0.00363006 0.00308072 0.970116 0.0125087 0.00203797
1 0.00344609 0.00257408 0.00663109 0.00280598 0.967927 0.00819632 0.00519245 0.00322662
2 0.00363736 0.00281058 0.00861207 0.00407734 0.00743004 0.961165 0.00993979 0.00232826
2 0.000700984 0.000630612 0.000261715 0.000393955 0.000461814 0.994568 0.00177692 0.00120593
3 0.00179907 0.00177464 0.00153043 0.00114954 0.00185738 0.0088012 0.981023 0.00206454
2 0.00315361 0.00249319 0.00571648 0.0033253 0.00459645 0.96573 0.0128657 0.00211947
4 0.00178161 0.00186922 0.978774 0.0020538 0.00248058 0.00449846 0.00675528 0.00178754
2 0.00359283 0.00262158 0.0101969 0.00403669 0.00588941 0.96188 0.00961127 0.00217149
5 0.944297 0.00422369 0.0101808 0.00453631 0.00554408 0.0151258 0.0115174 0.0045752
2 0.00392327 0.00285902 0.00889711 0.00432547 0.00674805 0.959634 0.0112725 0.00234039
6 0.00370893 0.00269821 0.0133193 0.948914 0.00495838 0.0127879 0.0104413 0.00317231
2 0.00369256 0.00282853 0.00885677 0.00515957 0.0066519 0.95933 0.0111672 0.00231328
7 0.00676234 0.00492667 0.00824575 0.00642663 0.00708222 0.0181945 0.0151122 0.93325
2 0.00372184 0.00248666 0.00886885 0.0042908 0.0066704 0.960491 0.0111895 0.00228089
0 0.00556209 0.956997 0.00600043 0.00479186 0.00327861 0.0103509 0.00631319 0.00670595
2 0.00279979 0.00247493 0.0061099 0.00286133 0.00408813 0.974633 0.00477198 0.00226109
1 0.00367638 0.00192745 0.00164301 0.00250248 0.982168 0.00172248 0.00290721 0.00345331
2 0.00296956 0.000988171 0.00123649 0.00146962 0.00265715 0.97505 0.0123361 0.0032928
3 0.00330359 0.00134137 0.00140436 0.00163913 0.00346612 0.000902988 0.984835 0.0031079
4 0.00348965 0.00182039 0.970421 0.00318698 0.0044697 0.00428342 0.00951769 0.00281145
5 0.971348 0.00260396 0.00322383 0.00348742 0.00500074 0.00347273 0.00577817 0.00508526
