labels 1 2 3 4 5 6 7
1 0.959319 0.0121071 0.0138319 0.00708493 0.00206107 0.00201521 0.0035806
1 0.948667 0.0117958 0.0151167 0.0142112 0.0032368 0.00329355 0.00367913
1 0.947439 0.00774726 0.0112451 0.0164038 0.00266024 0.00384558 0.0106591
1 0.955348 0.0137181 0.0109003 0.0103506 0.00326729 0.00337045 0.00304505
1 0.960501 0.0128869 0.00892708 0.00877314 0.00312466 0.0028011 0.00298605
1 0.975224 0.00693067 0.00562427 0.0055751 0.00233373 0.00184651 0.00246528
1 0.958057 0.0135279 0.00967838 0.00967209 0.00321277 0.00282549 0.00302629
1 0.965327 0.0120687 0.00769985 0.00694761 0.00277462 0.00240757 0.00277435
1 0.964657 0.00917356 0.00853591 0.00882838 0.00312964 0.00268483 0.00299058
1 0.952997 0.0138422 0.0120872 0.0113623 0.00339931 0.00322111 0.00309051
1 0.957666 0.0135043 0.00998342 0.00971748 0.00323359 0.00286331 0.00303163
1 0.973222 0.00749258 0.00620284 0.00622487 0.00241666 0.00193757 0.00250381
1 0.955148 0.013892 0.010866 0.0107203 0.00331744 0.00299728 0.00305943
1 0.963812 0.0124869 0.00800326 0.00762199 0.00286107 0.00239871 0.00281591
1 0.958511 0.0128545 0.00955703 0.00994671 0.00323978 0.00285599 0.00303496
1 0.946897 0.0112286 0.0144619 0.0153833 0.00329499 0.00534689 0.00338776
1 0.951203 0.0105839 0.013902 0.0136458 0.00335777 0.00403475 0.00327253
1 0.948123 0.0118822 0.0149 0.0143506 0.00353481 0.00392435 0.00328524
1 0.947465 0.0103336 0.0143187 0.016344 0.00261226 0.00325013 0.00567678
1 0.990929 0.00161537 0.00254162 0.00164353 0.000703184 0.00055648 0.00201111
1 0.955457 0.00883503 0.0117554 0.011255 0.00188209 0.0025185 0.00829706
1 0.964768 0.0126764 0.0126642 0.00371007 0.00179162 0.00149369 0.0028965
1 0.983251 0.00514239 0.0056822 0.00197725 0.00117365 0.000780472 0.00199296
1 0.994165 0.001194 0.00194564 0.000621257 0.00058467 0.000310988 0.00117861
1 0.977266 0.00642292 0.00739027 0.00409858 0.00136075 0.00110927 0.0023517
1 0.980678 0.00593828 0.00666312 0.00223835 0.00146345 0.00100884 0.00201005
1 0.961975 0.0129507 0.0123422 0.00536266 0.00255034 0.00191168 0.00290772
1 0.977089 0.00678811 0.0072598 0.00332385 0.00189558 0.00133296 0.00231028
1 0.957115 0.0130824 0.0136863 0.00801512 0.0027447 0.00227365 0.00308255
1 0.959741 0.0123018 0.0138144 0.00635763 0.0027177 0.00214591 0.00292208
2 0.00967539 0.957464 0.0116917 0.0118589 0.0023114 0.0030744 0.00392404
2 0.0112107 0.972923 0.00602475 0.00472841 0.0015994 0.00137617 0.00213744
2 0.00352652 0.990492 0.00172915 0.00143434 0.00110871 0.000628734 0.00108068
2 0.000715752 0.993742 0.00222135 0.00133264 0.000947899 0.000593986 0.000446101
2 0.000649948 0.994577 0.00170974 0.00119489 0.000919971 0.00048831 0.000459904
2 1.77464e-05 0.996903 0.000442634 0.000827042 0.000893162 0.000404952 0.000511011
2 0.010707 0.97488 0.00645482 0.0035384 0.00157891 0.00114749 0.00169295
2 0.00489219 0.987789 0.00268977 0.00151698 0.00124748 0.000685858 0.00117843
2 0.00121264 0.989434 0.00372413 0.00243173 0.00137221 0.000869508 0.000956194
2 0.000714226 0.993054 0.00159176 0.00175971 0.00126558 0.000691449 0.000923072
2 0.0114229 0.965547 0.0131336 0.00418898 0.0021083 0.00160848 0.00199033
2 0.00882383 0.970442 0.0116772 0.00371838 0.00205126 0.00146057 0.00182709
2 0.00381616 0.971124 0.0123476 0.00636645 0.00237114 0.00195297 0.00202192
2 0.00294909 0.976259 0.00907277 0.005724 0.00229002 0.00178938 0.00191546
2 0.00361963 0.975501 0.00959923 0.00617836 0.00162731 0.00164281 0.00183132
2 0.00365068 0.987522 0.00385883 0.00199827 0.0011546 0.000727676 0.00108798
2 0.00450255 0.983519 0.00460812 0.00296265 0.00177801 0.00121477 0.00141483
2 0.0131907 0.958737 0.0140254 0.006795 0.00201944 0.00204379 0.00318881
2 0.00215968 0.992174 0.00170116 0.00129127 0.000965589 0.000602921 0.00110573
2 0.00394254 0.962201 0.0243464 0.00419877 0.00188442 0.00156033 0.00186649
2 0.00526064 0.959378 0.0220575 0.00653017 0.00224279 0.00249177 0.00203954
2 0.00555876 0.952499 0.0246986 0.0081246 0.00281855 0.00408865 0.00221142
2 0.00639526 0.949257 0.022092 0.0122863 0.00317133 0.00437204 0.0024259
2 0.0022142 0.978065 0.0067659 0.00647898 0.00290053 0.00188919 0.00168617
2 0.00176922 0.982978 0.00426286 0.00530927 0.00144086 0.00133355 0.00290661
2 0.00603765 0.969918 0.00923433 0.00756036 0.00267633 0.00244095 0.00213228
2 0.00733809 0.949864 0.0242173 0.010034 0.00312688 0.00315891 0.00226084
2 0.00544747 0.95912 0.021725 0.00679991 0.00277559 0.00207502 0.00205692
2 0.0049373 0.956621 0.0247899 0.00661035 0.00274172 0.00216282 0.00213699
2 0.00597692 0.950407 0.0241231 0.00993047 0.00310017 0.00418047 0.00228168
2 0.0105354 0.98163 0.00234071 0.0018053 0.00130904 0.000812758 0.00156718
2 0.000652164 0.993864 0.00119217 0.00159695 0.00123959 0.000685384 0.000769941
2 0.00895814 0.982124 0.00341939 0.00186414 0.00138356 0.000821681 0.00142864
2 0.000875993 0.991551 0.00198551 0.00218923 0.00143959 0.000853532 0.00110467
2 0.0114133 0.965537 0.0131181 0.00414021 0.00217985 0.00162974 0.0019822
2 0.00315067 0.975331 0.00939033 0.00591999 0.00234886 0.00187236 0.00198699
2 0.00515643 0.960005 0.0243892 0.00466718 0.00206008 0.00167544 0.00204704
2 0.0066056 0.955267 0.0248715 0.00655408 0.00228305 0.00232918 0.00208918
2 0.00137275 0.988574 0.00233446 0.00337168 0.00177251 0.00117227 0.00140251
2 0.00737095 0.949821 0.024185 0.0100693 0.00313106 0.00315695 0.00226594
2 0.00689805 0.954685 0.0248712 0.00672443 0.0026872 0.00202255 0.00211114
2 0.00543488 0.956448 0.0247554 0.00643615 0.00264515 0.00209072 0.00218949
2 0.0117084 0.966343 0.00983816 0.00555163 0.00240167 0.00215685 0.00200029
2 0.0123682 0.961465 0.0131421 0.00612287 0.00252128 0.00231919 0.0020617
2 0.00568906 0.959544 0.0181284 0.00878128 0.00284495 0.00284435 0.00216754
2 0.00800389 0.954587 0.0199539 0.00940274 0.00292973 0.00292149 0.00220168
3 0.00352166 0.00140878 0.980354 0.00685557 0.00271129 0.00196953 0.0031793
3 0.00355909 0.000794999 0.987752 0.00261543 0.00213944 0.00110534 0.0020337
3 0.00137783 0.00284931 0.991087 0.00108401 0.001674 0.000687752 0.00123989
3 1.04158e-05 1.33134e-05 0.9982 0.000360074 0.00084588 0.00023248 0.000338143
3 1.91873e-05 1.59989e-05 0.998034 0.000357221 0.000920099 0.000245915 0.00040805
3 2.44273e-05 2.94812e-05 0.99754 0.000432442 0.00112675 0.000316341 0.000530738
3 0.00339624 0.00279247 0.986439 0.0023097 0.00223227 0.00107729 0.00175292
3 0.00171161 0.00486218 0.988062 0.00129361 0.00191289 0.000793392 0.00136477
3 0.000385943 0.000784952 0.994186 0.00131141 0.0017097 0.000662613 0.000958953
3 0.000423775 0.00135475 0.993412 0.00132891 0.00178107 0.000679345 0.00101965
3 0.00391965 0.0102012 0.976104 0.00318118 0.00294979 0.00158874 0.00205491
3 0.00331807 0.0107313 0.976218 0.0031448 0.00299866 0.00158783 0.00200136
3 0.00194173 0.00368862 0.983066 0.0043727 0.00314342 0.00173799 0.00204952
3 0.00217771 0.00464019 0.981422 0.00466064 0.00322999 0.00181092 0.00205874
3 0.0010996 0.00140237 0.989313 0.0031174 0.00225319 0.0011858 0.00162887
3 0.0010684 0.000863199 0.993431 0.00113123 0.00170194 0.000656275 0.00114773
3 0.0048668 0.0173709 0.968226 0.003342 0.00280335 0.00161124 0.00178009
3 0.00375623 0.00261074 0.98281 0.00375268 0.00262721 0.00162394 0.00281965
3 0.00262914 0.0185262 0.97302 0.00174038 0.00179488 0.000882174 0.001407
3 0.000785297 0.00395131 0.989912 0.00168436 0.001883 0.000775236 0.00100918
3 0.00308263 0.01923 0.964745 0.00545913 0.00306531 0.0023114 0.00210619
3 0.0017765 0.0192624 0.964484 0.00618157 0.00303539 0.00348318 0.00177687
3 0.00391636 0.0155448 0.961683 0.00934318 0.00346266 0.00272274 0.00332678
3 0.00197027 0.00771423 0.979663 0.00419696 0.00305496 0.00170671 0.00169437
3 0.0043584 0.0185523 0.960543 0.00781751 0.00378397 0.00269075 0.00225358
3 0.00312974 0.0192286 0.96464 0.00535194 0.00358003 0.00195569 0.00211432
3 0.00262261 0.0193398 0.965001 0.00529371 0.00354922 0.00202413 0.0021693
3 0.00313458 0.0190384 0.961113 0.00744561 0.00370292 0.0033201 0.0022453
3 0.00347939 0.00523304 0.985228 0.00147749 0.00192267 0.000905992 0.00175368
3 0.000331012 0.00129411 0.994413 0.00103531 0.0015552 0.000577753 0.000793349
3 0.00271656 0.0064692 0.984725 0.00153681 0.00205849 0.000908254 0.00158564
3 0.000487536 0.0019543 0.991913 0.00162857 0.00200345 0.000827804 0.00118559
3 0.00393732 0.0102221 0.975968 0.00317683 0.00303559 0.00161077 0.00204935
3 0.00215233 0.00471135 0.981563 0.00450021 0.00322225 0.00179069 0.00205976
3 0.00131401 0.00660873 0.985281 0.00237804 0.00220189 0.00102581 0.00119086
3 0.0039032 0.0190867 0.964373 0.00528331 0.00306992 0.0021449 0.00213882
3 0.0024899 0.00959202 0.97646 0.00463458 0.00320166 0.00185148 0.00176991
3 0.00436952 0.0184799 0.960412 0.00795361 0.00380283 0.00271802 0.00226421
3 0.00401207 0.0191119 0.964189 0.005167 0.003467 0.00190034 0.00215245
3 0.00297062 0.019294 0.964957 0.00511897 0.003457 0.00197098 0.00223113
3 0.00110175 0.00284924 0.981925 0.00742273 0.00378991 0.00135587 0.00155581
3 0.00191543 0.00586096 0.976485 0.00799468 0.00388218 0.0019234 0.00193867
3 0.0033338 0.0141366 0.963648 0.00966374 0.00401775 0.00286562 0.0023348
3 0.00348818 0.0159118 0.961663 0.00967465 0.00400215 0.00293399 0.0023267
4 0.004086 0.00189704 0.00323687 0.987221 0.000329158 0.00227282 0.000957076
4 0.00375745 0.00289999 0.00355451 0.96039 0.0242165 0.00224252 0.00293899
4 0.0041841 0.00571544 0.00568711 0.960048 0.0175714 0.00294692 0.00384695
4 0.00412152 0.00224398 0.00509684 0.979385 0.00284464 0.00290616 0.00340182
4 0.000586226 0.000400542 0.00085727 0.995267 0.00151514 0.000831905 0.000542407
4 0.000613648 0.000598588 0.00103987 0.993797 0.00198594 0.000751146 0.00121356
4 0.00242632 0.00178933 0.00232005 0.98102 0.000432672 0.00163697 0.0103747
4 0.000553339 0.000392398 0.000595859 0.993933 0.000415302 0.000596043 0.00351413
4 0.000396102 0.000439041 0.000795255 0.996596 0.000771282 0.000649776 0.000352788
4 1.88498e-05 2.28361e-05 3.12867e-05 0.998168 0.0011161 0.00044008 0.000202773
4 0.00119927 0.00150689 0.00189725 0.984015 0.00537688 0.00110407 0.00490015
4 0.000666786 0.000831574 0.0011364 0.988494 0.00279989 0.000736022 0.00533544
4 0.000853233 0.00100268 0.00162361 0.990277 0.00426441 0.00115898 0.000819836
4 0.000568489 0.000598963 0.000910793 0.993714 0.00270452 0.00078602 0.000717346
4 0.00294526 0.00453867 0.00422167 0.977133 0.00532953 0.00276876 0.00306319
4 0.00113194 0.000956506 0.00462008 0.987722 0.00292638 0.00159129 0.00105212
4 0.00366359 0.00540246 0.0070016 0.967164 0.0110401 0.00330066 0.00242786
4 0.00227903 0.00324506 0.00451662 0.978701 0.00445964 0.00452989 0.00226906
4 0.00235556 0.00275068 0.00364431 0.973424 0.00441637 0.00233676 0.0110723
4 0.0046881 0.00447726 0.00624197 0.970861 0.00662773 0.0030956 0.0040079
4 0.00173674 0.00402931 0.00303504 0.982036 0.00568047 0.00200554 0.00147681
4 0.000957591 0.00101453 0.00334515 0.987884 0.00455607 0.00134412 0.000898105
4 0.00248581 0.00275572 0.00555033 0.976853 0.00660636 0.00286681 0.00288146
4 0.00322395 0.00405984 0.00579007 0.976487 0.0062614 0.00316849 0.00100956
4 0.00505733 0.00417397 0.00600172 0.971499 0.00600188 0.00298295 0.00428281
4 0.000980829 0.00079616 0.00133812 0.992093 0.00258181 0.000900415 0.00131004
4 0.00361106 0.00310777 0.00433767 0.97961 0.00452338 0.00247438 0.00233567
4 0.00496147 0.00397603 0.00534137 0.974315 0.00596758 0.00262636 0.00281183
4 0.0022716 0.00304796 0.00436897 0.981358 0.0044523 0.00217369 0.0023278
4 0.0014889 0.00201295 0.00259236 0.987912 0.00302329 0.00205965 0.000911341
5 0.0089364 0.0119227 0.0120053 0.0270181 0.930606 0.0044346 0.00507677
5 0.0072972 0.0159578 0.0158341 0.0155081 0.935358 0.0051933 0.00485141
5 0.00313915 0.00543391 0.00683173 0.0263347 0.95389 0.00229929 0.00207096
5 0.000609606 0.00141897 0.00207367 0.000449192 0.994111 0.000688874 0.000648606
5 0.00204551 0.00467913 0.00539843 0.00577425 0.978901 0.0017635 0.00143815
5 0.00614926 0.0139054 0.0136969 0.00420145 0.954125 0.00467778 0.00324443
5 0.00291317 0.00671242 0.007006 0.00196517 0.977306 0.00237478 0.00172206
5 0.00678867 0.0183765 0.0202623 0.0299502 0.9156 0.00561123 0.00341136
6 0.0136483 0.00741221 0.00915857 0.0181588 0.00290353 0.943859 0.00485935
6 0.0148491 0.0130782 0.0101429 0.0146184 0.00281982 0.940691 0.00380104
6 0.0102131 0.015227 0.00948751 0.0103988 0.0032687 0.948648 0.00275706
6 0.00397489 0.00757231 0.00733349 0.00741761 0.00211782 0.97001 0.00157346
6 0.00741113 0.0153933 0.0115484 0.0122779 0.0036198 0.946988 0.0027618
6 0.00459144 0.0139607 0.00722099 0.00770762 0.00251409 0.961564 0.00244133
6 0.00627577 0.0153808 0.0108465 0.0119967 0.0037645 0.94905 0.00268594
6 0.00331237 0.0108067 0.00718231 0.00711217 0.00245259 0.967264 0.00187031
6 0.0064986 0.0147963 0.013032 0.0139029 0.00397467 0.945039 0.00275625
6 0.00611256 0.00636981 0.00804796 0.0154843 0.00235286 0.957415 0.00421743
6 0.00740184 0.00648681 0.00567375 0.00753151 0.00191554 0.968725 0.00226602
6 0.00201528 0.00354405 0.00500054 0.00615354 0.0015813 0.980452 0.00125308
6 0.00281334 0.00462691 0.0046788 0.00499216 0.00168066 0.979914 0.00129385
6 0.00275998 0.00493876 0.00478885 0.00704653 0.00162512 0.976466 0.00237487
6 0.00526387 0.0149919 0.00920814 0.01057 0.00350103 0.953792 0.00267268
6 0.00126455 0.00283466 0.00318948 0.00351892 0.00123473 0.986947 0.00101044
6 0.00602343 0.0152426 0.0115877 0.0126092 0.00379908 0.94799 0.00274825
6 0.008218 0.0110215 0.0135772 0.0183872 0.00332479 0.941959 0.00351262
6 0.00670298 0.011649 0.0141759 0.016927 0.00362579 0.94434 0.00257911
6 0.00676526 0.0142904 0.0135132 0.0152234 0.00369576 0.943532 0.00297995
6 0.00668542 0.0136421 0.0140587 0.0153215 0.00392137 0.943482 0.00288896
7 0.0196576 0.0113033 0.0134718 0.0240868 0.00476676 0.00799807 0.918716
7 0.00459979 0.00901094 0.0107251 0.0211224 0.00351988 0.00461594 0.946406
7 0.0271315 0.00895678 0.0107616 0.0136563 0.00438387 0.00651902 0.928591
7 0.0180985 0.0169361 0.0193211 0.024607 0.00939412 0.00858973 0.903053
7 0.0281771 0.0139507 0.016619 0.0196013 0.00734895 0.00728362 0.907019
7 0.0189067 0.0132289 0.0161669 0.0243359 0.00351338 0.00832567 0.915523
7 0.0232213 0.00685167 0.00816477 0.0129764 0.00315692 0.00517297 0.940456
7 0.0121114 0.00496121 0.00591355 0.020625 0.00267444 0.00385673 0.949858
7 0.0139535 0.0130067 0.0156673 0.0232762 0.0048775 0.007997 0.921222
7 0.00443737 0.00715275 0.00863702 0.020593 0.00363793 0.00458774 0.950954
7 0.0128488 0.0148274 0.0178458 0.0242003 0.0065464 0.00824181 0.91549
1 0.965753 0.0120338 0.0077025 0.0065257 0.0029048 0.00219609 0.00288369
1 0.983152 0.00198983 0.00299542 0.00469435 0.00273747 0.00167223 0.00275828
1 0.988949 0.00335225 0.00236411 0.0017165 0.000993669 0.00075026 0.00187404
1 0.967443 0.0118411 0.00714248 0.00589752 0.00275168 0.00207423 0.00284984
1 0.960359 0.0130032 0.00972827 0.00772364 0.00316572 0.00273936 0.00328066
1 0.980283 0.00305502 0.00364102 0.00577099 0.00166936 0.00181135 0.00376888
1 0.985848 0.00205986 0.00283967 0.00400269 0.00129576 0.00116416 0.00279008
1 0.996931 0.000129623 0.000278756 0.00071588 0.00050702 0.000300615 0.00113683
1 0.996258 0.000283616 0.000458039 0.000927298 0.000526449 0.000351713 0.00119471
1 0.981137 0.00447455 0.00369906 0.0047474 0.00200497 0.0015204 0.0024163
1 0.996732 0.000164623 0.000359118 0.000551581 0.000522727 0.000321932 0.00134755
1 0.947751 0.0118095 0.0146714 0.0149996 0.00344713 0.00354025 0.00378097
1 0.971406 0.0118488 0.00713671 0.00400733 0.00177233 0.00139712 0.0024317
1 0.986821 0.00299236 0.00301881 0.00279455 0.00132469 0.00101017 0.00203822
1 0.966438 0.0120921 0.0075653 0.00609026 0.00280801 0.00212868 0.00287726
1 0.969451 0.0119694 0.00757764 0.0042138 0.0021727 0.00175945 0.0028561
1 0.984792 0.00385742 0.00375058 0.00283424 0.00148512 0.00111327 0.00216707
1 0.949637 0.0127066 0.0147955 0.0127503 0.00346389 0.00332334 0.0033236
1 0.995837 0.000183709 0.000583571 0.000570908 0.000730407 0.000419001 0.00167554
2 0.0016452 0.98957 0.00441459 0.0010092 0.00160917 0.000716727 0.00103529
1 0.973184 0.0118385 0.00386209 0.00398048 0.00311597 0.0016572 0.00236163
3 0.00123277 0.00319438 0.988047 0.00156345 0.00282842 0.00123855 0.00189582
1 0.963135 0.00547391 0.0146089 0.00942904 0.0029916 0.00185251 0.00250887
4 9.73426e-06 1.07927e-05 1.51885e-05 0.998305 0.00048579 0.000674859 0.000498938
1 0.966975 0.00221794 0.00708065 0.0170371 0.00228723 0.001947 0.00245493
5 0.00595984 0.0162404 0.0114902 0.00424275 0.955977 0.00217558 0.00391403
1 0.961656 0.00446059 0.00725808 0.0167483 0.0035152 0.0038262 0.00253574
6 0.00143353 0.00151972 0.00260237 0.00343873 0.00112912 0.98867 0.0012069
1 0.966906 0.00596569 0.00574821 0.00772921 0.00397411 0.00719831 0.0024787
7 0.0172664 0.0237772 0.0246266 0.0108721 0.0108137 0.00718924 0.905455
1 0.950591 0.00866957 0.00984868 0.0134168 0.0058943 0.00895683 0.00262237
1 0.98377 0.00223398 0.00429491 0.00280738 0.00242065 0.00144804 0.00302537
2 0.00384922 0.9623 0.0245265 0.00291145 0.00278973 0.00152685 0.00209584
3 0.00178488 0.00135083 0.986957 0.00250047 0.00356181 0.00155958 0.00228535
4 0.00132805 0.00105374 0.00161516 0.990206 0.00279979 0.00156023 0.00143676
5 0.00869964 0.0143736 0.0157724 0.0083809 0.941012 0.00350496 0.0082568
6 0.00397054 0.00434142 0.00654742 0.00579107 0.00267295 0.974475 0.00220117
7 0.0104198 0.0103651 0.0142513 0.00815968 0.00986482 0.00506851 0.941871
1 0.944611 0.0124625 0.0151211 0.0124356 0.00657055 0.00404873 0.00475085
2 0.00567461 0.955011 0.0247325 0.00595842 0.00372568 0.00235255 0.00254524
3 0.00317034 0.0193894 0.963311 0.00481483 0.00456495 0.00221548 0.00253358
4 0.00420825 0.00482413 0.00650153 0.970153 0.0080049 0.00337065 0.00293714
5 0.0144131 0.0239268 0.0251895 0.0212469 0.895864 0.00648196 0.0128778
6 0.00924286 0.0127849 0.0149953 0.0147557 0.00567446 0.939046 0.00350118
7 0.0162103 0.0218908 0.0244245 0.0165925 0.0196505 0.00876427 0.892467
2 0.00676401 0.953821 0.0146613 0.00939538 0.00552255 0.00800184 0.00183391
2 0.00508953 0.977103 0.0090572 0.00360949 0.00302275 0.0015643 0.000553836
2 0.000368814 0.996971 0.000479315 0.000204363 0.00119782 0.000508541 0.000270507
2 0.00698804 0.971616 0.0131974 0.00396344 0.00239956 0.00118374 0.000651947
2 2.78234e-05 0.991508 0.00452355 0.00116218 0.00155587 0.00066195 0.000560459
2 0.000688846 0.984522 0.0101319 0.0016864 0.00160419 0.000671459 0.000695342
2 0.000866982 0.967637 0.0244423 0.00404226 0.000551743 0.00133184 0.00112779
2 0.00207975 0.966458 0.0244116 0.00422128 0.000555179 0.00110836 0.00116585
2 0.00973174 0.964623 0.016249 0.00475245 0.00229139 0.00120099 0.00115099
2 0.0100836 0.955179 0.024339 0.00476227 0.00229471 0.00148756 0.00185374
2 0.000519613 0.994627 0.00244096 0.000366171 0.00117354 0.000495496 0.000376859
2 0.00174544 0.985512 0.00813795 0.00136718 0.00156776 0.000781348 0.000888795
2 0.00303183 0.975299 0.0132839 0.00324899 0.00211197 0.00131896 0.00170525
2 0.00243379 0.966025 0.0244173 0.00294149 0.00226778 0.00112623 0.000788091
2 0.00681711 0.961426 0.0231236 0.00402223 0.00216979 0.00118517 0.0012557
2 0.00888744 0.956195 0.0246334 0.00462938 0.00227893 0.00151018 0.00186561
2 0.000722217 0.981489 0.0145845 0.000591827 0.00137881 0.000660873 0.000572729
2 0.00271858 0.967722 0.0238949 0.00185217 0.00173585 0.000968383 0.00110847
2 0.00342721 0.968966 0.0180601 0.00394191 0.00223593 0.00152443 0.00184464
2 0.000384355 0.994603 0.00245891 0.00102853 0.000253158 0.000557109 0.000714856
2 0.00207598 0.98403 0.00865054 0.00240265 0.000815996 0.000863291 0.00116146
2 0.00749524 0.956302 0.0246747 0.00544506 0.00238965 0.00174103 0.00195211
2 0.0043109 0.962093 0.0243794 0.0037864 0.00289163 0.00159167 0.000947178
2 0.00327967 0.961325 0.0244914 0.00471912 0.00155925 0.00281143 0.00181411
2 0.00483729 0.959356 0.024584 0.00353417 0.00381295 0.00167675 0.00219886
2 0.00462802 0.958061 0.0245573 0.0039033 0.00311702 0.00177608 0.00395709
2 0.00482168 0.964069 0.0242844 0.00386487 0.000537306 0.00124085 0.00118213
2 0.00567069 0.958827 0.0245072 0.00493004 0.00233123 0.00178918 0.00194451
2 0.00298346 0.962081 0.0246019 0.00315368 0.00455935 0.00121137 0.00140941
2 0.00279995 0.962082 0.0246548 0.00308433 0.00454922 0.00120535 0.00162423
2 0.00389254 0.960011 0.0244233 0.00500824 0.00235393 0.00238041 0.00193091
2 0.00656257 0.960346 0.0246636 0.00327853 0.00250852 0.00137674 0.0012636
2 0.00119107 0.963708 0.0244269 0.00471882 0.00242974 0.00164765 0.00187759
2 0.00031017 0.967726 0.0249796 0.0027218 0.00209636 0.00109802 0.00106783
2 0.00310498 0.961402 0.0243978 0.00485934 0.00195541 0.00242548 0.00185527
2 0.000645397 0.974369 0.0169626 0.00244799 0.00257824 0.00121218 0.00178413
2 0.000649397 0.973802 0.0169459 0.0027515 0.0023008 0.00124624 0.00230403
2 0.000909036 0.9712 0.0223921 0.00311556 0.000464143 0.000802523 0.00111651
2 0.0055232 0.958943 0.0245117 0.00494793 0.00233368 0.00179624 0.00194466
2 0.000746347 0.964963 0.0245095 0.0027429 0.00410216 0.00130765 0.00162855
2 0.000590135 0.965123 0.0244802 0.00318067 0.00386359 0.0011447 0.00161788
2 0.00402965 0.959872 0.0244216 0.00505124 0.00240104 0.00226968 0.00195488
1 0.988043 0.00359879 0.00264387 0.00136232 0.0013583 0.000807919 0.00218549
2 0.00911299 0.979087 0.00503124 0.00278319 0.00215161 0.00111435 0.000719536
2 1.95189e-05 0.995002 0.00215535 0.000220397 0.00124079 0.000480992 0.000881082
3 0.000575328 0.019034 0.97487 0.000541255 0.0025641 0.000857211 0.00155804
2 0.00066682 0.973685 0.0216637 0.000899312 0.00151957 0.000981256 0.000584858
4 0.00061845 0.000293441 0.000333705 0.995282 0.00100039 0.00112867 0.00134294
2 0.00353885 0.96867 0.0123913 0.00975841 0.00226519 0.00195473 0.00142197
5 0.00354616 0.0284939 0.0150852 0.00102016 0.945225 0.0023607 0.00426849
2 0.00353421 0.978893 0.00102789 0.00961033 0.00270131 0.00256695 0.00166605
6 0.00109392 0.00147707 0.00144003 0.0043124 0.00125684 0.988815 0.00160442
2 0.00275175 0.98341 0.00166606 0.00325755 0.00298314 0.00435617 0.0015757
7 0.00950836 0.0248868 0.0207278 0.00623561 0.00830883 0.00617502 0.924158
1 0.982528 0.00348153 0.00519451 0.00159584 0.00268741 0.00146121 0.00305187
2 0.0014078 0.979679 0.0126711 0.0011809 0.00222638 0.00103482 0.00179966
3 0.001006 0.00115493 0.990082 0.00110748 0.00334533 0.00120043 0.00210423
4 0.00149007 0.00110503 0.00151522 0.98857 0.0035673 0.00174423 0.00200852
5 0.00591443 0.0146401 0.0144634 0.00269108 0.951236 0.00283848 0.008216
6 0.00281976 0.00303439 0.00399545 0.0028866 0.00227042 0.982802 0.00219129
7 0.00506003 0.0056261 0.00752192 0.00307145 0.00582642 0.00295346 0.969941
1 0.954652 0.0102682 0.0120768 0.00996996 0.0057688 0.00318328 0.00408144
2 0.00423965 0.964487 0.019793 0.00421931 0.00322656 0.00182746 0.00220723
3 0.00233488 0.0123856 0.973593 0.00351742 0.00414895 0.00178108 0.00223897
4 0.00345269 0.00393287 0.00505955 0.97481 0.00722593 0.00283246 0.00268647
5 0.0101436 0.0182551 0.0195423 0.0131386 0.923616 0.00463964 0.0106645
6 0.00719959 0.00991279 0.0118154 0.0122224 0.00492022 0.950898 0.00303118
7 0.0116606 0.0158841 0.0183691 0.0109999 0.0154919 0.00636732 0.921227
3 0.00429752 0.0122654 0.960754 0.00760236 0.00616671 0.00704477 0.00186873
3 0.00157995 0.0165128 0.966471 0.00922606 0.00390513 0.00167194 0.000633203
3 0.000498579 0.017055 0.976252 0.00294706 0.00179712 0.000793246 0.00065662
3 0.00126822 0.00405393 0.983493 0.00644987 0.00290513 0.00109288 0.000736681
3 0.000280561 0.0146535 0.978805 0.00276567 0.0021067 0.000717179 0.000671133
3 0.000175704 0.00347089 0.991281 0.00167442 0.00195979 0.00062409 0.000814368
3 0.000480069 0.0141566 0.97344 0.00898828 0.000380936 0.0013987 0.00115534
3 0.00051142 0.0100209 0.978882 0.00782202 0.000429763 0.00110679 0.00122674
3 0.00120873 0.00538368 0.983351 0.00491581 0.00276664 0.0011183 0.0012562
3 0.00139822 0.0194914 0.967635 0.00463186 0.0032499 0.00163407 0.00195999
3 0.000372218 0.00400451 0.991671 0.00100452 0.00158154 0.000610683 0.000755461
3 0.000580001 0.0049839 0.98843 0.00171138 0.00216896 0.000876335 0.00124961
3 0.00104289 0.0146209 0.973571 0.00404505 0.00320816 0.00158317 0.00192872
3 0.000379331 0.00120098 0.992226 0.00214059 0.00234968 0.000853728 0.000849851
3 0.000732053 0.00244812 0.989171 0.00281604 0.00250707 0.000994513 0.00133124
3 0.00146095 0.0194304 0.96773 0.00449315 0.00325322 0.0016576 0.00197511
3 0.00023297 0.00162732 0.994409 0.000575873 0.00161446 0.000634997 0.000904915
3 0.000515726 0.00321694 0.990163 0.00161037 0.0021986 0.000925035 0.00137046
3 0.00128824 0.0173846 0.969273 0.00495554 0.00331902 0.00176378 0.00201622
3 0.000319235 0.00874731 0.984349 0.00415088 0.000407508 0.000825074 0.00120103
3 0.000673344 0.0113701 0.979577 0.00453114 0.00124321 0.00108852 0.0015166
3 0.00157148 0.0196291 0.965803 0.00572606 0.00335016 0.00186882 0.00205094
3 0.00112901 0.0191473 0.969771 0.00366672 0.0032478 0.00152629 0.00151142
3 0.00125025 0.0179205 0.966535 0.0085285 0.00204034 0.00189617 0.00182913
3 0.00172456 0.0170666 0.963557 0.00916628 0.00469363 0.00173601 0.00205579
3 0.00166544 0.0165302 0.964517 0.00929574 0.00383193 0.00177569 0.00238359
3 0.00117776 0.00518797 0.986097 0.00504659 0.000302211 0.00107907 0.00110957
3 0.00201776 0.0194199 0.967045 0.00416525 0.00335247 0.00193116 0.00206821
3 0.0010947 0.0188479 0.966394 0.00450447 0.0063284 0.00123041 0.00160006
3 0.00105936 0.0173194 0.965545 0.00662362 0.00664263 0.00121341 0.00159703
3 0.00156389 0.0194357 0.968036 0.0039749 0.00311102 0.00190877 0.00196974
3 0.00214606 0.0178065 0.968638 0.00561936 0.00309654 0.00139817 0.00129541
3 0.000815594 0.0194038 0.966486 0.00637831 0.00327394 0.00169154 0.00195069
3 0.000246662 0.0154582 0.978977 0.00238756 0.00156135 0.000615399 0.000753329
3 0.00127835 0.0192075 0.965901 0.00700938 0.00276856 0.00192208 0.00191361
3 0.000559599 0.0183174 0.970224 0.00469053 0.00317968 0.00124408 0.00178498
3 0.000517686 0.0181587 0.970485 0.00481434 0.00285019 0.0012376 0.0019361
3 0.000210693 0.00547877 0.985871 0.0060214 0.000443697 0.000781298 0.00119305
3 0.0020157 0.0194286 0.967003 0.004179 0.00336563 0.00193647 0.00207116
3 0.000644963 0.0190317 0.9673 0.0037963 0.00601614 0.0014536 0.0017577
3 0.000573432 0.016711 0.965078 0.00876445 0.00585088 0.00131062 0.00171121
3 0.00169443 0.0195513 0.966945 0.00461535 0.00323131 0.00195234 0.00201054
1 0.964082 0.00572217 0.0147004 0.00764441 0.00308474 0.00182941 0.00293719
3 0.00602148 0.0163067 0.966772 0.00369226 0.00334841 0.0017755 0.00208338
2 0.000314668 0.9694 0.0249876 0.00114525 0.00177079 0.000962918 0.00141879
3 0.000315638 0.000729482 0.994159 0.000588217 0.00212274 0.00070589 0.00137854
4 0.0013253 0.000322166 0.000469229 0.993101 0.00108384 0.0016653 0.0020334
3 0.000802117 0.000269562 0.987891 0.00686851 0.00205964 0.001132 0.000977553
5 0.00429177 0.0133578 0.0255402 0.00370257 0.945057 0.00306291 0.00498824
3 0.00166371 0.00137382 0.981372 0.00735444 0.00374736 0.00275975 0.00172941
6 0.00153592 0.00123767 0.00326665 0.0132722 0.00184728 0.976719 0.00212088
3 0.00251423 0.00903469 0.973725 0.00214639 0.00509289 0.00564257 0.00184461
7 0.00873838 0.0130495 0.0248925 0.00983866 0.00847871 0.00647791 0.928524
1 0.97762 0.00286072 0.00850935 0.00196448 0.00351522 0.00204867 0.00348179
2 0.00217059 0.976042 0.0138909 0.00169745 0.00262513 0.00144413 0.00212953
3 0.000982622 0.0011313 0.989788 0.00126388 0.00339559 0.00127232 0.00216645
4 0.00227969 0.001217 0.00195436 0.985099 0.00447876 0.00244267 0.00252898
5 0.00725476 0.0121267 0.0186342 0.00457709 0.943914 0.00373128 0.00976159
6 0.00349532 0.00299935 0.00393295 0.00256991 0.00251648 0.981939 0.00254713
7 0.00499165 0.00451063 0.00719755 0.00332009 0.00545386 0.0030063 0.97152
1 0.950587 0.010073 0.0152514 0.00992604 0.00622985 0.00367495 0.00425795
2 0.00538675 0.955724 0.0246559 0.00577759 0.00371559 0.00228826 0.00245206
3 0.00287422 0.014769 0.968411 0.00473796 0.00460111 0.0021651 0.00244153
4 0.00405162 0.00465573 0.00650687 0.970616 0.00797434 0.00331174 0.00288393
5 0.0133355 0.021741 0.0274014 0.0196459 0.899203 0.00620065 0.0124729
6 0.00848548 0.0113688 0.0143005 0.0125762 0.00546742 0.944512 0.0032891
7 0.0153011 0.0200594 0.0257467 0.0159552 0.0191131 0.00847957 0.895345
4 0.00373336 0.00440936 0.00543196 0.971162 0.00660053 0.00663884 0.00202395
4 0.00149481 0.00181384 0.00432435 0.988567 0.000652801 0.0021723 0.000974706
4 0.000401846 6.52872e-05 4.35445e-05 0.998236 8.78087e-05 0.000432858 0.00073233
4 0.0021392 0.00229614 0.00514585 0.98043 0.00502641 0.00277986 0.00218303
4 0.00133115 0.000544433 0.000900499 0.991914 0.00193483 0.0015548 0.00182011
4 0.000197139 0.00213898 0.00465626 0.984732 0.00605197 0.00132992 0.000893775
4 5.62055e-06 9.2021e-06 1.75997e-05 0.998109 0.000857497 0.000362419 0.000639008
4 0.00162485 0.00269968 0.00560649 0.976147 0.00886578 0.00283523 0.00222134
4 0.00101192 0.000999151 0.0018691 0.988293 0.00460465 0.00160902 0.0016129
4 0.00117778 0.00136803 0.00247093 0.967849 0.0244508 0.00158946 0.0010943
4 0.00234244 0.00286313 0.00538741 0.976864 0.00710875 0.00308167 0.00235273
4 0.00409847 0.00122743 0.00250735 0.987804 0.00120637 0.00171993 0.00143629
4 0.00146264 0.00259133 0.00589986 0.962468 0.0235042 0.00183865 0.0022358
4 0.00154561 0.00145093 0.00253226 0.980494 0.00568809 0.00614735 0.00214135
4 0.00166398 0.00189335 0.00444321 0.98592 0.00150799 0.00223684 0.00233444
4 0.00418904 0.00133636 0.00253477 0.985476 0.00276757 0.0017686 0.00192736
4 0.00195273 0.00250217 0.00505511 0.979661 0.0061102 0.00242519 0.00229371
4 0.00197187 0.00204884 0.00480276 0.980285 0.00612046 0.00247011 0.00230055
4 0.00163074 0.00224962 0.00535993 0.978444 0.00563991 0.0043905 0.00228537
4 0.00212771 0.00012529 0.000267022 0.995368 0.000306771 0.000652073 0.00115346
4 0.00111218 0.00324912 0.000191082 0.992832 0.000276599 0.00103231 0.00130633
4 0.00117723 0.000197091 0.00423187 0.9917 0.000291078 0.00109178 0.00131099
4 0.000478034 0.000235092 0.000318016 0.995593 0.001377 0.000792177 0.00120706
4 0.00167692 0.00220978 0.00425613 0.973532 0.0141172 0.0019806 0.0022273
4 0.00126434 0.000359878 0.000462564 0.988981 0.0022493 0.00467969 0.00200311
4 0.000722113 0.000143204 0.000129966 0.996287 0.000294043 0.000765051 0.00165883
4 0.00256626 0.000198924 0.0003259 0.993734 0.000584519 0.000861702 0.00172848
4 0.00189053 0.00135069 0.00360578 0.983217 0.00528366 0.0023742 0.00227837
4 0.00191843 0.00165179 0.00230006 0.984151 0.00528949 0.00241248 0.00227679
4 0.00297339 0.00350514 0.00595954 0.974522 0.00733408 0.00326758 0.0024386
4 0.00177769 0.00236569 0.00542599 0.978187 0.00574306 0.00417414 0.00232649
1 0.964439 0.00263337 0.00735503 0.0170613 0.00318906 0.00236187 0.00296005
4 0.00352255 0.00286807 0.00108318 0.988655 0.000785501 0.00173175 0.00135364
2 0.00274445 0.957567 0.0212715 0.0119971 0.00252652 0.00191557 0.00197804
4 0.00199648 0.00382077 0.0026686 0.980813 0.00645097 0.00214293 0.00210725
3 0.000786961 0.00126543 0.986211 0.00654355 0.00246106 0.00109473 0.00163756
4 0.000781564 9.23031e-05 0.00085564 0.995444 0.000757016 0.000839062 0.00123087
4 0.00179045 0.000406703 0.000517243 0.993098 0.000687871 0.00152036 0.00197905
5 0.00481145 0.00559836 0.0080444 0.026479 0.947886 0.00269526 0.00448506
4 0.000714771 0.000285397 0.000404223 0.995536 0.000499146 0.00145612 0.0011048
6 0.00209411 0.00134614 0.000964179 0.0178242 0.0016247 0.973876 0.00227032
4 0.00257931 0.00259758 0.00262964 0.975641 0.0078413 0.00668979 0.00202111
7 0.00992652 0.00939302 0.0148415 0.021221 0.0104063 0.00740528 0.926806
1 0.980967 0.00220305 0.00517519 0.00238701 0.00358423 0.00228401 0.00339909
2 0.0043497 0.978089 0.00789872 0.00285795 0.00279018 0.00181653 0.00219832
3 0.00137946 0.00290441 0.986127 0.0024032 0.00347388 0.0014966 0.00221528
4 0.00257715 0.00120622 0.00185915 0.985435 0.00385473 0.00254312 0.00252471
5 0.00754112 0.00820658 0.0113838 0.00671492 0.95324 0.00378252 0.00913092
6 0.00421054 0.00348483 0.00348552 0.00247575 0.00261092 0.981125 0.0026071
7 0.00534342 0.00423466 0.00594415 0.00448486 0.00577082 0.00318057 0.971042
1 0.956554 0.00872747 0.0132562 0.00781687 0.00583202 0.00369148 0.00412236
2 0.0055912 0.955037 0.0246189 0.00620935 0.00369892 0.002381 0.00246333
3 0.00321515 0.0194388 0.962695 0.00523021 0.00463451 0.00230638 0.00248023
4 0.00410703 0.004654 0.00654642 0.970411 0.00797893 0.00339943 0.00290361
5 0.0142047 0.0199046 0.0255921 0.0227307 0.898108 0.00673764 0.0127218
6 0.00827745 0.010174 0.012533 0.00951176 0.00512088 0.951203 0.00318009
7 0.0159748 0.01892 0.0243289 0.0178738 0.0197559 0.00892531 0.894221
5 0.00864332 0.0161081 0.0157979 0.00985369 0.932695 0.0140621 0.00284011
5 0.00484248 0.00947386 0.0127602 0.0269126 0.937171 0.00689437 0.00194553
5 0.000676488 0.0014961 0.00156087 0.00369505 0.990976 0.000665745 0.000929536
5 0.00534969 0.0104673 0.0132796 0.0145246 0.944235 0.00605869 0.00608555
5 0.00199834 0.00367846 0.00461646 0.00330652 0.982673 0.00237694 0.00135029
5 0.00518376 0.010597 0.0130907 0.0268248 0.935088 0.00545489 0.00376099
5 0.00133261 0.00253455 0.00258792 0.00434465 0.98689 0.00108858 0.00122134
5 0.000333071 0.000629377 0.000627739 0.000799932 0.996818 0.000301989 0.000489471
5 0.0018684 0.00360284 0.00381383 0.00952336 0.978106 0.00157384 0.0015119
5 0.00653706 0.0143622 0.0160708 0.0290467 0.924903 0.00580538 0.00327438
5 0.00696581 0.0157885 0.0177794 0.0295399 0.92057 0.00586119 0.00349568
5 0.00289588 0.0058911 0.00646571 0.01024 0.970134 0.00251778 0.00185522
5 0.00681585 0.015171 0.0162617 0.0291751 0.923622 0.00558798 0.00336599
1 0.96545 0.00373673 0.00617 0.0135144 0.00448835 0.00360883 0.00303155
5 0.0101369 0.0246752 0.0120707 0.0133477 0.933498 0.00325785 0.00301407
2 0.00447592 0.973783 0.00451366 0.00966605 0.00317231 0.00240237 0.00198642
5 0.00297598 0.0278989 0.00963762 0.000404365 0.954464 0.00241105 0.00220799
3 0.00150146 0.0038637 0.979695 0.0071273 0.00378665 0.00202338 0.00200243
5 0.00374984 0.013837 0.0254364 0.0135091 0.93765 0.00317363 0.00264436
4 0.00158956 0.000526665 0.000674958 0.993161 0.00077914 0.00119006 0.0020786
5 0.00275432 0.00378729 0.00425157 0.00159298 0.981699 0.00241504 0.00349944
6 0.00253942 0.0024062 0.0019579 0.0103106 0.00211113 0.978327 0.00234828
5 0.00407474 0.00850943 0.00815847 0.00342556 0.963165 0.0108312 0.00183598
7 0.00858665 0.00875034 0.0107896 0.0106314 0.0116159 0.00795141 0.941675
1 0.980621 0.00333151 0.0044286 0.00213129 0.00368106 0.00248001 0.00332644
2 0.00430327 0.980966 0.00554152 0.0027353 0.00270544 0.00172621 0.00202247
3 0.00220383 0.0107791 0.976629 0.00261242 0.00377868 0.00176685 0.00223033
4 0.00225993 0.00142093 0.0019744 0.986009 0.0037138 0.00217409 0.00244759
5 0.00594721 0.00692261 0.00719994 0.00373732 0.964512 0.00344111 0.00823977
6 0.00417074 0.00408384 0.00398028 0.00264354 0.00271663 0.979899 0.00250554
7 0.004098 0.00373989 0.00412448 0.00310105 0.00509975 0.00266844 0.977168
1 0.962967 0.00782302 0.00994611 0.00681147 0.00530939 0.00333403 0.00380944
2 0.00449487 0.963723 0.0196351 0.00466791 0.00326609 0.00199945 0.00221395
3 0.00272676 0.0184485 0.966467 0.0038681 0.00423114 0.00198853 0.00227024
4 0.00364637 0.00409216 0.00543553 0.973448 0.00756169 0.00310511 0.0027109
5 0.010977 0.015202 0.0174599 0.0151342 0.924848 0.00547178 0.0109074
6 0.00685731 0.00821145 0.00966135 0.0080276 0.0045056 0.959899 0.00283765
7 0.0120365 0.0138334 0.0163634 0.0127716 0.0161537 0.00692877 0.921913
6 0.00812987 0.0102394 0.0107917 0.0160316 0.00749887 0.945039 0.00226955
6 0.00613648 0.008069 0.00826599 0.0126291 0.00587457 0.956675 0.00235033
6 0.00279673 0.00327013 0.00318544 0.00285262 0.00304088 0.983051 0.00180299
6 0.00609304 0.00915799 0.0122661 0.0173225 0.00432601 0.948195 0.0026393
6 0.0037407 0.00490052 0.00631416 0.0101521 0.0033395 0.969536 0.00201733
6 0.00573535 0.0084088 0.0126374 0.017165 0.00407797 0.949374 0.00260148
6 0.00647394 0.0103652 0.0144328 0.0165084 0.00413993 0.945289 0.00279096
6 0.00535376 0.00717035 0.00778341 0.0133395 0.00560672 0.958367 0.00237911
6 0.00580945 0.00849851 0.0117973 0.0184076 0.00439375 0.948443 0.00265001
6 0.00637267 0.00993731 0.0143311 0.016594 0.00411014 0.945877 0.00277753
6 0.000960946 0.00103319 0.00129273 0.00116565 0.00122672 0.993023 0.00129816
6 0.00252925 0.0029216 0.0036983 0.00616804 0.00213165 0.980841 0.00170967
6 0.00318631 0.004419 0.00608837 0.00823078 0.00239838 0.973807 0.00187003
6 0.00262034 0.00344045 0.00360487 0.0171639 0.00260807 0.968463 0.00209952
6 0.0055141 0.00724282 0.00795025 0.0189393 0.00389587 0.953834 0.00262411
6 0.00631395 0.0100401 0.0122274 0.0187781 0.00407116 0.945801 0.00276818
6 0.0063456 0.00853176 0.00758962 0.011068 0.00625208 0.957931 0.00228174
6 0.00168375 0.00209675 0.00206199 0.00287027 0.00169572 0.988159 0.00143286
6 0.00225659 0.00273789 0.00265345 0.00388413 0.00248468 0.984518 0.00146489
6 0.00425401 0.00603735 0.00717415 0.0111996 0.00381207 0.965367 0.00215598
6 0.00631226 0.00956598 0.013506 0.0176251 0.00436718 0.945896 0.00272723
6 0.00552481 0.00784296 0.0074419 0.011453 0.00584944 0.959562 0.00232639
6 0.00171584 0.00213542 0.00219945 0.00340483 0.00182318 0.987248 0.001473
6 0.00601983 0.0089081 0.0130754 0.0179224 0.00426962 0.947095 0.0027099
6 0.000690877 0.000754202 0.000808558 0.000610406 0.00100211 0.995015 0.00111842
6 0.000430402 0.00041326 0.000482092 0.00044456 0.000597703 0.996738 0.000894002
6 0.00279897 0.00344008 0.00457784 0.0075384 0.00227197 0.977589 0.0017842
6 0.00196864 0.00303441 0.00298346 0.01511 0.00247533 0.97264 0.0017878
6 0.00165739 0.00202621 0.00209933 0.00608112 0.00157114 0.985006 0.00155913
6 0.00576894 0.00805086 0.00906527 0.0192384 0.00392247 0.951277 0.00267727
6 0.00541452 0.00881544 0.00849408 0.0105117 0.00395201 0.960398 0.00241398
6 0.0066143 0.0108306 0.0130791 0.0175638 0.00481007 0.944397 0.00270502
6 0.00568637 0.00934208 0.00945654 0.0126181 0.00440714 0.955999 0.0024907
6 0.00621177 0.0103503 0.0127357 0.0179136 0.00468916 0.94539 0.00270898
6 0.00219557 0.0029628 0.00309952 0.00302808 0.00190621 0.985236 0.00157137
6 0.00276469 0.0038467 0.00461941 0.00628042 0.00232301 0.978414 0.00175198
6 0.00606272 0.0101748 0.0113105 0.0185561 0.00468378 0.94652 0.00269194
6 0.00614032 0.00984384 0.0112322 0.0190794 0.00425586 0.946724 0.00272474
1 0.957627 0.00749616 0.00883711 0.0109699 0.00500739 0.00670297 0.00335944
6 0.013927 0.0125973 0.00881355 0.00867697 0.00338895 0.949894 0.0027019
2 0.00548217 0.962074 0.0142757 0.00805933 0.00391517 0.00400415 0.00218937
6 0.00446621 0.0133421 0.00661813 0.00528961 0.00365133 0.964446 0.00218695
3 0.00333308 0.0168741 0.963702 0.00509345 0.00486 0.0038919 0.00224529
6 0.00364556 0.00561775 0.0129459 0.010082 0.00327145 0.962357 0.00208005
4 0.00104261 0.000719297 0.00104462 0.993163 0.000950492 0.000937966 0.00214169
6 0.00392263 0.00440507 0.00613508 0.0179493 0.00292871 0.96258 0.00207875
5 0.00420712 0.00671988 0.006 0.00353562 0.968559 0.00557117 0.00540716
6 0.00360174 0.00377119 0.00490684 0.00862458 0.00311298 0.973928 0.00205436
6 0.0027161 0.00344875 0.00340065 0.00646034 0.00216048 0.979376 0.00243722
7 0.0130088 0.0163912 0.0166772 0.0144112 0.0150424 0.0148661 0.909603
1 0.966347 0.00696163 0.00850049 0.0051759 0.00495344 0.00408443 0.00397701
2 0.00493795 0.968058 0.0149297 0.00405842 0.0033086 0.00237295 0.00233422
3 0.00298993 0.0175998 0.967108 0.00319728 0.00430717 0.00236285 0.00243523
4 0.00249193 0.00247454 0.00320238 0.983359 0.00378584 0.00213633 0.0025497
5 0.00838745 0.012126 0.0119684 0.0066243 0.944107 0.00590554 0.0108814
6 0.00514621 0.00639241 0.00689627 0.00545769 0.00339787 0.969834 0.00287512
7 0.0060075 0.00684498 0.00748581 0.00551086 0.00738993 0.00443961 0.962321
1 0.943554 0.0114325 0.0145358 0.0140246 0.00705073 0.00481866 0.00458341
2 0.00559915 0.954381 0.0247361 0.00635152 0.0038582 0.00256642 0.00250794
3 0.00324911 0.0194333 0.96248 0.00516768 0.00473803 0.0024242 0.00250756
4 0.00423173 0.00493467 0.00652269 0.969721 0.00806402 0.0036061 0.00292007
