labels 10 0 -2 -3 -4
10 0.843728 0.049093 0.0282043 0.0462796 0.0326952
10 0.892514 0.0429498 0.023404 0.0318956 0.00923642
0 0.0363586 0.845373 0.0373527 0.0270576 0.0538581
10 0.883709 0.0230484 0.0163706 0.0501027 0.0267691
10 0.891839 0.0435842 0.0205582 0.0363166 0.00770209
0 0.110593 0.71447 0.0631782 0.0448515 0.0669075
0 0.110619 0.731067 0.0561102 0.0380652 0.0641383
10 0.900234 0.0424168 0.0210115 0.0152866 0.0210516
0 0.110593 0.71447 0.0631782 0.0448515 0.0669075
0 0.110619 0.731067 0.0561102 0.0380652 0.0641383
10 0.900234 0.0424168 0.0210115 0.0152866 0.0210516
0 0.0352276 0.856377 0.0271899 0.0265523 0.0546529
10 0.935904 0.0155339 0.0121468 0.0138524 0.0225633
0 0.104323 0.819673 0.0256686 0.040207 0.0101284
0 0.0496946 0.789018 0.0661751 0.0286386 0.0664738
10 0.884871 0.0444607 0.0256753 0.0150549 0.0299384
0 0.110631 0.726056 0.0607155 0.0331191 0.0694789
0 0.111209 0.744842 0.0326776 0.0353415 0.0759297
10 0.853165 0.0481954 0.0275117 0.0402907 0.0308368
0 0.0789898 0.854738 0.0201334 0.0374522 0.0086868
10 0.908854 0.0332843 0.023851 0.0149707 0.0190401
-2 0.0593157 0.116389 0.63057 0.0921594 0.101566
0 0.0699561 0.757063 0.056206 0.0474472 0.0693278
10 0.947798 0.0143623 0.00944332 0.0128939 0.0155028
-3 0.16467 0.161997 0.0671517 0.54994 0.0562421
10 0.904373 0.0204179 0.0247941 0.0144903 0.0359245
-2 0.0621901 0.117533 0.633498 0.0867242 0.100055
-3 0.126367 0.153265 0.0868748 0.528643 0.10485
10 0.87475 0.0451379 0.0246462 0.021731 0.033735
10 0.909875 0.0431267 0.00959196 0.0326927 0.00471366
10 0.90558 0.0432723 0.010169 0.0351952 0.00578334
-2 0.048045 0.113193 0.657686 0.0860926 0.0949834
10 0.879193 0.0385175 0.0240904 0.026678 0.0315208
-3 0.112896 0.137982 0.0628415 0.634847 0.0514345
10 0.914036 0.0307728 0.0193435 0.0133822 0.0224656
10 0.933815 0.0198904 0.0104069 0.0306572 0.00523096
10 0.8856 0.0438516 0.0256417 0.0190702 0.0258369
0 0.0974199 0.796363 0.0583215 0.0376029 0.0102932
-2 0.0468716 0.111588 0.65583 0.0956176 0.0900927
10 0.890026 0.044113 0.0134126 0.0309451 0.0215036
10 0.921002 0.0269234 0.00713906 0.0397804 0.00515512
-3 0.178686 0.156929 0.0646947 0.544758 0.0549319
10 0.904398 0.0204069 0.0247792 0.0144948 0.0359209
-4 0.0804777 0.22686 0.0700038 0.0520386 0.57062
-4 0.0685907 0.220722 0.0432858 0.0542525 0.613149
-4 0.112623 0.196949 0.064327 0.0651466 0.560954
10 0.877584 0.0388549 0.0218457 0.0173937 0.0443214
10 0.922 0.0316333 0.0104015 0.0292993 0.00666596
-4 0.065598 0.0515793 0.0293145 0.0310637 0.822445
-4 0.059832 0.0483717 0.0177399 0.0317923 0.842264
-4 0.0828453 0.0452327 0.0261269 0.0358669 0.809928
10 0.901835 0.0151812 0.0164485 0.0144901 0.0520454
10 0.931169 0.0200982 0.0102583 0.02687 0.0116048
-4 0.0628331 0.0336421 0.0209738 0.024495 0.858056
-4 0.0581169 0.0316272 0.0126089 0.0250182 0.872629
-4 0.0781494 0.0288204 0.0184541 0.0281908 0.846385
10 0.905324 0.0117157 0.01541 0.0138356 0.0537144
10 0.932912 0.016799 0.00997326 0.0261881 0.0141273
