labels 10 0 -2 -3 -4
10 0.853284 0.101771 0.0231415 0.00599027 0.0158133
10 0.959221 0.0145116 0.00807506 0.00783445 0.0103578
10 0.609398 0.334894 0.0200358 0.0115397 0.0241328
10 0.925118 0.0288729 0.008726 0.0277852 0.00949772
10 0.87532 0.0555787 0.0329256 0.0199174 0.0162577
0 0.0637809 0.703155 0.0492101 0.0417279 0.142127
10 0.895283 0.0784259 0.00939596 0.00741935 0.00947629
10 0.912961 0.059704 0.0107124 0.00696083 0.00966147
10 0.784485 0.161582 0.014988 0.017206 0.0217383
0 0.0672003 0.824297 0.0262875 0.0286834 0.0535318
10 0.91128 0.0341394 0.0317888 0.00839282 0.014399
10 0.635547 0.317875 0.0121032 0.0114758 0.0229983
10 0.952753 0.0275851 0.00692847 0.00501304 0.00771999
0 0.310351 0.497343 0.0981939 0.0430143 0.0510972
0 0.0655645 0.783489 0.0657652 0.0234317 0.0617498
10 0.931425 0.0329058 0.0142926 0.00554157 0.015835
0 0.0660833 0.792146 0.0417825 0.0355281 0.0644604
0 0.114811 0.758027 0.0400062 0.0304219 0.0567333
10 0.937117 0.0318048 0.0118321 0.00695806 0.0122883
0 0.0834717 0.781014 0.0401829 0.026955 0.0683768
0 0.0484426 0.78765 0.0427368 0.0369094 0.0842618
10 0.617181 0.320063 0.0223331 0.0146623 0.025761
10 0.904277 0.0652931 0.0115036 0.00722519 0.0117016
10 0.882288 0.0643705 0.0270399 0.00781828 0.0184834
-3 0.149585 0.11705 0.0428583 0.634916 0.0555908
10 0.927047 0.0240266 0.0165457 0.0157097 0.0166713
-2 0.043119 0.064974 0.774677 0.040862 0.0763683
10 0.922255 0.0331184 0.015643 0.0136074 0.0153766
-3 0.154151 0.0788632 0.0448716 0.665231 0.056883
10 0.927047 0.0240266 0.0165457 0.0157097 0.0166713
-2 0.0727161 0.0708698 0.72686 0.0463507 0.0832033
0 0.158246 0.350788 0.0863191 0.336611 0.0680363
0 0.430938 0.468452 0.0419 0.0184603 0.0402496
10 0.942994 0.0243171 0.0135381 0.00673095 0.01242
-3 0.107021 0.103232 0.0350128 0.705793 0.0489412
10 0.92942 0.0236978 0.0147833 0.0158169 0.0162817
-2 0.043119 0.064974 0.774677 0.040862 0.0763683
10 0.922255 0.0331184 0.015643 0.0136074 0.0153766
-3 0.0759419 0.0863273 0.0369137 0.7485 0.052317
10 0.927484 0.0322604 0.0135656 0.0161274 0.0105623
10 0.949643 0.0214863 0.0104162 0.0068796 0.0115749
10 0.775927 0.158825 0.0295523 0.0138747 0.0218215
-2 0.0398633 0.0935775 0.75257 0.0400886 0.0739009
10 0.89089 0.0338433 0.0418685 0.0156967 0.0177018
-3 0.0759419 0.0863273 0.0369137 0.7485 0.052317
10 0.927484 0.0322604 0.0135656 0.0161274 0.0105623
10 0.949643 0.0214863 0.0104162 0.0068796 0.0115749
10 0.880011 0.0750188 0.0226707 0.00788392 0.014416
-2 0.0430566 0.066045 0.772818 0.0421194 0.0759608
-3 0.047733 0.113359 0.0709465 0.710894 0.0570671
10 0.919694 0.0329878 0.0143286 0.0169783 0.0160113
10 0.944952 0.0310251 0.00961007 0.00690181 0.00751078
10 0.95866 0.0141749 0.00662499 0.0121855 0.00835425
-4 0.0459766 0.232966 0.0530752 0.0453151 0.622667
10 0.926687 0.0389003 0.00879916 0.00683853 0.0187746
10 0.936377 0.0304688 0.0104594 0.00668424 0.0160106
-4 0.0470147 0.00923778 0.00511683 0.00455004 0.934081
-4 0.0361613 0.00931867 0.00506907 0.00544677 0.944004
10 0.955227 0.00300847 0.00660753 0.00636371 0.0287935
10 0.953854 0.00312783 0.0085781 0.00632309 0.0281169
-4 0.0683074 0.00830469 0.00583766 0.00450435 0.913046
-4 0.0271874 0.0065586 0.0027066 0.00418568 0.959362
-4 0.0553349 0.00969535 0.00485636 0.00631282 0.923801
10 0.959675 0.00321688 0.00609351 0.00966404 0.0213506
10 0.955319 0.00307082 0.00761157 0.00637053 0.0276279
-4 0.0449085 0.0126623 0.00675901 0.00682827 0.928842
10 0.955285 0.00384907 0.00658348 0.00634281 0.0279392
10 0.953854 0.00312783 0.0085781 0.00632309 0.0281169
-4 0.0470147 0.00923778 0.00511683 0.00455004 0.934081
-4 0.0361613 0.00931867 0.00506907 0.00544677 0.944004
10 0.955227 0.00300847 0.00660753 0.00636371 0.0287935
10 0.953854 0.00312783 0.0085781 0.00632309 0.0281169
-4 0.0683074 0.00830469 0.00583766 0.00450435 0.913046
-4 0.0271874 0.0065586 0.0027066 0.00418568 0.959362
-4 0.0553349 0.00969535 0.00485636 0.00631282 0.923801
10 0.959675 0.00321688 0.00609351 0.00966404 0.0213506
10 0.955319 0.00307082 0.00761157 0.00637053 0.0276279
-4 0.0449085 0.0126623 0.00675901 0.00682827 0.928842
10 0.955285 0.00384907 0.00658348 0.00634281 0.0279392
10 0.953854 0.00312783 0.0085781 0.00632309 0.0281169
-4 0.0470147 0.00923778 0.00511683 0.00455004 0.934081
-4 0.0361613 0.00931867 0.00506907 0.00544677 0.944004
10 0.955227 0.00300847 0.00660753 0.00636371 0.0287935
10 0.953854 0.00312783 0.0085781 0.00632309 0.0281169
-4 0.0683074 0.00830469 0.00583766 0.00450435 0.913046
-4 0.0271874 0.0065586 0.0027066 0.00418568 0.959362
-4 0.0553349 0.00969535 0.00485636 0.00631282 0.923801
10 0.959675 0.00321688 0.00609351 0.00966404 0.0213506
10 0.955319 0.00307082 0.00761157 0.00637053 0.0276279
-4 0.0324783 0.0188843 0.0134126 0.0131622 0.922063
10 0.953653 0.00794678 0.00645376 0.00559179 0.026355
10 0.952049 0.00651958 0.00847885 0.00571609 0.0272362
-4 0.0369075 0.0106076 0.00675558 0.00633271 0.939397
-4 0.0279366 0.00913672 0.00665401 0.00717624 0.949096
10 0.954683 0.00404845 0.00639249 0.00581111 0.0290651
10 0.953217 0.00429758 0.00837055 0.005859 0.0282556
