labels 10 0 -2 -3 -4
-4 0.0618787 0.085311 0.037114 0.0294624 0.786234
10 0.910765 0.0295534 0.0120748 0.0194127 0.028194
10 0.919486 0.0306003 0.0112393 0.0184799 0.020194
-4 0.0492285 0.0344926 0.0235466 0.0247838 0.867949
-4 0.0389873 0.0244401 0.0179734 0.0263671 0.892232
10 0.922681 0.0214766 0.0118141 0.0193928 0.0246353
10 0.917588 0.0306728 0.011372 0.0196412 0.0207261
-4 0.0620984 0.0355458 0.024483 0.025442 0.852431
-4 0.0662824 0.0348351 0.0231772 0.0303161 0.845389
-4 0.0571198 0.0213217 0.0189824 0.031556 0.87102
10 0.919091 0.0233381 0.0120548 0.0214256 0.024091
10 0.919519 0.0253086 0.0116095 0.0219958 0.021567
-4 0.0620984 0.0355458 0.024483 0.025442 0.852431
-4 0.0662824 0.0348351 0.0231772 0.0303161 0.845389
-4 0.0571198 0.0213217 0.0189824 0.031556 0.87102
10 0.919091 0.0233381 0.0120548 0.0214256 0.024091
10 0.919519 0.0253086 0.0116095 0.0219958 0.021567
-4 0.0425834 0.0433087 0.0252767 0.0247143 0.864117
10 0.91667 0.0260123 0.0118173 0.0197013 0.0257989
10 0.917588 0.0306728 0.011372 0.0196412 0.0207261
-4 0.0492285 0.0344926 0.0235466 0.0247838 0.867949
-4 0.0389873 0.0244401 0.0179734 0.0263671 0.892232
10 0.922681 0.0214766 0.0118141 0.0193928 0.0246353
10 0.917588 0.0306728 0.011372 0.0196412 0.0207261
-4 0.0620984 0.0355458 0.024483 0.025442 0.852431
-4 0.0662824 0.0348351 0.0231772 0.0303161 0.845389
-4 0.0571198 0.0213217 0.0189824 0.031556 0.87102
10 0.919091 0.0233381 0.0120548 0.0214256 0.024091
10 0.919519 0.0253086 0.0116095 0.0219958 0.021567
-4 0.0618886 0.086139 0.0371187 0.0294701 0.785384
10 0.907713 0.0299138 0.0122388 0.0196124 0.0305215
10 0.914844 0.0339892 0.0114144 0.0187025 0.0210498
-4 0.0440608 0.0347973 0.0234764 0.0238398 0.873826
-4 0.0401915 0.0340633 0.0222146 0.0272211 0.876309
10 0.916653 0.0239944 0.0120601 0.0189216 0.0283714
10 0.914844 0.0339892 0.0114144 0.0187025 0.0210498
-4 0.0723161 0.0883583 0.0381673 0.0306221 0.770536
10 0.909162 0.0303034 0.0123111 0.0204035 0.0278196
10 0.917891 0.0308569 0.0114753 0.0197078 0.0200688
-4 0.0691288 0.0419411 0.0269355 0.0266509 0.835344
-4 0.064433 0.0353272 0.0233249 0.0298629 0.847052
-4 0.0681533 0.0280784 0.0227094 0.0336569 0.847402
10 0.914404 0.0260826 0.0123878 0.0218694 0.0252564
10 0.919667 0.0255237 0.0117129 0.0220733 0.0210231
10 0.943798 0.0286484 0.011631 0.00534727 0.0105756
10 0.871544 0.0856622 0.0252265 0.00654362 0.0110239
10 0.909631 0.055191 0.0069898 0.0186354 0.00955287
10 0.723546 0.213793 0.0331019 0.0133075 0.0162525
10 0.874142 0.0903847 0.0093461 0.015356 0.0107707
10 0.7561 0.1604 0.0475552 0.0156272 0.0203178
10 0.817568 0.0616162 0.0139233 0.0868718 0.0200203
10 0.902107 0.0302694 0.0189246 0.0278984 0.0208005
0 0.134142 0.50751 0.062161 0.0389946 0.257192
10 0.86654 0.0957033 0.0145312 0.0124496 0.0107758
10 0.863215 0.10078 0.00952403 0.0162346 0.0102473
10 0.853756 0.07374 0.0309272 0.0208022 0.0207748
0 0.110241 0.801182 0.0261001 0.0361689 0.0263079
10 0.920992 0.0283192 0.0216372 0.0113371 0.0177141
10 0.723546 0.213793 0.0331019 0.0133075 0.0162525
10 0.903865 0.0567641 0.00707852 0.0214434 0.0108486
0 0.241813 0.617086 0.0426752 0.0548796 0.0435466
0 0.0327059 0.900613 0.0380356 0.0136449 0.0150007
10 0.943798 0.0286484 0.011631 0.00534727 0.0105756
0 0.0768605 0.826233 0.04573 0.0258844 0.0252924
0 0.0770729 0.843066 0.032262 0.0253558 0.0222433
10 0.945031 0.0286659 0.0105531 0.0062861 0.00946354
0 0.0780566 0.835956 0.0340901 0.0225076 0.0293901
0 0.0805784 0.778032 0.0481129 0.0317603 0.0615166
10 0.728915 0.22398 0.0194503 0.0141888 0.0134664
10 0.865123 0.102348 0.00846475 0.0147927 0.00927149
10 0.898569 0.0311114 0.0453094 0.00897809 0.016032
-3 0.0580082 0.0781958 0.0305443 0.805437 0.0278147
10 0.926768 0.025207 0.0130373 0.0181403 0.0168472
-2 0.0328553 0.0744726 0.829585 0.0345616 0.0285256
10 0.927644 0.0222014 0.0131266 0.0229355 0.0140925
-3 0.0699155 0.0720745 0.0301588 0.797341 0.0305106
10 0.926768 0.025207 0.0130373 0.0181403 0.0168472
-2 0.0605001 0.0729723 0.798949 0.0358243 0.0317539
-3 0.117841 0.280187 0.0418851 0.515686 0.0444009
0 0.420303 0.452343 0.0512436 0.0316508 0.0444601
10 0.939087 0.0162272 0.0193127 0.00922773 0.0161453
-3 0.0437077 0.0737764 0.0276103 0.829776 0.0251295
10 0.926528 0.0222488 0.0123066 0.0217949 0.0171214
-2 0.0328553 0.0744726 0.829585 0.0345616 0.0285256
10 0.927644 0.0222014 0.0131266 0.0229355 0.0140925
-3 0.047344 0.0572544 0.0290118 0.837798 0.0285914
10 0.920283 0.0310252 0.0120146 0.021246 0.0154308
10 0.931587 0.0229265 0.00955369 0.0207936 0.0151388
-2 0.0533906 0.0707959 0.809685 0.0358165 0.0303123
-3 0.041701 0.0772051 0.0291183 0.825229 0.0267469
10 0.913563 0.0315006 0.0135536 0.0230673 0.0183154
10 0.923951 0.0308115 0.00988319 0.0212901 0.0140642
10 0.925939 0.0306511 0.00820423 0.0220279 0.0131779
10 0.83083 0.0869597 0.0316044 0.0240034 0.0266023
-2 0.189459 0.339654 0.34051 0.0653698 0.0650075
10 0.895372 0.0260743 0.0221054 0.030838 0.0256107
-3 0.047344 0.0572544 0.0290118 0.837798 0.0285914
10 0.920283 0.0310252 0.0120146 0.021246 0.0154308
10 0.931587 0.0229265 0.00955369 0.0207936 0.0151388
10 0.843057 0.0850208 0.0321208 0.0166779 0.0231235
-2 0.297967 0.256666 0.323352 0.0612427 0.0607723
-3 0.112916 0.107777 0.0500639 0.676072 0.0531708
10 0.913563 0.0315006 0.0135536 0.0230673 0.0183154
10 0.923951 0.0308115 0.00988319 0.0212901 0.0140642
10 0.925939 0.0306511 0.00820423 0.0220279 0.0131779
