labels 10 0 -2 -3 -4
10 0.931425 0.0329058 0.0142926 0.00554157 0.015835
10 0.909786 0.034099 0.0153259 0.0242019 0.016587
10 0.898276 0.0567144 0.0148722 0.0128792 0.0172581
10 0.792077 0.16318 0.0205879 0.00778402 0.0163706
10 0.909767 0.0605786 0.012651 0.00530584 0.0116979
0 0.0345043 0.847469 0.0403412 0.0223399 0.0553459
10 0.9331 0.0179498 0.00922933 0.0271237 0.0125973
10 0.897983 0.0556026 0.0131142 0.018872 0.0144282
0 0.0660833 0.792146 0.0417825 0.0355281 0.0644604
0 0.114811 0.758027 0.0400062 0.0304219 0.0567333
10 0.937117 0.0318048 0.0118321 0.00695806 0.0122883
0 0.0660833 0.792146 0.0417825 0.0355281 0.0644604
0 0.114811 0.758027 0.0400062 0.0304219 0.0567333
10 0.937117 0.0318048 0.0118321 0.00695806 0.0122883
0 0.0334934 0.863437 0.0260298 0.0217964 0.0552435
10 0.961037 0.0150746 0.00761502 0.00512243 0.0111505
0 0.308184 0.577553 0.0316423 0.0369968 0.0456233
0 0.0655645 0.783489 0.0657652 0.0234317 0.0617498
10 0.931425 0.0329058 0.0142926 0.00554157 0.015835
0 0.0834717 0.781014 0.0401829 0.026955 0.0683768
0 0.049553 0.821879 0.0241203 0.028893 0.075555
10 0.623587 0.302191 0.0165244 0.0278984 0.0297993
0 0.0638003 0.820484 0.0283547 0.0333021 0.054059
10 0.932629 0.0318057 0.0157663 0.00728383 0.0125155
-2 0.0566234 0.0745751 0.735855 0.0499417 0.0830053
0 0.0841975 0.788074 0.0375876 0.0376827 0.0524582
10 0.96339 0.00921784 0.0102068 0.00622354 0.0109619
-3 0.107021 0.103232 0.0350128 0.705793 0.0489412
10 0.92942 0.0236978 0.0147833 0.0158169 0.0162817
-2 0.0480794 0.0551579 0.777173 0.0418386 0.077751
-3 0.0432711 0.107494 0.0404165 0.75333 0.0554886
10 0.919694 0.0329878 0.0143286 0.0169783 0.0160113
10 0.944952 0.0310251 0.00961007 0.00690181 0.00751078
10 0.95866 0.0141749 0.00662499 0.0121855 0.00835425
-2 0.043119 0.064974 0.774677 0.040862 0.0763683
10 0.922255 0.0331184 0.015643 0.0136074 0.0153766
-3 0.0759419 0.0863273 0.0369137 0.7485 0.052317
10 0.927484 0.0322604 0.0135656 0.0161274 0.0105623
10 0.949643 0.0214863 0.0104162 0.0068796 0.0115749
-2 0.0361389 0.0581833 0.790979 0.0411762 0.0735224
10 0.888142 0.0696066 0.0132659 0.0149889 0.0139963
10 0.969852 0.00520068 0.00633737 0.010812 0.00779762
-3 0.0756807 0.0850722 0.037277 0.750745 0.0512255
10 0.92942 0.0236978 0.0147833 0.0158169 0.0162817
-2 0.0480794 0.0551579 0.777173 0.0418386 0.077751
-3 0.0432711 0.107494 0.0404165 0.75333 0.0554886
10 0.919694 0.0329878 0.0143286 0.0169783 0.0160113
10 0.944952 0.0310251 0.00961007 0.00690181 0.00751078
10 0.95866 0.0141749 0.00662499 0.0121855 0.00835425
10 0.940387 0.0315064 0.0105379 0.00647165 0.0110967
0 0.044676 0.813475 0.0484763 0.0318164 0.0615561
-2 0.0377372 0.053902 0.786889 0.0446099 0.0768616
10 0.934138 0.0320311 0.00771343 0.0161785 0.00993926
10 0.963847 0.00597466 0.00612923 0.0172516 0.00679797
-3 0.0756928 0.0846671 0.0371355 0.751215 0.0512895
10 0.929347 0.0235695 0.0148142 0.0159458 0.0163235
-4 0.0451769 0.164131 0.0467156 0.0357927 0.708184
-4 0.0379042 0.167283 0.0471248 0.0398128 0.707875
10 0.937417 0.0286311 0.00865593 0.0065702 0.0187261
10 0.936377 0.0304688 0.0104594 0.00668424 0.0160106
-4 0.0708489 0.16036 0.0484719 0.0346644 0.685655
-4 0.0268599 0.13047 0.0310535 0.03451 0.777107
-4 0.0530549 0.162293 0.0415516 0.0445896 0.698511
10 0.939073 0.0281291 0.00759579 0.00957103 0.0156314
10 0.938315 0.0300855 0.00928651 0.0066745 0.0156387
-4 0.0449085 0.0126623 0.00675901 0.00682827 0.928842
10 0.955285 0.00384907 0.00658348 0.00634281 0.0279392
10 0.953854 0.00312783 0.0085781 0.00632309 0.0281169
-4 0.03128 0.014655 0.0102538 0.00957272 0.934238
-4 0.0249242 0.0134462 0.0106387 0.0103658 0.940625
10 0.953926 0.00595368 0.00647851 0.00555979 0.0280819
10 0.952049 0.00651958 0.00847885 0.00571609 0.0272362
-4 0.0517886 0.016653 0.0110531 0.00943481 0.91107
-4 0.0174232 0.00974224 0.00640114 0.00845305 0.95798
-4 0.0391721 0.0166295 0.00980997 0.0115759 0.922813
10 0.958724 0.00600529 0.00580684 0.0084857 0.0209785
10 0.953614 0.00644168 0.00749679 0.00574387 0.0267035
-4 0.035718 0.0127533 0.00886857 0.00896679 0.933693
10 0.954781 0.00533218 0.00636976 0.00581381 0.0277036
10 0.953217 0.00429758 0.00837055 0.005859 0.0282556
-4 0.0576484 0.0111265 0.0074522 0.0062063 0.917567
-4 0.0202723 0.00675752 0.00377685 0.00574916 0.963444
-4 0.0448852 0.0119224 0.00648833 0.00807432 0.92863
10 0.959553 0.0041941 0.00581626 0.00889045 0.0215464
10 0.954726 0.00423662 0.00740374 0.00589654 0.0277368
