labels 10 0 -2 -3 -4
10 0.933855 0.0236411 0.0163627 0.00723033 0.0189106
10 0.899201 0.0281461 0.0187099 0.0328326 0.0211099
10 0.92732 0.0230907 0.0162479 0.0229891 0.0103521
10 0.94469 0.0221089 0.0155308 0.00884156 0.00882848
10 0.944824 0.0218346 0.00945729 0.0180513 0.00583266
0 0.0432744 0.837973 0.0360293 0.0250836 0.0576395
10 0.9154 0.0175488 0.0125849 0.0376625 0.0168042
10 0.924599 0.0237118 0.0147193 0.0277769 0.00919273
0 0.0778751 0.759838 0.0531003 0.0408097 0.0683773
0 0.0730866 0.777826 0.0486049 0.0336753 0.0668071
10 0.939485 0.0229884 0.0138885 0.00790362 0.0157341
0 0.0778751 0.759838 0.0531003 0.0408097 0.0683773
0 0.0730866 0.777826 0.0486049 0.0336753 0.0668071
10 0.939485 0.0229884 0.0138885 0.00790362 0.0157341
0 0.0422846 0.847507 0.0268273 0.0248751 0.0585062
10 0.959355 0.0112784 0.00910338 0.00682659 0.0134364
0 0.0637235 0.86899 0.0201381 0.0366898 0.0104587
0 0.0455298 0.80947 0.0523235 0.0239548 0.0687216
10 0.933855 0.0236411 0.0163627 0.00723033 0.0189106
0 0.0764641 0.767649 0.0498604 0.0284196 0.0776065
0 0.076122 0.782293 0.0293879 0.0324387 0.079758
10 0.904966 0.0271239 0.0190239 0.0290842 0.0198022
0 0.0632565 0.873677 0.0192183 0.0347677 0.00908066
10 0.940672 0.0225349 0.0156119 0.00751136 0.0136702
-2 0.0613823 0.109852 0.702482 0.0436749 0.0826094
0 0.0758771 0.763602 0.0474735 0.0453231 0.0677247
10 0.964107 0.00982205 0.00848116 0.00681596 0.0107736
-3 0.0587641 0.143376 0.0414308 0.719369 0.0370605
10 0.929433 0.0236534 0.0158636 0.00709453 0.0239551
-2 0.0610943 0.110653 0.706201 0.0404801 0.081571
-3 0.0533188 0.137804 0.0474421 0.695622 0.0658125
10 0.92514 0.0246322 0.0167446 0.0120888 0.0213945
10 0.942203 0.0230023 0.00709798 0.0239857 0.00371072
10 0.936708 0.023293 0.00792415 0.0267356 0.00533958
-2 0.0584593 0.109384 0.716665 0.0383235 0.0771679
10 0.931435 0.0172438 0.0156467 0.0164117 0.019263
-3 0.0367186 0.118802 0.0322654 0.786827 0.0253871
10 0.946386 0.0221108 0.0116204 0.00629681 0.013586
10 0.943444 0.0217118 0.0080368 0.0219305 0.00487691
-2 0.0496531 0.104094 0.736916 0.0372815 0.0720554
10 0.926068 0.0239013 0.0158431 0.0193373 0.0148504
10 0.953109 0.0116478 0.00579517 0.0249559 0.00449225
-3 0.0582861 0.143406 0.0412702 0.72009 0.0369483
10 0.929433 0.0236534 0.0158636 0.00709453 0.0239551
-2 0.0610943 0.110653 0.706201 0.0404801 0.081571
-3 0.0533188 0.137804 0.0474421 0.695622 0.0658125
10 0.92514 0.0246322 0.0167446 0.0120888 0.0213945
10 0.942203 0.0230023 0.00709798 0.0239857 0.00371072
10 0.936708 0.023293 0.00792415 0.0267356 0.00533958
10 0.953253 0.0114407 0.0135884 0.00942143 0.0122965
0 0.0625378 0.85034 0.0439971 0.032643 0.0104825
-2 0.0575172 0.106708 0.719662 0.0443039 0.0718089
10 0.94553 0.0128309 0.00966171 0.0207627 0.0112144
10 0.945308 0.0130579 0.00601918 0.0311088 0.0045066
-3 0.0589891 0.143424 0.0410885 0.719679 0.0368196
10 0.929451 0.0236434 0.0158552 0.00709786 0.0239525
-4 0.0432881 0.188414 0.0509231 0.0351208 0.682254
-4 0.0424737 0.186747 0.0550419 0.0391141 0.676623
10 0.953332 0.0103494 0.00891138 0.00641297 0.0209942
10 0.93864 0.0226352 0.00906208 0.0214835 0.00817948
-4 0.0433298 0.188474 0.0509466 0.0351128 0.682137
-4 0.0248939 0.0928709 0.0231131 0.03032 0.828802
-4 0.0516462 0.184283 0.050892 0.0446576 0.668522
10 0.957685 0.00974951 0.00766577 0.0074479 0.0174519
10 0.941755 0.0219806 0.00806791 0.0210769 0.00711911
-4 0.0337603 0.0121749 0.0116722 0.0083668 0.934026
10 0.950674 0.00445915 0.00600295 0.00505369 0.0338102
10 0.923815 0.0153497 0.00919299 0.0173036 0.0343386
-4 0.0263289 0.0189136 0.0126805 0.0101721 0.931905
-4 0.0255252 0.0188791 0.0136696 0.0113014 0.930625
10 0.949743 0.00519127 0.00671145 0.00522616 0.0331279
10 0.927176 0.0224783 0.00995264 0.0186627 0.0217304
-4 0.0263401 0.0189278 0.0126881 0.0101705 0.931874
-4 0.0135525 0.00841493 0.00477067 0.00749379 0.965768
-4 0.0292625 0.0214002 0.0129999 0.012194 0.924143
10 0.956114 0.00511952 0.00579262 0.00626703 0.0267065
10 0.932863 0.0213829 0.00877839 0.0182839 0.0186914
-4 0.0386576 0.0241109 0.0189334 0.0131231 0.905175
10 0.954861 0.00442891 0.00603927 0.00499573 0.029675
10 0.924365 0.0191184 0.00990072 0.0179131 0.0287027
-4 0.0228737 0.00882834 0.00752296 0.00623189 0.954543
-4 0.0116525 0.00382875 0.00250077 0.00457242 0.977446
-4 0.0251923 0.0111172 0.00777896 0.00755848 0.948353
10 0.953189 0.00448238 0.00515399 0.00609819 0.0310766
10 0.931241 0.0181109 0.00869237 0.0175775 0.0243779
