labels 10 1 0 8
10 0.84158 0.0488523 0.0675748 0.0419927
10 0.888464 0.0307623 0.0443324 0.0364411
1 0.0201397 0.94279 0.0156971 0.0213731
1 0.0146152 0.937704 0.0292742 0.0184062
10 0.846193 0.0511927 0.064058 0.0385564
10 0.844687 0.0532746 0.0551549 0.0468834
10 0.8816 0.0402702 0.0389842 0.0391458
1 0.0207447 0.935937 0.0209504 0.0223677
1 0.0152621 0.94025 0.0231645 0.0213238
10 0.898914 0.0282757 0.0441636 0.0286465
10 0.904903 0.0249369 0.0391315 0.0310288
1 0.0205062 0.944923 0.0149179 0.0196532
1 0.0153908 0.938482 0.0288782 0.0172489
10 0.841585 0.0488452 0.0675835 0.0419865
10 0.888471 0.030755 0.0443419 0.0364323
1 0.0201361 0.942805 0.0156949 0.0213638
1 0.0146155 0.937721 0.0292666 0.0183964
10 0.846199 0.0511837 0.0640674 0.0385497
10 0.844694 0.0532689 0.05516 0.0468775
10 0.88161 0.0402607 0.0389905 0.0391383
1 0.0207415 0.935952 0.020948 0.0223587
1 0.0152623 0.940265 0.023159 0.0213134
10 0.902039 0.0198381 0.0502712 0.0278519
1 0.0195345 0.945585 0.0162028 0.0186773
1 0.0153908 0.938482 0.0288782 0.0172489
10 0.898914 0.0282757 0.0441636 0.0286465
10 0.904903 0.0249369 0.0391315 0.0310288
1 0.0205062 0.944923 0.0149179 0.0196532
1 0.0153908 0.938482 0.0288782 0.0172489
1 0.00970743 0.95565 0.0288586 0.00578443
1 0.00969129 0.860977 0.109262 0.0200696
1 0.00656557 0.92177 0.0617696 0.00989473
1 0.00685463 0.952831 0.0254341 0.0148805
1 0.00705372 0.925353 0.0492207 0.0183727
0 0.292256 0.0646636 0.581618 0.0614627
1 0.00426969 0.97626 0.0125584 0.00691159
1 0.00577268 0.935268 0.0453125 0.0136465
1 0.0124192 0.938137 0.032778 0.0166654
0 0.0229708 0.0577859 0.822441 0.0968027
1 0.0121096 0.944861 0.0267442 0.016285
1 0.00685463 0.952831 0.0254341 0.0148805
1 0.00696276 0.933388 0.0483916 0.0112575
0 0.039305 0.128593 0.737382 0.09472
0 0.0201028 0.0302237 0.915191 0.0344821
0 0.0190264 0.0277835 0.925075 0.028115
1 0.0082777 0.957525 0.0287253 0.00547157
0 0.0156677 0.0218775 0.928174 0.0342808
1 0.00970743 0.95565 0.0288586 0.00578443
1 0.0136316 0.942826 0.0312912 0.0122514
8 0.015632 0.0295469 0.088016 0.866805
1 0.0114329 0.957725 0.016419 0.0144228
8 0.0311851 0.0293231 0.178877 0.760615
0 0.0473547 0.337989 0.399535 0.215122
1 0.0134724 0.954939 0.0202672 0.0113219
8 0.0166289 0.0293433 0.12173 0.832298
1 0.0123712 0.954502 0.0148666 0.0182601
8 0.033198 0.0698227 0.1887 0.70828
8 0.0396155 0.156431 0.298681 0.505272
1 0.0386885 0.549795 0.243409 0.168107
1 0.015509 0.951645 0.0216877 0.0111579
8 0.0166289 0.0293433 0.12173 0.832298
1 0.0123712 0.954502 0.0148666 0.0182601
8 0.0133276 0.00968143 0.0460096 0.930981
1 0.0107952 0.962298 0.015651 0.0112553
8 0.0152659 0.0188643 0.0406069 0.925263
1 0.0103878 0.941091 0.0282826 0.0202386
1 0.0110684 0.961719 0.012676 0.0145367
8 0.0328624 0.0854579 0.181641 0.700039
8 0.0278922 0.0637878 0.103768 0.804552
1 0.0119343 0.939649 0.0252073 0.0232097
1 0.0104328 0.943743 0.0298946 0.0159291
1 0.00995088 0.944646 0.0298378 0.0155657
8 0.0133276 0.00968143 0.0460096 0.930981
1 0.0107952 0.962298 0.015651 0.0112553
8 0.0152659 0.0188643 0.0406069 0.925263
1 0.0103878 0.941091 0.0282826 0.0202386
1 0.0110684 0.961719 0.012676 0.0145367
8 0.0328624 0.0854579 0.181641 0.700039
8 0.0278922 0.0637878 0.103768 0.804552
1 0.0119343 0.939649 0.0252073 0.0232097
1 0.0104328 0.943743 0.0298946 0.0159291
1 0.00995088 0.944646 0.0298378 0.0155657
10 0.902039 0.0198381 0.0502712 0.0278519
1 0.0195345 0.945585 0.0162028 0.0186773
1 0.0153908 0.938482 0.0288782 0.0172489
10 0.9021 0.0293505 0.0422845 0.0262646
10 0.902519 0.0298745 0.0365697 0.0310371
10 0.905215 0.0297992 0.0333872 0.0315986
1 0.0207497 0.938831 0.0200112 0.0204079
1 0.0155492 0.942459 0.0225822 0.0194097
