labels 10 1 0 8
10 0.902041 0.0198226 0.0502722 0.0278641
1 0.0195535 0.945565 0.0162055 0.0186763
1 0.0154048 0.938506 0.0288599 0.0172295
10 0.898962 0.028278 0.0441474 0.0286125
10 0.904907 0.0249167 0.0391449 0.0310318
1 0.0204876 0.944954 0.0149145 0.0196436
1 0.0154048 0.938506 0.0288599 0.0172295
10 0.902075 0.0293309 0.0423369 0.0262567
10 0.902509 0.0298855 0.0365457 0.0310602
10 0.905235 0.0297724 0.0334183 0.0315743
1 0.0207692 0.938787 0.0200161 0.0204282
1 0.015533 0.942527 0.0225628 0.0193771
1 0.0104541 0.952164 0.02301 0.0143717
1 0.00930623 0.947514 0.0296334 0.0135464
1 0.00879499 0.947928 0.0296134 0.0136635
1 0.00808802 0.943147 0.0272858 0.0214793
1 0.0107236 0.946129 0.0265519 0.0165952
0 0.0156677 0.0218775 0.928174 0.0342808
1 0.00970743 0.95565 0.0288586 0.00578443
0 0.0194665 0.0296368 0.917638 0.0332591
1 0.00880019 0.959073 0.0214774 0.010649
1 0.00762214 0.952351 0.0291697 0.0108572
0 0.0201028 0.0302237 0.915191 0.0344821
0 0.0190264 0.0277835 0.925075 0.028115
1 0.0082777 0.957525 0.0287253 0.00547157
0 0.0156677 0.0218775 0.928174 0.0342808
1 0.00764171 0.960288 0.0283789 0.00369142
0 0.0184103 0.0273571 0.926872 0.0273608
0 0.0201028 0.0302237 0.915191 0.0344821
0 0.0190264 0.0277835 0.925075 0.028115
1 0.0082777 0.957525 0.0287253 0.00547157
0 0.0260422 0.0293098 0.919687 0.0249611
0 0.0364944 0.0273698 0.903098 0.0330382
1 0.00596368 0.952697 0.0291183 0.0122212
1 0.00502533 0.958409 0.0287143 0.00785166
0 0.0260422 0.0293098 0.919687 0.0249611
0 0.0302054 0.0280723 0.924953 0.0167695
1 0.0107697 0.946418 0.0296075 0.0132042
0 0.017917 0.0282144 0.924218 0.0296506
1 0.011442 0.954345 0.0210226 0.01319
8 0.0133276 0.00968143 0.0460096 0.930981
1 0.0107952 0.962298 0.015651 0.0112553
8 0.0147428 0.019061 0.039668 0.926528
1 0.0114329 0.957725 0.016419 0.0144228
8 0.0128981 0.00787304 0.045819 0.93341
1 0.0108898 0.940827 0.0251925 0.0230912
1 0.0107101 0.947218 0.0194695 0.0226025
8 0.0147826 0.016599 0.0434032 0.925215
1 0.0123712 0.954502 0.0148666 0.0182601
1 0.0118315 0.944815 0.0297684 0.0135853
8 0.0134053 0.0113477 0.0459721 0.929275
1 0.012281 0.951762 0.0137168 0.0222401
8 0.0152659 0.0188643 0.0406069 0.925263
1 0.0103878 0.941091 0.0282826 0.0202386
1 0.0110684 0.961719 0.012676 0.0145367
1 0.0120578 0.95525 0.0176751 0.0150169
8 0.0140602 0.0167019 0.0436018 0.925636
8 0.0172977 0.0195093 0.0316417 0.931551
1 0.0119343 0.939649 0.0252073 0.0232097
1 0.0104328 0.943743 0.0298946 0.0159291
1 0.00995088 0.944646 0.0298378 0.0155657
1 0.0115331 0.961173 0.0176601 0.00963347
0 0.0193274 0.0286365 0.912766 0.0392699
8 0.0144468 0.0110134 0.0371696 0.93737
1 0.0100833 0.949486 0.0244069 0.0160241
1 0.0110733 0.940268 0.0258605 0.0227985
8 0.0156145 0.019379 0.0381021 0.926904
1 0.0137447 0.951857 0.0147893 0.0196089
10 0.90174 0.0200031 0.0502695 0.0279876
1 0.0184691 0.944925 0.0168331 0.0197723
1 0.0146152 0.937704 0.0292742 0.0184062
10 0.898914 0.0282757 0.0441636 0.0286465
10 0.904903 0.0249369 0.0391315 0.0310288
1 0.0205062 0.944923 0.0149179 0.0196532
1 0.0153908 0.938482 0.0288782 0.0172489
10 0.902039 0.0198381 0.0502712 0.0278519
1 0.0195345 0.945585 0.0162028 0.0186773
1 0.0153908 0.938482 0.0288782 0.0172489
10 0.9021 0.0293505 0.0422845 0.0262646
10 0.902519 0.0298745 0.0365697 0.0310371
10 0.905215 0.0297992 0.0333872 0.0315986
1 0.0207497 0.938831 0.0200112 0.0204079
1 0.0155492 0.942459 0.0225822 0.0194097
10 0.901737 0.0199941 0.0502912 0.0279779
1 0.0184655 0.94494 0.0168309 0.0197632
1 0.0146155 0.937721 0.0292666 0.0183964
