labels 10 0 -2 -3 -4
10 0.912554 0.0488921 0.018553 0.00651812 0.0134829
10 0.938546 0.0236684 0.00895292 0.0224764 0.00635583
10 0.948163 0.0196914 0.0123515 0.0116178 0.00817629
10 0.80341 0.0412659 0.0192297 0.12319 0.0129048
10 0.914113 0.024988 0.0241411 0.0273622 0.00939589
0 0.0763242 0.723368 0.0549966 0.040924 0.104387
10 0.96596 0.0102574 0.00858966 0.00908726 0.00610608
10 0.941062 0.0224015 0.00893843 0.0221737 0.00542417
10 0.92477 0.0145756 0.01891 0.0250019 0.0167427
0 0.0653058 0.877954 0.0184587 0.0295751 0.00870648
10 0.924614 0.0251419 0.024858 0.00826137 0.0171243
10 0.949975 0.0196181 0.00859159 0.0131889 0.0086262
10 0.957425 0.0111384 0.0063633 0.0202209 0.00485237
0 0.0661506 0.840947 0.0439405 0.0375987 0.0113634
0 0.0455298 0.80947 0.0523235 0.0239548 0.0687216
10 0.933855 0.0236411 0.0163627 0.00723033 0.0189106
0 0.0778751 0.759838 0.0531003 0.0408097 0.0683773
0 0.0730866 0.777826 0.0486049 0.0336753 0.0668071
10 0.939485 0.0229884 0.0138885 0.00790362 0.0157341
0 0.0764641 0.767649 0.0498604 0.0284196 0.0776065
0 0.0750986 0.749724 0.0534675 0.0405807 0.0811295
10 0.913865 0.04854 0.0156455 0.0105285 0.0114213
10 0.940034 0.0233584 0.00896916 0.022161 0.00547717
10 0.933888 0.0215855 0.0192438 0.00855668 0.0167259
-3 0.0673204 0.159054 0.0453843 0.691145 0.0370959
10 0.919393 0.0253816 0.0187361 0.00780572 0.0286833
-2 0.0584593 0.109384 0.716665 0.0383235 0.0771679
10 0.931435 0.0172438 0.0156467 0.0164117 0.019263
-3 0.0744495 0.159446 0.0448837 0.684336 0.0368846
10 0.919393 0.0253816 0.0187361 0.00780572 0.0286833
-2 0.0802398 0.149672 0.642056 0.0416205 0.0864116
0 0.117766 0.404439 0.102303 0.282078 0.0934132
0 0.0693448 0.745616 0.0584603 0.0319333 0.0946451
10 0.959568 0.0100562 0.0105578 0.00797682 0.0118416
-3 0.0587641 0.143376 0.0414308 0.719369 0.0370605
10 0.929433 0.0236534 0.0158636 0.00709453 0.0239551
-2 0.0584593 0.109384 0.716665 0.0383235 0.0771679
10 0.931435 0.0172438 0.0156467 0.0164117 0.019263
-3 0.0367186 0.118802 0.0322654 0.786827 0.0253871
10 0.946386 0.0221108 0.0116204 0.00629681 0.013586
10 0.943444 0.0217118 0.0080368 0.0219305 0.00487691
10 0.911797 0.0182083 0.0354061 0.0173043 0.0172838
-2 0.0816833 0.188519 0.661094 0.051579 0.0171248
10 0.914487 0.0199686 0.0274777 0.0171914 0.0208749
-3 0.0367186 0.118802 0.0322654 0.786827 0.0253871
10 0.946386 0.0221108 0.0116204 0.00629681 0.013586
10 0.943444 0.0217118 0.0080368 0.0219305 0.00487691
10 0.933837 0.0124798 0.0292008 0.0106648 0.0138173
-2 0.0862423 0.190731 0.650995 0.0539896 0.0180421
-3 0.0561681 0.14107 0.071395 0.663654 0.0677128
10 0.92514 0.0246322 0.0167446 0.0120888 0.0213945
10 0.942203 0.0230023 0.00709798 0.0239857 0.00371072
10 0.936708 0.023293 0.00792415 0.0267356 0.00533958
-4 0.0591918 0.376731 0.073806 0.0507464 0.439525
10 0.95884 0.00959742 0.00858324 0.00619225 0.0167868
10 0.93864 0.0226352 0.00906208 0.0214835 0.00817948
-4 0.0199382 0.00452637 0.0045374 0.00382737 0.967171
-4 0.0193407 0.00445789 0.00496648 0.00429665 0.966938
10 0.941933 0.00439365 0.00606214 0.00491785 0.0426935
10 0.923815 0.0153497 0.00919299 0.0173036 0.0343386
-4 0.019946 0.0045328 0.00454012 0.00382656 0.967155
-4 0.0101484 0.00201038 0.00148058 0.00276623 0.983594
-4 0.0219833 0.00575906 0.00442124 0.00472019 0.963116
10 0.949992 0.00443406 0.00526236 0.00599804 0.0343133
10 0.931492 0.0146339 0.00805451 0.0170276 0.0287918
-4 0.0337603 0.0121749 0.0116722 0.0083668 0.934026
10 0.950674 0.00445915 0.00600295 0.00505369 0.0338102
10 0.923815 0.0153497 0.00919299 0.0173036 0.0343386
-4 0.0199382 0.00452637 0.0045374 0.00382737 0.967171
-4 0.0193407 0.00445789 0.00496648 0.00429665 0.966938
10 0.941933 0.00439365 0.00606214 0.00491785 0.0426935
10 0.923815 0.0153497 0.00919299 0.0173036 0.0343386
-4 0.019946 0.0045328 0.00454012 0.00382656 0.967155
-4 0.0101484 0.00201038 0.00148058 0.00276623 0.983594
-4 0.0219833 0.00575906 0.00442124 0.00472019 0.963116
10 0.949992 0.00443406 0.00526236 0.00599804 0.0343133
10 0.931492 0.0146339 0.00805451 0.0170276 0.0287918
-4 0.0337603 0.0121749 0.0116722 0.0083668 0.934026
10 0.950674 0.00445915 0.00600295 0.00505369 0.0338102
10 0.923815 0.0153497 0.00919299 0.0173036 0.0343386
-4 0.0199382 0.00452637 0.0045374 0.00382737 0.967171
-4 0.0193407 0.00445789 0.00496648 0.00429665 0.966938
10 0.941933 0.00439365 0.00606214 0.00491785 0.0426935
10 0.923815 0.0153497 0.00919299 0.0173036 0.0343386
-4 0.019946 0.0045328 0.00454012 0.00382656 0.967155
-4 0.0101484 0.00201038 0.00148058 0.00276623 0.983594
-4 0.0219833 0.00575906 0.00442124 0.00472019 0.963116
10 0.949992 0.00443406 0.00526236 0.00599804 0.0343133
10 0.931492 0.0146339 0.00805451 0.0170276 0.0287918
-4 0.0445031 0.0505498 0.0304183 0.0205165 0.854012
10 0.957628 0.00506202 0.00661712 0.00515703 0.0255362
10 0.927176 0.0224783 0.00995264 0.0186627 0.0217304
-4 0.0228645 0.00881936 0.00751846 0.00623302 0.954565
-4 0.0221692 0.00875686 0.00814871 0.00694584 0.953979
10 0.946398 0.00465787 0.00632886 0.00503454 0.0375805
10 0.924365 0.0191184 0.00990072 0.0179131 0.0287027
