<<<<<<< HEAD
labels 10 0 -2 -3 -4
10 0.931425 0.0329058 0.0142926 0.00554157 0.015835
10 0.909786 0.034099 0.0153259 0.0242019 0.016587
10 0.898276 0.0567144 0.0148722 0.0128792 0.0172581
10 0.792077 0.16318 0.0205879 0.00778402 0.0163706
10 0.909767 0.0605786 0.012651 0.00530584 0.0116979
0 0.0345043 0.847469 0.0403412 0.0223399 0.0553459
10 0.9331 0.0179498 0.00922933 0.0271237 0.0125973
10 0.897983 0.0556026 0.0131142 0.018872 0.0144282
0 0.0660833 0.792146 0.0417825 0.0355281 0.0644604
0 0.114811 0.758027 0.0400062 0.0304219 0.0567333
10 0.937117 0.0318048 0.0118321 0.00695806 0.0122883
0 0.0660833 0.792146 0.0417825 0.0355281 0.0644604
0 0.114811 0.758027 0.0400062 0.0304219 0.0567333
10 0.937117 0.0318048 0.0118321 0.00695806 0.0122883
0 0.0334934 0.863437 0.0260298 0.0217964 0.0552435
10 0.961037 0.0150746 0.00761502 0.00512243 0.0111505
0 0.308184 0.577553 0.0316423 0.0369968 0.0456233
0 0.0655645 0.783489 0.0657652 0.0234317 0.0617498
10 0.931425 0.0329058 0.0142926 0.00554157 0.015835
0 0.0834717 0.781014 0.0401829 0.026955 0.0683768
0 0.049553 0.821879 0.0241203 0.028893 0.075555
10 0.623587 0.302191 0.0165244 0.0278984 0.0297993
0 0.0638003 0.820484 0.0283547 0.0333021 0.054059
10 0.932629 0.0318057 0.0157663 0.00728383 0.0125155
-2 0.0566234 0.0745751 0.735855 0.0499417 0.0830053
0 0.0841975 0.788074 0.0375876 0.0376827 0.0524582
10 0.96339 0.00921784 0.0102068 0.00622354 0.0109619
-3 0.107021 0.103232 0.0350128 0.705793 0.0489412
10 0.92942 0.0236978 0.0147833 0.0158169 0.0162817
-2 0.0480794 0.0551579 0.777173 0.0418386 0.077751
-3 0.0432711 0.107494 0.0404165 0.75333 0.0554886
10 0.919694 0.0329878 0.0143286 0.0169783 0.0160113
10 0.944952 0.0310251 0.00961007 0.00690181 0.00751078
10 0.95866 0.0141749 0.00662499 0.0121855 0.00835425
-2 0.043119 0.064974 0.774677 0.040862 0.0763683
10 0.922255 0.0331184 0.015643 0.0136074 0.0153766
-3 0.0759419 0.0863273 0.0369137 0.7485 0.052317
10 0.927484 0.0322604 0.0135656 0.0161274 0.0105623
10 0.949643 0.0214863 0.0104162 0.0068796 0.0115749
-2 0.0361389 0.0581833 0.790979 0.0411762 0.0735224
10 0.888142 0.0696066 0.0132659 0.0149889 0.0139963
10 0.969852 0.00520068 0.00633737 0.010812 0.00779762
-3 0.0756807 0.0850722 0.037277 0.750745 0.0512255
10 0.92942 0.0236978 0.0147833 0.0158169 0.0162817
-2 0.0480794 0.0551579 0.777173 0.0418386 0.077751
-3 0.0432711 0.107494 0.0404165 0.75333 0.0554886
10 0.919694 0.0329878 0.0143286 0.0169783 0.0160113
10 0.944952 0.0310251 0.00961007 0.00690181 0.00751078
10 0.95866 0.0141749 0.00662499 0.0121855 0.00835425
10 0.940387 0.0315064 0.0105379 0.00647165 0.0110967
0 0.044676 0.813475 0.0484763 0.0318164 0.0615561
-2 0.0377372 0.053902 0.786889 0.0446099 0.0768616
10 0.934138 0.0320311 0.00771343 0.0161785 0.00993926
10 0.963847 0.00597466 0.00612923 0.0172516 0.00679797
-3 0.0756928 0.0846671 0.0371355 0.751215 0.0512895
10 0.929347 0.0235695 0.0148142 0.0159458 0.0163235
-4 0.0451769 0.164131 0.0467156 0.0357927 0.708184
-4 0.0379042 0.167283 0.0471248 0.0398128 0.707875
10 0.937417 0.0286311 0.00865593 0.0065702 0.0187261
10 0.936377 0.0304688 0.0104594 0.00668424 0.0160106
-4 0.0708489 0.16036 0.0484719 0.0346644 0.685655
-4 0.0268599 0.13047 0.0310535 0.03451 0.777107
-4 0.0530549 0.162293 0.0415516 0.0445896 0.698511
10 0.939073 0.0281291 0.00759579 0.00957103 0.0156314
10 0.938315 0.0300855 0.00928651 0.0066745 0.0156387
-4 0.0449085 0.0126623 0.00675901 0.00682827 0.928842
10 0.955285 0.00384907 0.00658348 0.00634281 0.0279392
10 0.953854 0.00312783 0.0085781 0.00632309 0.0281169
-4 0.03128 0.014655 0.0102538 0.00957272 0.934238
-4 0.0249242 0.0134462 0.0106387 0.0103658 0.940625
10 0.953926 0.00595368 0.00647851 0.00555979 0.0280819
10 0.952049 0.00651958 0.00847885 0.00571609 0.0272362
-4 0.0517886 0.016653 0.0110531 0.00943481 0.91107
-4 0.0174232 0.00974224 0.00640114 0.00845305 0.95798
-4 0.0391721 0.0166295 0.00980997 0.0115759 0.922813
10 0.958724 0.00600529 0.00580684 0.0084857 0.0209785
10 0.953614 0.00644168 0.00749679 0.00574387 0.0267035
-4 0.035718 0.0127533 0.00886857 0.00896679 0.933693
10 0.954781 0.00533218 0.00636976 0.00581381 0.0277036
10 0.953217 0.00429758 0.00837055 0.005859 0.0282556
-4 0.0576484 0.0111265 0.0074522 0.0062063 0.917567
-4 0.0202723 0.00675752 0.00377685 0.00574916 0.963444
-4 0.0448852 0.0119224 0.00648833 0.00807432 0.92863
10 0.959553 0.0041941 0.00581626 0.00889045 0.0215464
10 0.954726 0.00423662 0.00740374 0.00589654 0.0277368
=======
labels 10 0 -3 -2 -4
10 0.948166 0.0314546 0.0030971 0.0085202 0.00876238
10 0.904218 0.0749292 0.00231658 0.0114119 0.00712449
10 0.982483 0.00577449 0.0075079 0.00277369 0.00146056
10 0.944062 0.0280289 0.00991584 0.009025 0.00896855
10 0.950459 0.029114 0.00902063 0.00825807 0.00314843
10 0.9543 0.029114 0.0024744 0.00982674 0.00428452
10 0.95565 0.0291309 0.00177485 0.0111428 0.00230157
10 0.959675 0.0288646 0.0014638 0.00580124 0.00419519
10 0.948002 0.0282236 0.0142455 0.00725403 0.00227476
10 0.951114 0.0289832 0.0086299 0.00839614 0.0028764
0 0.0378938 0.836299 0.0186797 0.0322566 0.0748707
10 0.966899 0.0232981 0.00234103 0.00470183 0.00276012
10 0.959252 0.0288629 0.00153954 0.00834401 0.00200108
10 0.945617 0.0294223 0.00635062 0.00972222 0.00888778
0 0.0589803 0.866433 0.0171021 0.0307709 0.0267141
10 0.948411 0.0293233 0.00314488 0.0119994 0.00712141
10 0.948522 0.039288 0.00182553 0.00557762 0.00478702
10 0.953776 0.0346238 0.00303671 0.00655945 0.00200426
10 0.578498 0.364248 0.0252729 0.0184641 0.0135177
0 0.0495864 0.854287 0.0116126 0.0488368 0.0356775
10 0.948166 0.0314546 0.0030971 0.0085202 0.00876238
0 0.0455409 0.887054 0.0073529 0.0276934 0.0323585
10 0.955044 0.0221951 0.0115473 0.00508978 0.00612383
10 0.95305 0.0289311 0.00879551 0.00642051 0.00280281
0 0.0492336 0.863258 0.0175301 0.0316014 0.0383771
0 0.0553883 0.865712 0.016146 0.0284 0.0343538
10 0.955277 0.0290679 0.00266726 0.00610498 0.00688333
0 0.0492336 0.863258 0.0175301 0.0316014 0.0383771
0 0.0553883 0.865712 0.016146 0.0284 0.0343538
10 0.955277 0.0290679 0.00266726 0.00610498 0.00688333
0 0.0350844 0.90473 0.00698669 0.0211871 0.0320119
10 0.962039 0.0250547 0.0030488 0.00423804 0.00561979
10 0.578322 0.366519 0.02795 0.0137666 0.0134431
0 0.0495864 0.854287 0.0116126 0.0488368 0.0356775
10 0.948166 0.0314546 0.0030971 0.0085202 0.00876238
0 0.0492336 0.863258 0.0175301 0.0316014 0.0383771
0 0.0553883 0.865712 0.016146 0.0284 0.0343538
10 0.955277 0.0290679 0.00266726 0.00610498 0.00688333
0 0.0486622 0.862559 0.0170219 0.0307011 0.0410557
0 0.0361747 0.865344 0.0178207 0.0312466 0.0494136
10 0.754419 0.217202 0.00572146 0.0122162 0.0104414
10 0.963703 0.0271731 0.00206763 0.00525902 0.001797
0 0.0486622 0.862559 0.0170219 0.0307011 0.0410557
0 0.0486401 0.872956 0.0111617 0.0190524 0.0481896
10 0.755067 0.207376 0.0125733 0.010757 0.0142268
0 0.0609849 0.87582 0.0177791 0.0191294 0.0262868
10 0.953414 0.0284249 0.00288044 0.00837272 0.00690802
10 0.946829 0.0297563 0.00212624 0.0125156 0.00877301
-3 0.0586867 0.0539417 0.840795 0.0208145 0.0257624
10 0.95018 0.0193652 0.0128987 0.00768326 0.00987325
-2 0.0301473 0.0333416 0.0234198 0.870919 0.0421724
10 0.969062 0.00769407 0.00979421 0.00548319 0.00796683
-3 0.0590911 0.0486939 0.8463 0.0202855 0.0256296
10 0.95018 0.0193652 0.0128987 0.00768326 0.00987325
-2 0.0373818 0.0535549 0.033056 0.830698 0.0453095
0 0.119828 0.800232 0.0226453 0.0242855 0.0330097
10 0.97391 0.0144369 0.00151426 0.00546778 0.00467116
-3 0.0582708 0.0538749 0.841692 0.0203918 0.0257707
10 0.950671 0.0189822 0.0128981 0.00764798 0.00980046
-2 0.0350411 0.0368272 0.0265569 0.857845 0.0437296
-3 0.0975414 0.121849 0.713421 0.0340223 0.0331658
10 0.531735 0.41041 0.0147093 0.0194358 0.0237098
10 0.9686 0.0185792 0.00171188 0.00580546 0.005303
-3 0.0582708 0.0538749 0.841692 0.0203918 0.0257707
10 0.950671 0.0189822 0.0128981 0.00764798 0.00980046
-2 0.0301473 0.0333416 0.0234198 0.870919 0.0421724
10 0.969062 0.00769407 0.00979421 0.00548319 0.00796683
-3 0.0432391 0.0622666 0.850267 0.0203958 0.0238313
10 0.959417 0.0243334 0.00741342 0.00418387 0.00465257
10 0.98672 0.00581902 0.00321558 0.00308125 0.0011644
-2 0.0360784 0.032091 0.024236 0.864288 0.0433066
-3 0.0460886 0.0660976 0.834084 0.0221422 0.0315877
10 0.940805 0.0297142 0.0127934 0.00737699 0.00931044
10 0.959674 0.0292739 0.00600039 0.0034593 0.00159255
10 0.983094 0.00560874 0.0076864 0.00228675 0.0013242
-2 0.0301473 0.0333416 0.0234198 0.870919 0.0421724
10 0.969062 0.00769407 0.00979421 0.00548319 0.00796683
-3 0.0432391 0.0622666 0.850267 0.0203958 0.0238313
10 0.959417 0.0243334 0.00741342 0.00418387 0.00465257
10 0.98672 0.00581902 0.00321558 0.00308125 0.0011644
-2 0.0293308 0.0405848 0.0259328 0.865764 0.0383874
10 0.945819 0.033204 0.00872074 0.00559586 0.00666084
10 0.981005 0.00535726 0.00830641 0.00406756 0.00126377
-3 0.058392 0.0532891 0.842318 0.0202211 0.0257796
10 0.950671 0.0189822 0.0128981 0.00764798 0.00980046
-2 0.0360784 0.032091 0.024236 0.864288 0.0433066
-3 0.0460886 0.0660976 0.834084 0.0221422 0.0315877
10 0.940805 0.0297142 0.0127934 0.00737699 0.00931044
10 0.959674 0.0292739 0.00600039 0.0034593 0.00159255
10 0.983094 0.00560874 0.0076864 0.00228675 0.0013242
10 0.944249 0.0296263 0.00793157 0.0105598 0.00763357
-2 0.0310863 0.0453799 0.0254734 0.86191 0.0361504
10 0.96303 0.00863711 0.0106027 0.00964199 0.0080882
-3 0.0432391 0.0622666 0.850267 0.0203958 0.0238313
10 0.959417 0.0243334 0.00741342 0.00418387 0.00465257
10 0.98672 0.00581902 0.00321558 0.00308125 0.0011644
10 0.950515 0.029378 0.00330388 0.0107316 0.00607165
-2 0.0437394 0.0383061 0.0253404 0.856536 0.0360782
-3 0.0470389 0.0665411 0.828868 0.0265195 0.0310323
10 0.940805 0.0297142 0.0127934 0.00737699 0.00931044
10 0.959674 0.0292739 0.00600039 0.0034593 0.00159255
10 0.983094 0.00560874 0.0076864 0.00228675 0.0013242
10 0.970693 0.0122373 0.00364409 0.00782787 0.00559731
0 0.0578258 0.866029 0.0161935 0.0320935 0.0278577
-2 0.0304867 0.0362621 0.0265107 0.864353 0.0423878
10 0.961266 0.0245034 0.00730378 0.00254781 0.004379
10 0.981766 0.00541116 0.0084108 0.00326011 0.00115153
-3 0.0585049 0.0527044 0.842913 0.0200769 0.025801
10 0.951139 0.018611 0.0129037 0.0076137 0.00973232
-4 0.0206515 0.366523 0.0265996 0.039534 0.546692
10 0.977954 0.00316577 0.0103401 0.00153232 0.00700821
10 0.959252 0.0270373 0.0016781 0.00823464 0.00379765
-4 0.0265059 0.199849 0.0320511 0.0462498 0.695344
-4 0.0690751 0.117424 0.0772532 0.0330156 0.703232
10 0.975983 0.00342078 0.0105462 0.00165583 0.00839416
10 0.959252 0.0270373 0.0016781 0.00823464 0.00379765
-4 0.0403757 0.197209 0.0314486 0.0477448 0.683222
-4 0.0537901 0.0811152 0.0540918 0.0268151 0.784188
-4 0.0713594 0.0998098 0.0791688 0.0330295 0.716633
10 0.979299 0.00297715 0.00970463 0.00129592 0.00672298
10 0.959948 0.0263788 0.00170587 0.0082057 0.00376196
-4 0.00810993 0.00335891 0.00214834 0.00207112 0.984312
10 0.97853 0.000776318 0.0055918 0.000889899 0.0142115
10 0.966364 0.00727275 0.00271585 0.00590575 0.0177418
-4 0.00943619 0.0026803 0.00215032 0.00205268 0.983681
-4 0.02459 0.00168804 0.00439839 0.0016709 0.967653
10 0.976288 0.000782024 0.00562336 0.000907889 0.0163983
10 0.966364 0.00727275 0.00271585 0.00590575 0.0177418
-4 0.0156589 0.00427701 0.00219253 0.00227956 0.975592
-4 0.0276924 0.00166394 0.00333071 0.00127639 0.966037
-4 0.0329718 0.00154221 0.00454899 0.0016 0.959337
10 0.980302 0.000730215 0.00531224 0.000712168 0.0129434
10 0.966634 0.00713993 0.00274839 0.00589295 0.0175847
-4 0.00810993 0.00335891 0.00214834 0.00207112 0.984312
10 0.97853 0.000776318 0.0055918 0.000889899 0.0142115
10 0.966364 0.00727275 0.00271585 0.00590575 0.0177418
-4 0.00943619 0.0026803 0.00215032 0.00205268 0.983681
-4 0.02459 0.00168804 0.00439839 0.0016709 0.967653
10 0.976288 0.000782024 0.00562336 0.000907889 0.0163983
10 0.966364 0.00727275 0.00271585 0.00590575 0.0177418
-4 0.0156589 0.00427701 0.00219253 0.00227956 0.975592
-4 0.0276924 0.00166394 0.00333071 0.00127639 0.966037
-4 0.0329718 0.00154221 0.00454899 0.0016 0.959337
10 0.980302 0.000730215 0.00531224 0.000712168 0.0129434
10 0.966634 0.00713993 0.00274839 0.00589295 0.0175847
-4 0.00810993 0.00335891 0.00214834 0.00207112 0.984312
10 0.97853 0.000776318 0.0055918 0.000889899 0.0142115
10 0.966364 0.00727275 0.00271585 0.00590575 0.0177418
-4 0.00943619 0.0026803 0.00215032 0.00205268 0.983681
-4 0.02459 0.00168804 0.00439839 0.0016709 0.967653
10 0.976288 0.000782024 0.00562336 0.000907889 0.0163983
10 0.966364 0.00727275 0.00271585 0.00590575 0.0177418
-4 0.0156589 0.00427701 0.00219253 0.00227956 0.975592
-4 0.0276924 0.00166394 0.00333071 0.00127639 0.966037
-4 0.0329718 0.00154221 0.00454899 0.0016 0.959337
10 0.980302 0.000730215 0.00531224 0.000712168 0.0129434
10 0.966634 0.00713993 0.00274839 0.00589295 0.0175847
-4 0.00678813 0.0175363 0.00550628 0.00651679 0.963652
10 0.976795 0.00105373 0.00603627 0.00109511 0.0150197
10 0.964562 0.013884 0.00246125 0.00702366 0.0120691
-4 0.00739824 0.00830779 0.00548795 0.00638492 0.972421
-4 0.0174597 0.00694085 0.0104585 0.00481156 0.960329
10 0.97365 0.0011012 0.006126 0.00116388 0.0179589
10 0.964562 0.013884 0.00246125 0.00702366 0.0120691
-4 0.0118691 0.00933544 0.00550044 0.00666457 0.96663
-4 0.018588 0.00507054 0.00802975 0.00373498 0.964577
-4 0.0221326 0.0060769 0.0107261 0.00473406 0.95633
10 0.978425 0.00099002 0.00569895 0.000904063 0.0139823
10 0.964967 0.0135973 0.00248393 0.00700242 0.0119495
-4 0.00673533 0.00661277 0.00328165 0.00348455 0.979886
10 0.977317 0.000850395 0.00563573 0.000950989 0.0152462
10 0.965977 0.010032 0.00261085 0.0064363 0.0149442
-4 0.00756436 0.00368059 0.00326004 0.00340962 0.982085
-4 0.0189023 0.00339437 0.006345 0.00269034 0.968668
10 0.974535 0.000867287 0.00568654 0.000986612 0.0179249
10 0.965977 0.010032 0.00261085 0.0064363 0.0149442
-4 0.0124097 0.00496973 0.00328083 0.00362705 0.975713
-4 0.0209352 0.002821 0.00491156 0.00208737 0.969245
-4 0.0248859 0.00298462 0.00654884 0.00264091 0.96294
10 0.979065 0.000798762 0.00533601 0.000769311 0.0140312
10 0.966294 0.00983807 0.00263805 0.00642028 0.0148098
>>>>>>> prevLabelParam
