labels 10 0 -2 -3 -4
10 0.923173 0.0291887 0.0134343 0.0214416 0.0127622
10 0.926011 0.0300459 0.0113163 0.0202976 0.0123296
0 0.0650488 0.847723 0.0478218 0.0179416 0.0214651
10 0.939042 0.0182317 0.00779777 0.0241661 0.0107625
10 0.92815 0.0299096 0.0104696 0.0203741 0.0110965
0 0.0768605 0.826233 0.04573 0.0258844 0.0252924
0 0.0770729 0.843066 0.032262 0.0253558 0.0222433
10 0.945031 0.0286659 0.0105531 0.0062861 0.00946354
0 0.0768605 0.826233 0.04573 0.0258844 0.0252924
0 0.0770729 0.843066 0.032262 0.0253558 0.0222433
10 0.945031 0.0286659 0.0105531 0.0062861 0.00946354
0 0.0327059 0.900613 0.0380356 0.0136449 0.0150007
10 0.966957 0.0147197 0.00506934 0.0054372 0.00781656
0 0.0771431 0.839393 0.0235983 0.0378349 0.0220304
0 0.0327059 0.900613 0.0380356 0.0136449 0.0150007
10 0.943798 0.0286484 0.011631 0.00534727 0.0105756
0 0.0780566 0.835956 0.0340901 0.0225076 0.0293901
0 0.0781454 0.833509 0.0332714 0.0220267 0.0330472
10 0.924291 0.0307339 0.0133503 0.0181873 0.0134376
0 0.076817 0.839825 0.0245817 0.0356285 0.0231475
10 0.941822 0.0216647 0.0127698 0.0105748 0.0131686
-2 0.0373005 0.075178 0.819645 0.0375991 0.0302769
0 0.0775475 0.83506 0.0286404 0.0355066 0.0232451
10 0.94969 0.0151936 0.0134333 0.00846891 0.0132139
-3 0.0437077 0.0737764 0.0276103 0.829776 0.0251295
10 0.926528 0.0222488 0.0123066 0.0217949 0.0171214
-2 0.0533906 0.0707959 0.809685 0.0358165 0.0303123
-3 0.041701 0.0772051 0.0291183 0.825229 0.0267469
10 0.913563 0.0315006 0.0135536 0.0230673 0.0183154
10 0.923951 0.0308115 0.00988319 0.0212901 0.0140642
10 0.925939 0.0306511 0.00820423 0.0220279 0.0131779
-2 0.0328553 0.0744726 0.829585 0.0345616 0.0285256
10 0.927644 0.0222014 0.0131266 0.0229355 0.0140925
-3 0.047344 0.0572544 0.0290118 0.837798 0.0285914
10 0.920283 0.0310252 0.0120146 0.021246 0.0154308
10 0.931587 0.0229265 0.00955369 0.0207936 0.0151388
-2 0.0239549 0.0725374 0.843745 0.0341101 0.025653
10 0.925846 0.030075 0.0120126 0.0196054 0.0124609
10 0.924461 0.0242559 0.0102378 0.0255536 0.0154918
-3 0.0457293 0.065348 0.0281484 0.833704 0.0270705
10 0.926528 0.0222488 0.0123066 0.0217949 0.0171214
10 0.930189 0.0300471 0.013067 0.0130372 0.0136595
0 0.0780417 0.831246 0.0275964 0.0363931 0.0267232
-2 0.0439919 0.0753202 0.808823 0.0381199 0.0337448
10 0.934183 0.0250104 0.00839746 0.0206821 0.0117267
10 0.914679 0.0313864 0.0106941 0.0270597 0.0161813
-3 0.0467568 0.0560483 0.0286335 0.839887 0.0286744
10 0.924568 0.0221513 0.0124961 0.0222155 0.018569
-4 0.0439988 0.0340656 0.0233726 0.0238132 0.87475
-4 0.0400412 0.0337434 0.0222231 0.027211 0.876781
10 0.919964 0.023639 0.01189 0.0187085 0.0257984
10 0.919486 0.0306003 0.0112393 0.0184799 0.020194
-4 0.049365 0.0337335 0.023581 0.0238376 0.869483
-4 0.0495387 0.0313451 0.0220262 0.0271058 0.869984
-4 0.0493107 0.0260208 0.0216475 0.0304445 0.872576
10 0.917443 0.0252299 0.0120175 0.0203974 0.0249119
10 0.921918 0.0251582 0.0114305 0.0205793 0.0209138
-4 0.0425834 0.0433087 0.0252767 0.0247143 0.864117
10 0.91667 0.0260123 0.0118173 0.0197013 0.0257989
10 0.917588 0.0306728 0.011372 0.0196412 0.0207261
-4 0.0425834 0.0433087 0.0252767 0.0247143 0.864117
10 0.91667 0.0260123 0.0118173 0.0197013 0.0257989
10 0.917588 0.0306728 0.011372 0.0196412 0.0207261
-4 0.0492285 0.0344926 0.0235466 0.0247838 0.867949
-4 0.0389873 0.0244401 0.0179734 0.0263671 0.892232
10 0.922681 0.0214766 0.0118141 0.0193928 0.0246353
10 0.917588 0.0306728 0.011372 0.0196412 0.0207261
-4 0.0493445 0.0340402 0.0235877 0.0238363 0.869191
-4 0.049537 0.0315079 0.0220535 0.0271228 0.869779
-4 0.0492688 0.0260832 0.0216287 0.0304419 0.872577
10 0.915842 0.0254026 0.0120968 0.0205138 0.0261446
10 0.919125 0.0273352 0.0115494 0.0207464 0.0212443
-4 0.0491147 0.0348203 0.0235322 0.0247843 0.867749
-4 0.0495858 0.0351141 0.0227428 0.0286775 0.86388
10 0.917641 0.0244083 0.0121777 0.0198496 0.0259235
10 0.917891 0.0308569 0.0114753 0.0197078 0.0200688
