labels 10 4 0 -3 -4
4 0.00575669 0.976383 0.0089469 0.00398002 0.00493386
0 0.0410301 0.0284356 0.715865 0.186425 0.0282447
10 0.961588 0.00907705 0.0188139 0.00617588 0.00434537
4 0.00347188 0.977049 0.0121594 0.00445083 0.00286901
0 0.0207944 0.0152591 0.874258 0.060554 0.0291343
10 0.964111 0.00782866 0.015354 0.00758737 0.00511868
0 0.00631071 0.0113151 0.971882 0.00781945 0.00267312
4 0.00401634 0.980564 0.00816651 0.003918 0.00333517
10 0.96564 0.00775077 0.0136335 0.006238 0.00673813
0 0.0108194 0.0140317 0.94151 0.025922 0.00771742
0 0.0251886 0.0194996 0.945702 0.00513383 0.00447622
4 0.00534751 0.978292 0.00831491 0.00387947 0.00416591
10 0.968798 0.00672807 0.0141854 0.00607828 0.00421058
0 0.00844135 0.0149755 0.962321 0.00829702 0.00596536
4 0.00386204 0.981015 0.00763456 0.00432512 0.00316346
0 0.0106845 0.0157478 0.954343 0.00860508 0.0106191
0 0.0157996 0.0103485 0.921111 0.0340225 0.0187183
10 0.960257 0.00869346 0.0150974 0.00721888 0.00873369
-3 0.00987462 0.00923721 0.00189002 0.971807 0.00719144
10 0.961859 0.00851481 0.0193301 0.00603814 0.00425757
4 0.00446598 0.973841 0.0137878 0.00453375 0.0033716
10 0.96505 0.00738969 0.0147799 0.00618535 0.00659473
0 0.0170948 0.0250311 0.914733 0.0263302 0.0168105
-3 0.0218207 0.0113045 0.00539697 0.951116 0.0103615
10 0.97625 0.00559353 0.0096285 0.00449003 0.00403785
4 0.00446598 0.973841 0.0137878 0.00453375 0.0033716
10 0.965916 0.00745253 0.0137212 0.00589244 0.00701812
-3 0.0114412 0.0098292 0.00498786 0.96291 0.0108317
10 0.968735 0.00742052 0.0126781 0.00610342 0.00506338
4 0.00355098 0.979525 0.0091168 0.00510535 0.00270168
0 0.00770846 0.0198809 0.954112 0.00909965 0.00919866
4 0.00634219 0.978369 0.00843506 0.00287517 0.0039788
4 0.00426282 0.977839 0.00925774 0.00466474 0.00397536
0 0.0173267 0.0106172 0.898746 0.0581311 0.0151786
10 0.968602 0.0068042 0.0149321 0.00581915 0.00384298
4 0.003406 0.981503 0.00950963 0.00333425 0.00224694
4 0.00322765 0.980823 0.0085227 0.00465703 0.00276917
0 0.0207944 0.0152591 0.874258 0.060554 0.0291343
10 0.964111 0.00782866 0.015354 0.00758737 0.00511868
0 0.00942913 0.015491 0.948408 0.0237186 0.0029532
4 0.0039673 0.983617 0.00707929 0.00304297 0.00229311
4 0.00477979 0.978312 0.00887628 0.00454808 0.00348374
10 0.96564 0.00775077 0.0136335 0.006238 0.00673813
0 0.0108194 0.0140317 0.94151 0.025922 0.00771742
0 0.0243794 0.0195434 0.941588 0.0107913 0.00369772
4 0.00514854 0.982426 0.00660221 0.00303388 0.00278941
4 0.00477979 0.978312 0.00887628 0.00454808 0.00348374
10 0.968798 0.00672807 0.0141854 0.00607828 0.00421058
0 0.00696464 0.00965948 0.971961 0.00809341 0.00332179
4 0.00412678 0.984063 0.00512668 0.00348837 0.0031955
4 0.00378975 0.980531 0.00748962 0.00541894 0.00277045
0 0.00964435 0.0204585 0.949892 0.00974874 0.0102568
10 0.971992 0.00639866 0.0134596 0.00496287 0.00318632
4 0.00494397 0.978104 0.00924206 0.00396307 0.00374719
4 0.00443433 0.978202 0.00744072 0.00613536 0.00378755
-3 0.0111562 0.0104626 0.00348315 0.963774 0.0111236
10 0.968693 0.00615746 0.0135978 0.00544512 0.00610623
10 0.968798 0.00672807 0.0141854 0.00607828 0.00421058
0 0.00696464 0.00965948 0.971961 0.00809341 0.00332179
4 0.0047923 0.979189 0.00905026 0.00421534 0.00275269
4 0.0039829 0.982676 0.0072676 0.00373305 0.00234076
4 0.0048972 0.978396 0.00857289 0.00466801 0.00346639
10 0.971992 0.00639866 0.0134596 0.00496287 0.00318632
4 0.00440374 0.975686 0.0125451 0.00456558 0.00279919
4 0.00338109 0.983375 0.00606797 0.0044859 0.00269011
4 0.00393293 0.980232 0.00720085 0.0058614 0.00277328
0 0.00964435 0.0204585 0.949892 0.00974874 0.0102568
10 0.96564 0.00775077 0.0136335 0.006238 0.00673813
0 0.00637574 0.00642914 0.974805 0.00750642 0.00488325
0 0.0295303 0.0176068 0.942371 0.00500469 0.00548718
4 0.00618364 0.978474 0.00791657 0.0041385 0.00328681
4 0.0039829 0.982676 0.0072676 0.00373305 0.00234076
4 0.0048972 0.978396 0.00857289 0.00466801 0.00346639
10 0.965916 0.00745253 0.0137212 0.00589244 0.00701812
-3 0.0125652 0.00996694 0.0159332 0.950008 0.0115262
10 0.976078 0.00543408 0.00972645 0.00500225 0.00375942
4 0.0042749 0.979615 0.00859775 0.00482529 0.00268673
4 0.00320949 0.983158 0.00788261 0.00379061 0.00195936
4 0.0048972 0.978396 0.00857289 0.00466801 0.00346639
10 0.971992 0.00639866 0.0134596 0.00496287 0.00318632
4 0.00429316 0.968342 0.0209368 0.00410705 0.00232093
4 0.00461429 0.978858 0.00853433 0.00428972 0.00370401
4 0.00543399 0.977124 0.00667911 0.00631767 0.00444564
-3 0.0111562 0.0104626 0.00348315 0.963774 0.0111236
10 0.968693 0.00615746 0.0135978 0.00544512 0.00610623
10 0.96505 0.00738969 0.0147799 0.00618535 0.00659473
0 0.0117514 0.0132408 0.954847 0.00887176 0.0112895
-3 0.0255047 0.012572 0.0146305 0.931572 0.0157206
10 0.981164 0.00456821 0.00660687 0.0045187 0.00314215
4 0.00431999 0.979598 0.00863593 0.00500667 0.00243966
4 0.00382718 0.98234 0.00798016 0.00380023 0.00205223
4 0.00504905 0.973114 0.0131378 0.00479282 0.00390614
10 0.968798 0.00672807 0.0141854 0.00607828 0.00421058
0 0.00506196 0.00560117 0.984475 0.00263927 0.00222223
4 0.0053563 0.97666 0.0105628 0.00409227 0.00332891
4 0.00526747 0.979549 0.00694686 0.00460424 0.00363254
4 0.00537966 0.977542 0.00648605 0.00663172 0.00396064
-3 0.0126922 0.0126919 0.00505946 0.958007 0.0115497
10 0.964806 0.00737562 0.0156656 0.00590636 0.00624609
-4 0.0103981 0.00740746 0.00937591 0.00723671 0.965582
-4 0.0136485 0.00695595 0.00924967 0.013822 0.956324
10 0.954527 0.00770388 0.0167052 0.00517849 0.0158851
0 0.00643267 0.0066724 0.966504 0.00548595 0.0149052
4 0.00665739 0.970446 0.00758564 0.00328123 0.0120302
-4 0.00991115 0.0076368 0.00943399 0.00791503 0.965103
-4 0.0124626 0.00547331 0.00679249 0.00584841 0.969423
-4 0.014279 0.00588724 0.010927 0.0133825 0.955524
10 0.954527 0.00770388 0.0167052 0.00517849 0.0158851
0 0.00643267 0.0066724 0.966504 0.00548595 0.0149052
4 0.00665739 0.970446 0.00758564 0.00328123 0.0120302
-4 0.00956113 0.00978021 0.0109722 0.01341 0.956277
10 0.950677 0.00991899 0.00866467 0.00537702 0.0253622
0 0.0116503 0.00909992 0.951827 0.00603933 0.0213836
4 0.00714951 0.966149 0.00864979 0.00332295 0.0147286
4 0.00575669 0.976383 0.0089469 0.00398002 0.00493386
10 0.955559 0.00989431 0.0112417 0.00478774 0.0185177
-3 0.0520333 0.0648476 0.0553469 0.675181 0.152591
10 0.946162 0.0115138 0.0317077 0.00432261 0.00629379
4 0.00272772 0.982782 0.00542094 0.00339086 0.005678
4 0.00575669 0.976383 0.0089469 0.00398002 0.00493386
10 0.973583 0.00504825 0.012333 0.00448122 0.00455469
4 0.00329772 0.955889 0.0342228 0.00287301 0.00371754
4 0.00291703 0.975729 0.012951 0.00318822 0.00521469
4 0.00575669 0.976383 0.0089469 0.00398002 0.00493386
10 0.965628 0.00637741 0.0181956 0.00484972 0.0049488
4 0.00337833 0.956062 0.0337207 0.00306969 0.00376935
4 0.00245888 0.983821 0.00672872 0.00283042 0.00416087
4 0.00575669 0.976383 0.0089469 0.00398002 0.00493386
0 0.123309 0.09021 0.644045 0.0158838 0.126553
4 0.00769394 0.968371 0.00463555 0.00304698 0.0162526
4 0.00575669 0.976383 0.0089469 0.00398002 0.00493386
4 0.0129137 0.962478 0.00777409 0.00408887 0.012745
0 0.0158051 0.0159157 0.935795 0.00533413 0.0271501
4 0.00409352 0.981883 0.00278267 0.00282289 0.00841801
4 0.00575669 0.976383 0.0089469 0.00398002 0.00493386
10 0.966984 0.00828643 0.00962147 0.00580565 0.00930249
0 0.00783422 0.0130672 0.957319 0.00679377 0.0149859
4 0.00269177 0.987366 0.00298989 0.00240845 0.0045434
4 0.00575669 0.976383 0.0089469 0.00398002 0.00493386
10 0.951824 0.0105047 0.0213838 0.00462818 0.011659
4 0.0061047 0.97138 0.00980227 0.00547922 0.00723349
0 0.00928524 0.0122556 0.954166 0.00454122 0.0197515
4 0.00409352 0.981883 0.00278267 0.00282289 0.00841801
4 0.00575669 0.976383 0.0089469 0.00398002 0.00493386
10 0.955559 0.00989431 0.0112417 0.00478774 0.0185177
-3 0.0532122 0.0690664 0.0758463 0.631796 0.170079
10 0.963491 0.00794714 0.0144083 0.00456578 0.00958806
4 0.0054731 0.969908 0.01373 0.00525828 0.0056304
0 0.00583908 0.011968 0.962363 0.00431039 0.015519
4 0.00412009 0.98325 0.00260945 0.00278925 0.00723098
4 0.00575669 0.976383 0.0089469 0.00398002 0.00493386
10 0.969585 0.00838169 0.00812815 0.00492573 0.00897972
0 0.0186072 0.0239017 0.917657 0.015041 0.0247932
4 0.00479441 0.949749 0.0386416 0.0024947 0.00432062
4 0.00375949 0.979491 0.00652678 0.0030775 0.00714518
4 0.00575669 0.976383 0.0089469 0.00398002 0.00493386
10 0.963329 0.0106716 0.011047 0.00535135 0.00960096
0 0.0201671 0.0215161 0.914136 0.0158911 0.02829
4 0.00424073 0.969655 0.0202586 0.00223836 0.00360705
4 0.00375949 0.979491 0.00652678 0.0030775 0.00714518
4 0.00575669 0.976383 0.0089469 0.00398002 0.00493386
10 0.955559 0.00989431 0.0112417 0.00478774 0.0185177
-3 0.0500023 0.0784893 0.0851846 0.476792 0.309532
10 0.971122 0.0077741 0.00819758 0.00522465 0.00768117
0 0.0114479 0.0150268 0.948627 0.0145899 0.0103082
4 0.00270268 0.974703 0.0183563 0.00206225 0.00217608
4 0.0037756 0.981064 0.00593154 0.00303563 0.00619303
4 0.00575669 0.976383 0.0089469 0.00398002 0.00493386
4 0.00575669 0.976383 0.0089469 0.00398002 0.00493386
4 0.00575669 0.976383 0.0089469 0.00398002 0.00493386
4 0.00575669 0.976383 0.0089469 0.00398002 0.00493386
4 0.00575669 0.976383 0.0089469 0.00398002 0.00493386
4 0.00575669 0.976383 0.0089469 0.00398002 0.00493386
-4 0.011096 0.00729801 0.0092423 0.00531781 0.967046
-4 0.01115 0.00677903 0.0098988 0.0179762 0.954196
10 0.972595 0.00513983 0.00948257 0.00458997 0.00819307
0 0.00342305 0.004047 0.97919 0.00510524 0.00823429
4 0.00272354 0.988161 0.00277098 0.00239623 0.00394854
4 0.00575669 0.976383 0.0089469 0.00398002 0.00493386
4 0.00575669 0.976383 0.0089469 0.00398002 0.00493386
4 0.00575669 0.976383 0.0089469 0.00398002 0.00493386
4 0.00575669 0.976383 0.0089469 0.00398002 0.00493386
-4 0.00896497 0.00677484 0.00779513 0.00632466 0.97014
-4 0.0109687 0.00460632 0.00552262 0.00423786 0.974664
-4 0.0115856 0.00531833 0.00954883 0.0132484 0.960299
10 0.967511 0.00588892 0.0114912 0.00464778 0.0104612
0 0.00442666 0.00488718 0.974978 0.00504286 0.0106653
4 0.00388925 0.983347 0.00390745 0.00264696 0.00620973
