labels 10 4 0 -3 -4
4 0.00637708 0.976603 0.0084592 0.00417524 0.0043852
0 0.0366375 0.0278039 0.797933 0.116413 0.0212133
10 0.943185 0.0110203 0.0314146 0.00846827 0.00591169
4 0.00345016 0.977028 0.00963749 0.00647576 0.00340877
0 0.0190472 0.0180535 0.914127 0.0239297 0.0248426
10 0.954298 0.00891773 0.0207364 0.0114545 0.00459307
0 0.00674821 0.0167155 0.953706 0.0143042 0.00852626
4 0.00443061 0.978732 0.00849676 0.00539037 0.00294995
10 0.954152 0.00876201 0.0209204 0.00884224 0.00732312
0 0.00727881 0.0186624 0.942441 0.0228756 0.00874256
0 0.0144297 0.0166147 0.958166 0.00551891 0.0052707
4 0.00631874 0.977308 0.00860929 0.00389884 0.00386485
10 0.954643 0.00877684 0.0213765 0.0100682 0.00513525
0 0.00677403 0.0170768 0.953022 0.014666 0.00846145
4 0.00403511 0.978775 0.00881201 0.00539171 0.00298568
0 0.00849908 0.0178727 0.951451 0.01765 0.00452745
0 0.0198866 0.0183268 0.913647 0.0238535 0.0242858
10 0.950557 0.00948707 0.022115 0.0104704 0.00737017
-3 0.0161586 0.0184958 0.0459719 0.903559 0.0158146
10 0.94235 0.0116102 0.0271068 0.010097 0.00883588
4 0.00396577 0.973132 0.0121311 0.00687307 0.00389771
10 0.952101 0.00882483 0.022467 0.00924184 0.00736554
0 0.00766963 0.0231225 0.938626 0.021459 0.00912274
-3 0.0213893 0.0204027 0.0416338 0.897945 0.0186288
10 0.971719 0.00786054 0.00877845 0.00407618 0.00756543
4 0.00396577 0.973132 0.0121311 0.00687307 0.00389771
10 0.951704 0.00896008 0.022564 0.00902693 0.007745
-3 0.0152923 0.0157912 0.040509 0.912957 0.0154508
10 0.948689 0.00998285 0.0228408 0.0100088 0.00847845
4 0.00360688 0.977069 0.00938519 0.00640504 0.00353349
0 0.00400812 0.0191558 0.949057 0.0234014 0.00437795
4 0.00586214 0.979387 0.00875517 0.00200947 0.00398644
4 0.00298025 0.981287 0.00718561 0.00582056 0.002727
0 0.0188703 0.0153033 0.923493 0.0279362 0.014397
10 0.955772 0.00806813 0.0228007 0.00952173 0.00383773
4 0.00331358 0.980693 0.00825539 0.00446254 0.00327599
4 0.00237758 0.981456 0.00766357 0.00626041 0.00224291
0 0.0190472 0.0180535 0.914127 0.0239297 0.0248426
10 0.954298 0.00891773 0.0207364 0.0114545 0.00459307
0 0.00736438 0.0184469 0.949844 0.0157191 0.00862569
4 0.00355242 0.982347 0.00934128 0.00239684 0.00236268
4 0.00324947 0.98047 0.00752095 0.00593726 0.00282181
10 0.954152 0.00876201 0.0209204 0.00884224 0.00732312
0 0.00727881 0.0186624 0.942441 0.0228756 0.00874256
0 0.0146965 0.0178221 0.947302 0.0177271 0.00245251
4 0.00518639 0.980563 0.00919545 0.00187135 0.00318358
4 0.00324947 0.98047 0.00752095 0.00593726 0.00282181
10 0.954643 0.00877684 0.0213765 0.0100682 0.00513525
0 0.00714021 0.0172074 0.95146 0.0156855 0.00850652
4 0.00362188 0.98193 0.00870295 0.00336716 0.00237765
4 0.00280668 0.9807 0.00782794 0.00618392 0.00248153
0 0.00906121 0.0185887 0.94571 0.0215743 0.00506584
10 0.956213 0.00801147 0.0228071 0.00870984 0.00425885
4 0.00349476 0.978602 0.00942173 0.00506003 0.00342194
4 0.00293604 0.977596 0.00942829 0.00734349 0.00269576
-3 0.0156557 0.0163081 0.0399891 0.911551 0.0164961
10 0.964919 0.00863293 0.0113601 0.00572591 0.00936206
10 0.954643 0.00877684 0.0213765 0.0100682 0.00513525
0 0.00714021 0.0172074 0.95146 0.0156855 0.00850652
4 0.00396965 0.97921 0.00936793 0.00523559 0.00221726
4 0.00260467 0.98328 0.00810361 0.00358652 0.00242482
4 0.00352204 0.978513 0.00862192 0.00632283 0.00302018
10 0.956213 0.00801147 0.0228071 0.00870984 0.00425885
4 0.0033644 0.977574 0.00946574 0.00627516 0.00332057
4 0.00210508 0.98266 0.00866657 0.0045012 0.00206675
4 0.00305282 0.978722 0.00890746 0.00665417 0.00266387
0 0.00906121 0.0185887 0.94571 0.0215743 0.00506584
10 0.954152 0.00876201 0.0209204 0.00884224 0.00732312
0 0.00703748 0.0172521 0.944251 0.0227458 0.00871402
0 0.0171084 0.0180772 0.943987 0.0182291 0.00259843
4 0.00541717 0.978092 0.0094844 0.00399524 0.00301144
4 0.00260467 0.98328 0.00810361 0.00358652 0.00242482
4 0.00352204 0.978513 0.00862192 0.00632283 0.00302018
10 0.951704 0.00896008 0.022564 0.00902693 0.007745
-3 0.0153145 0.0157543 0.0404531 0.912906 0.0155719
10 0.955799 0.00816131 0.0200392 0.0106647 0.00533589
4 0.003525 0.977516 0.00932657 0.00618622 0.00344641
4 0.0021252 0.983115 0.00889364 0.00374754 0.00211887
4 0.00352204 0.978513 0.00862192 0.00632283 0.00302018
10 0.956213 0.00801147 0.0228071 0.00870984 0.00425885
4 0.00343873 0.977424 0.00945545 0.00627397 0.00340786
4 0.00273362 0.981509 0.0086473 0.00470548 0.00240427
4 0.00404706 0.975498 0.00984059 0.00728952 0.00332503
-3 0.0156557 0.0163081 0.0399891 0.911551 0.0164961
10 0.964919 0.00863293 0.0113601 0.00572591 0.00936206
10 0.952101 0.00882483 0.022467 0.00924184 0.00736554
0 0.00739466 0.0177668 0.944977 0.0207707 0.00909093
-3 0.019782 0.0173617 0.0384343 0.905207 0.0192154
10 0.979149 0.00623238 0.00659997 0.00383569 0.0041834
4 0.00363317 0.977156 0.0093707 0.00630308 0.00353722
4 0.0023636 0.982116 0.00927307 0.00392709 0.00232074
4 0.00389733 0.976792 0.00947101 0.00650552 0.00333373
10 0.954643 0.00877684 0.0213765 0.0100682 0.00513525
0 0.00691802 0.0165464 0.952527 0.0155349 0.00847356
4 0.00439318 0.978039 0.00939664 0.00571339 0.00245756
4 0.00316858 0.98068 0.00885326 0.00468931 0.00260893
4 0.0040868 0.975377 0.00982534 0.00748509 0.00322551
-3 0.015716 0.0165627 0.0400341 0.911196 0.0164909
10 0.960304 0.0100928 0.0134999 0.00650446 0.00959904
-4 0.0291987 0.0410058 0.0621419 0.0155182 0.852135
-4 0.0427398 0.0234134 0.0484496 0.0199818 0.865415
10 0.936992 0.0127686 0.0223623 0.00934927 0.0185277
0 0.00806798 0.018152 0.944005 0.0201603 0.0096147
4 0.00820639 0.968826 0.0105369 0.00424374 0.00818718
-4 0.0280259 0.0411953 0.0625617 0.015762 0.852455
-4 0.0396504 0.0245962 0.0307584 0.018312 0.886683
-4 0.0428209 0.0234608 0.0485712 0.0202946 0.864852
10 0.936992 0.0127686 0.0223623 0.00934927 0.0185277
0 0.00806798 0.018152 0.944005 0.0201603 0.0096147
4 0.00820639 0.968826 0.0105369 0.00424374 0.00818718
-4 0.0243191 0.0392599 0.0654432 0.0152397 0.855738
10 0.937391 0.0122382 0.0224651 0.00927407 0.0186312
0 0.00808017 0.0183492 0.942297 0.0216319 0.00964154
4 0.00821855 0.968831 0.0104796 0.00415151 0.00831956
4 0.00637708 0.976603 0.0084592 0.00417524 0.0043852
10 0.952972 0.0123312 0.0137853 0.00736745 0.0135443
-3 0.0152227 0.0160789 0.0334097 0.919856 0.0154324
10 0.962521 0.00867875 0.0084505 0.00626969 0.0140802
4 0.00361 0.977757 0.00778039 0.00732301 0.00352958
4 0.00637708 0.976603 0.0084592 0.00417524 0.0043852
10 0.926297 0.00767443 0.0539483 0.00777467 0.00430579
4 0.00358233 0.974093 0.0132055 0.0055472 0.00357216
4 0.00255623 0.971807 0.016594 0.00633563 0.00270671
4 0.00637708 0.976603 0.0084592 0.00417524 0.0043852
10 0.823103 0.00783124 0.157206 0.00704388 0.00481561
4 0.00341616 0.974977 0.0126238 0.00556239 0.0034205
4 0.00225109 0.979931 0.00975588 0.00572899 0.00233337
4 0.00637708 0.976603 0.0084592 0.00417524 0.0043852
0 0.129636 0.115588 0.65349 0.00895814 0.0923276
4 0.00747854 0.976779 0.00574225 0.00241741 0.00758312
4 0.00637708 0.976603 0.0084592 0.00417524 0.0043852
4 0.00745845 0.951294 0.0310085 0.00469154 0.00554721
0 0.00911044 0.0249112 0.942124 0.0117954 0.0120588
4 0.00653154 0.98072 0.00517177 0.00246434 0.00511221
4 0.00637708 0.976603 0.0084592 0.00417524 0.0043852
10 0.905915 0.0096523 0.0693021 0.00776264 0.007368
0 0.00563512 0.0154025 0.945972 0.0249032 0.00808691
4 0.00406433 0.985779 0.00454581 0.00252821 0.00308309
4 0.00637708 0.976603 0.0084592 0.00417524 0.0043852
10 0.949599 0.0103731 0.0232701 0.00671533 0.0100429
4 0.00349918 0.974936 0.0100444 0.00810527 0.00341555
0 0.00563238 0.0228465 0.94812 0.0124899 0.0109113
4 0.00653154 0.98072 0.00517177 0.00246434 0.00511221
4 0.00637708 0.976603 0.0084592 0.00417524 0.0043852
10 0.952972 0.0123312 0.0137853 0.00736745 0.0135443
-3 0.0152721 0.016009 0.0406039 0.912537 0.015578
10 0.960971 0.00628327 0.0134576 0.0065423 0.012746
4 0.00361036 0.975692 0.00988975 0.00727176 0.00353591
0 0.00583941 0.0279433 0.942366 0.0129485 0.0109028
4 0.00680694 0.980065 0.00538957 0.00254903 0.00518955
4 0.00637708 0.976603 0.0084592 0.00417524 0.0043852
10 0.96165 0.0115185 0.0115139 0.00766007 0.00765789
0 0.00736225 0.0314696 0.904505 0.0474942 0.00916867
4 0.00498784 0.973788 0.0151395 0.00204541 0.00403961
4 0.00275283 0.980725 0.00817275 0.00537787 0.00297131
4 0.00637708 0.976603 0.0084592 0.00417524 0.0043852
10 0.942609 0.0126319 0.0287985 0.00707484 0.00888528
0 0.00742485 0.0290164 0.896294 0.0578518 0.00941305
4 0.00438086 0.980103 0.0103015 0.00178164 0.0034327
4 0.00275283 0.980725 0.00817275 0.00537787 0.00297131
4 0.00637708 0.976603 0.0084592 0.00417524 0.0043852
10 0.952972 0.0123312 0.0137853 0.00736745 0.0135443
-3 0.0153216 0.0167082 0.0506308 0.901618 0.0157213
10 0.966792 0.0057878 0.0131739 0.0070382 0.00720782
0 0.00658385 0.0235438 0.927338 0.0340666 0.00846765
4 0.00382437 0.982885 0.00919407 0.00167928 0.00241729
4 0.00290915 0.980446 0.00801025 0.00552607 0.00310883
4 0.00637708 0.976603 0.0084592 0.00417524 0.0043852
4 0.00637708 0.976603 0.0084592 0.00417524 0.0043852
4 0.00637708 0.976603 0.0084592 0.00417524 0.0043852
4 0.00637708 0.976603 0.0084592 0.00417524 0.0043852
4 0.00637708 0.976603 0.0084592 0.00417524 0.0043852
4 0.00637708 0.976603 0.0084592 0.00417524 0.0043852
-4 0.0188251 0.0187655 0.0214574 0.00625591 0.934696
-4 0.0249055 0.0114065 0.0186675 0.00958069 0.93544
10 0.97181 0.00491488 0.0084213 0.00443652 0.0104169
0 0.00550345 0.0135699 0.954241 0.018665 0.00802077
4 0.00426435 0.98526 0.00469869 0.00261407 0.00316292
4 0.00637708 0.976603 0.0084592 0.00417524 0.0043852
4 0.00637708 0.976603 0.0084592 0.00417524 0.0043852
4 0.00637708 0.976603 0.0084592 0.00417524 0.0043852
4 0.00637708 0.976603 0.0084592 0.00417524 0.0043852
-4 0.0216031 0.027703 0.0344756 0.00893821 0.90728
-4 0.0293187 0.0166588 0.0171027 0.0108281 0.926092
-4 0.0307295 0.0152358 0.0275007 0.0128373 0.913697
10 0.961617 0.00711744 0.0125925 0.00602873 0.0126444
0 0.00638596 0.0150602 0.9506 0.0193887 0.00856513
4 0.00558913 0.980333 0.00647538 0.00308471 0.00451778
