<<<<<<< HEAD
labels 10 4 0 -3 -4
4 0.00575669 0.976383 0.0089469 0.00398002 0.00493386
0 0.0410301 0.0284356 0.715865 0.186425 0.0282447
10 0.961588 0.00907705 0.0188139 0.00617588 0.00434537
4 0.00347188 0.977049 0.0121594 0.00445083 0.00286901
0 0.0207944 0.0152591 0.874258 0.060554 0.0291343
10 0.964111 0.00782866 0.015354 0.00758737 0.00511868
0 0.00631071 0.0113151 0.971882 0.00781945 0.00267312
4 0.00401634 0.980564 0.00816651 0.003918 0.00333517
10 0.96564 0.00775077 0.0136335 0.006238 0.00673813
0 0.0108194 0.0140317 0.94151 0.025922 0.00771742
0 0.0251886 0.0194996 0.945702 0.00513383 0.00447622
4 0.00534751 0.978292 0.00831491 0.00387947 0.00416591
10 0.968798 0.00672807 0.0141854 0.00607828 0.00421058
0 0.00844135 0.0149755 0.962321 0.00829702 0.00596536
4 0.00386204 0.981015 0.00763456 0.00432512 0.00316346
0 0.0106845 0.0157478 0.954343 0.00860508 0.0106191
0 0.0157996 0.0103485 0.921111 0.0340225 0.0187183
10 0.960257 0.00869346 0.0150974 0.00721888 0.00873369
-3 0.00987462 0.00923721 0.00189002 0.971807 0.00719144
10 0.961859 0.00851481 0.0193301 0.00603814 0.00425757
4 0.00446598 0.973841 0.0137878 0.00453375 0.0033716
10 0.96505 0.00738969 0.0147799 0.00618535 0.00659473
0 0.0170948 0.0250311 0.914733 0.0263302 0.0168105
-3 0.0218207 0.0113045 0.00539697 0.951116 0.0103615
10 0.97625 0.00559353 0.0096285 0.00449003 0.00403785
4 0.00446598 0.973841 0.0137878 0.00453375 0.0033716
10 0.965916 0.00745253 0.0137212 0.00589244 0.00701812
-3 0.0114412 0.0098292 0.00498786 0.96291 0.0108317
10 0.968735 0.00742052 0.0126781 0.00610342 0.00506338
4 0.00355098 0.979525 0.0091168 0.00510535 0.00270168
0 0.00770846 0.0198809 0.954112 0.00909965 0.00919866
4 0.00634219 0.978369 0.00843506 0.00287517 0.0039788
4 0.00426282 0.977839 0.00925774 0.00466474 0.00397536
0 0.0173267 0.0106172 0.898746 0.0581311 0.0151786
10 0.968602 0.0068042 0.0149321 0.00581915 0.00384298
4 0.003406 0.981503 0.00950963 0.00333425 0.00224694
4 0.00322765 0.980823 0.0085227 0.00465703 0.00276917
0 0.0207944 0.0152591 0.874258 0.060554 0.0291343
10 0.964111 0.00782866 0.015354 0.00758737 0.00511868
0 0.00942913 0.015491 0.948408 0.0237186 0.0029532
4 0.0039673 0.983617 0.00707929 0.00304297 0.00229311
4 0.00477979 0.978312 0.00887628 0.00454808 0.00348374
10 0.96564 0.00775077 0.0136335 0.006238 0.00673813
0 0.0108194 0.0140317 0.94151 0.025922 0.00771742
0 0.0243794 0.0195434 0.941588 0.0107913 0.00369772
4 0.00514854 0.982426 0.00660221 0.00303388 0.00278941
4 0.00477979 0.978312 0.00887628 0.00454808 0.00348374
10 0.968798 0.00672807 0.0141854 0.00607828 0.00421058
0 0.00696464 0.00965948 0.971961 0.00809341 0.00332179
4 0.00412678 0.984063 0.00512668 0.00348837 0.0031955
4 0.00378975 0.980531 0.00748962 0.00541894 0.00277045
0 0.00964435 0.0204585 0.949892 0.00974874 0.0102568
10 0.971992 0.00639866 0.0134596 0.00496287 0.00318632
4 0.00494397 0.978104 0.00924206 0.00396307 0.00374719
4 0.00443433 0.978202 0.00744072 0.00613536 0.00378755
-3 0.0111562 0.0104626 0.00348315 0.963774 0.0111236
10 0.968693 0.00615746 0.0135978 0.00544512 0.00610623
10 0.968798 0.00672807 0.0141854 0.00607828 0.00421058
0 0.00696464 0.00965948 0.971961 0.00809341 0.00332179
4 0.0047923 0.979189 0.00905026 0.00421534 0.00275269
4 0.0039829 0.982676 0.0072676 0.00373305 0.00234076
4 0.0048972 0.978396 0.00857289 0.00466801 0.00346639
10 0.971992 0.00639866 0.0134596 0.00496287 0.00318632
4 0.00440374 0.975686 0.0125451 0.00456558 0.00279919
4 0.00338109 0.983375 0.00606797 0.0044859 0.00269011
4 0.00393293 0.980232 0.00720085 0.0058614 0.00277328
0 0.00964435 0.0204585 0.949892 0.00974874 0.0102568
10 0.96564 0.00775077 0.0136335 0.006238 0.00673813
0 0.00637574 0.00642914 0.974805 0.00750642 0.00488325
0 0.0295303 0.0176068 0.942371 0.00500469 0.00548718
4 0.00618364 0.978474 0.00791657 0.0041385 0.00328681
4 0.0039829 0.982676 0.0072676 0.00373305 0.00234076
4 0.0048972 0.978396 0.00857289 0.00466801 0.00346639
10 0.965916 0.00745253 0.0137212 0.00589244 0.00701812
-3 0.0125652 0.00996694 0.0159332 0.950008 0.0115262
10 0.976078 0.00543408 0.00972645 0.00500225 0.00375942
4 0.0042749 0.979615 0.00859775 0.00482529 0.00268673
4 0.00320949 0.983158 0.00788261 0.00379061 0.00195936
4 0.0048972 0.978396 0.00857289 0.00466801 0.00346639
10 0.971992 0.00639866 0.0134596 0.00496287 0.00318632
4 0.00429316 0.968342 0.0209368 0.00410705 0.00232093
4 0.00461429 0.978858 0.00853433 0.00428972 0.00370401
4 0.00543399 0.977124 0.00667911 0.00631767 0.00444564
-3 0.0111562 0.0104626 0.00348315 0.963774 0.0111236
10 0.968693 0.00615746 0.0135978 0.00544512 0.00610623
10 0.96505 0.00738969 0.0147799 0.00618535 0.00659473
0 0.0117514 0.0132408 0.954847 0.00887176 0.0112895
-3 0.0255047 0.012572 0.0146305 0.931572 0.0157206
10 0.981164 0.00456821 0.00660687 0.0045187 0.00314215
4 0.00431999 0.979598 0.00863593 0.00500667 0.00243966
4 0.00382718 0.98234 0.00798016 0.00380023 0.00205223
4 0.00504905 0.973114 0.0131378 0.00479282 0.00390614
10 0.968798 0.00672807 0.0141854 0.00607828 0.00421058
0 0.00506196 0.00560117 0.984475 0.00263927 0.00222223
4 0.0053563 0.97666 0.0105628 0.00409227 0.00332891
4 0.00526747 0.979549 0.00694686 0.00460424 0.00363254
4 0.00537966 0.977542 0.00648605 0.00663172 0.00396064
-3 0.0126922 0.0126919 0.00505946 0.958007 0.0115497
10 0.964806 0.00737562 0.0156656 0.00590636 0.00624609
-4 0.0103981 0.00740746 0.00937591 0.00723671 0.965582
-4 0.0136485 0.00695595 0.00924967 0.013822 0.956324
10 0.954527 0.00770388 0.0167052 0.00517849 0.0158851
0 0.00643267 0.0066724 0.966504 0.00548595 0.0149052
4 0.00665739 0.970446 0.00758564 0.00328123 0.0120302
-4 0.00991115 0.0076368 0.00943399 0.00791503 0.965103
-4 0.0124626 0.00547331 0.00679249 0.00584841 0.969423
-4 0.014279 0.00588724 0.010927 0.0133825 0.955524
10 0.954527 0.00770388 0.0167052 0.00517849 0.0158851
0 0.00643267 0.0066724 0.966504 0.00548595 0.0149052
4 0.00665739 0.970446 0.00758564 0.00328123 0.0120302
-4 0.00956113 0.00978021 0.0109722 0.01341 0.956277
10 0.950677 0.00991899 0.00866467 0.00537702 0.0253622
0 0.0116503 0.00909992 0.951827 0.00603933 0.0213836
4 0.00714951 0.966149 0.00864979 0.00332295 0.0147286
4 0.00575669 0.976383 0.0089469 0.00398002 0.00493386
10 0.955559 0.00989431 0.0112417 0.00478774 0.0185177
-3 0.0520333 0.0648476 0.0553469 0.675181 0.152591
10 0.946162 0.0115138 0.0317077 0.00432261 0.00629379
4 0.00272772 0.982782 0.00542094 0.00339086 0.005678
4 0.00575669 0.976383 0.0089469 0.00398002 0.00493386
10 0.973583 0.00504825 0.012333 0.00448122 0.00455469
4 0.00329772 0.955889 0.0342228 0.00287301 0.00371754
4 0.00291703 0.975729 0.012951 0.00318822 0.00521469
4 0.00575669 0.976383 0.0089469 0.00398002 0.00493386
10 0.965628 0.00637741 0.0181956 0.00484972 0.0049488
4 0.00337833 0.956062 0.0337207 0.00306969 0.00376935
4 0.00245888 0.983821 0.00672872 0.00283042 0.00416087
4 0.00575669 0.976383 0.0089469 0.00398002 0.00493386
0 0.123309 0.09021 0.644045 0.0158838 0.126553
4 0.00769394 0.968371 0.00463555 0.00304698 0.0162526
4 0.00575669 0.976383 0.0089469 0.00398002 0.00493386
4 0.0129137 0.962478 0.00777409 0.00408887 0.012745
0 0.0158051 0.0159157 0.935795 0.00533413 0.0271501
4 0.00409352 0.981883 0.00278267 0.00282289 0.00841801
4 0.00575669 0.976383 0.0089469 0.00398002 0.00493386
10 0.966984 0.00828643 0.00962147 0.00580565 0.00930249
0 0.00783422 0.0130672 0.957319 0.00679377 0.0149859
4 0.00269177 0.987366 0.00298989 0.00240845 0.0045434
4 0.00575669 0.976383 0.0089469 0.00398002 0.00493386
10 0.951824 0.0105047 0.0213838 0.00462818 0.011659
4 0.0061047 0.97138 0.00980227 0.00547922 0.00723349
0 0.00928524 0.0122556 0.954166 0.00454122 0.0197515
4 0.00409352 0.981883 0.00278267 0.00282289 0.00841801
4 0.00575669 0.976383 0.0089469 0.00398002 0.00493386
10 0.955559 0.00989431 0.0112417 0.00478774 0.0185177
-3 0.0532122 0.0690664 0.0758463 0.631796 0.170079
10 0.963491 0.00794714 0.0144083 0.00456578 0.00958806
4 0.0054731 0.969908 0.01373 0.00525828 0.0056304
0 0.00583908 0.011968 0.962363 0.00431039 0.015519
4 0.00412009 0.98325 0.00260945 0.00278925 0.00723098
4 0.00575669 0.976383 0.0089469 0.00398002 0.00493386
10 0.969585 0.00838169 0.00812815 0.00492573 0.00897972
0 0.0186072 0.0239017 0.917657 0.015041 0.0247932
4 0.00479441 0.949749 0.0386416 0.0024947 0.00432062
4 0.00375949 0.979491 0.00652678 0.0030775 0.00714518
4 0.00575669 0.976383 0.0089469 0.00398002 0.00493386
10 0.963329 0.0106716 0.011047 0.00535135 0.00960096
0 0.0201671 0.0215161 0.914136 0.0158911 0.02829
4 0.00424073 0.969655 0.0202586 0.00223836 0.00360705
4 0.00375949 0.979491 0.00652678 0.0030775 0.00714518
4 0.00575669 0.976383 0.0089469 0.00398002 0.00493386
10 0.955559 0.00989431 0.0112417 0.00478774 0.0185177
-3 0.0500023 0.0784893 0.0851846 0.476792 0.309532
10 0.971122 0.0077741 0.00819758 0.00522465 0.00768117
0 0.0114479 0.0150268 0.948627 0.0145899 0.0103082
4 0.00270268 0.974703 0.0183563 0.00206225 0.00217608
4 0.0037756 0.981064 0.00593154 0.00303563 0.00619303
4 0.00575669 0.976383 0.0089469 0.00398002 0.00493386
4 0.00575669 0.976383 0.0089469 0.00398002 0.00493386
4 0.00575669 0.976383 0.0089469 0.00398002 0.00493386
4 0.00575669 0.976383 0.0089469 0.00398002 0.00493386
4 0.00575669 0.976383 0.0089469 0.00398002 0.00493386
4 0.00575669 0.976383 0.0089469 0.00398002 0.00493386
-4 0.011096 0.00729801 0.0092423 0.00531781 0.967046
-4 0.01115 0.00677903 0.0098988 0.0179762 0.954196
10 0.972595 0.00513983 0.00948257 0.00458997 0.00819307
0 0.00342305 0.004047 0.97919 0.00510524 0.00823429
4 0.00272354 0.988161 0.00277098 0.00239623 0.00394854
4 0.00575669 0.976383 0.0089469 0.00398002 0.00493386
4 0.00575669 0.976383 0.0089469 0.00398002 0.00493386
4 0.00575669 0.976383 0.0089469 0.00398002 0.00493386
4 0.00575669 0.976383 0.0089469 0.00398002 0.00493386
-4 0.00896497 0.00677484 0.00779513 0.00632466 0.97014
-4 0.0109687 0.00460632 0.00552262 0.00423786 0.974664
-4 0.0115856 0.00531833 0.00954883 0.0132484 0.960299
10 0.967511 0.00588892 0.0114912 0.00464778 0.0104612
0 0.00442666 0.00488718 0.974978 0.00504286 0.0106653
4 0.00388925 0.983347 0.00390745 0.00264696 0.00620973
=======
labels 4 10 0 -3 -4
4 0.987553 0.00302584 0.00417181 0.00199568 0.00325334
10 0.00532214 0.964304 0.0211896 0.00538187 0.00380272
4 0.986006 0.00157928 0.00633091 0.00357574 0.00250759
0 0.00542223 0.00569698 0.96507 0.0135215 0.0102888
10 0.00880616 0.934389 0.0460467 0.00692207 0.00383597
4 0.985695 0.00161067 0.00676656 0.00336646 0.0025613
10 0.00555011 0.962008 0.0212611 0.00756657 0.0036143
0 0.00319568 0.00104884 0.979689 0.00856111 0.00750506
4 0.989978 0.00202129 0.00395788 0.00223365 0.00180933
10 0.00596347 0.962922 0.0213078 0.00595555 0.00385169
4 0.988476 0.00157985 0.00395725 0.00348337 0.00250326
0 0.00728118 0.000660774 0.970216 0.0198912 0.00195106
0 0.00547228 0.00553464 0.965336 0.00959597 0.0140609
10 0.00555011 0.962008 0.0212611 0.00756657 0.0036143
0 0.00319568 0.00104884 0.979689 0.00856111 0.00750506
4 0.989978 0.00202129 0.00395788 0.00223365 0.00180933
10 0.00557962 0.961341 0.0213037 0.00629548 0.00548044
0 0.00808214 0.00151619 0.946098 0.035948 0.00835566
0 0.0417674 0.0122313 0.930455 0.00664232 0.00890443
4 0.988262 0.00302679 0.00414938 0.00203056 0.00253119
10 0.00557962 0.961341 0.0213037 0.00629548 0.00548044
0 0.00808214 0.00151619 0.946098 0.035948 0.00835566
0 0.0417674 0.0122313 0.930455 0.00664232 0.00890443
4 0.988262 0.00302679 0.00414938 0.00203056 0.00253119
10 0.00520474 0.9629 0.0211846 0.00695691 0.00375344
0 0.00238979 0.00103218 0.981891 0.00708853 0.00759806
4 0.990419 0.00150477 0.00392606 0.0022941 0.0018562
0 0.00593027 0.000785774 0.975482 0.0159512 0.001851
10 0.00553466 0.961601 0.0213764 0.0065197 0.00496823
-3 0.00382301 0.00265171 0.00607876 0.980125 0.00732149
10 0.00756346 0.954656 0.0197333 0.00583943 0.0122075
4 0.988854 0.00164588 0.0039655 0.00292204 0.00261222
10 0.00515195 0.963738 0.021172 0.00604551 0.00389216
4 0.985162 0.00178014 0.00696982 0.00328258 0.00280581
-3 0.0039054 0.00224986 0.00517355 0.98286 0.00581134
10 0.00497387 0.971916 0.00691454 0.00425242 0.0119431
0 0.004765 0.00551699 0.967907 0.00938659 0.0124242
10 0.00616882 0.960161 0.021479 0.0071557 0.00503513
-3 0.00436106 0.00265723 0.00595069 0.979685 0.00734649
10 0.00836395 0.953853 0.0201711 0.00671468 0.0108977
4 0.986012 0.00177528 0.0062296 0.00317844 0.00280474
10 0.00542412 0.960695 0.0213499 0.00701776 0.00551276
0 0.00374863 0.00116577 0.97611 0.010815 0.00816029
0 0.0483822 0.0711276 0.443577 0.412462 0.0244511
10 0.00513284 0.975075 0.00743832 0.00373586 0.0086184
4 0.986012 0.00177528 0.0062296 0.00317844 0.00280474
10 0.00553466 0.961601 0.0213764 0.0065197 0.00496823
-3 0.00382301 0.00265171 0.00607876 0.980125 0.00732149
10 0.00881765 0.952617 0.0196802 0.00649144 0.0123935
4 0.990365 0.00164957 0.00249568 0.00287552 0.00261421
0 0.00681576 0.000485768 0.979726 0.0110542 0.00191876
0 0.00430237 0.00473193 0.970521 0.0100537 0.0103907
10 0.0056611 0.962465 0.0212509 0.00667111 0.00395199
4 0.988092 0.00177631 0.00409824 0.00324229 0.00279087
-3 0.00390214 0.00206055 0.00554172 0.98301 0.00548577
10 0.00577975 0.968621 0.00843027 0.00500167 0.012167
10 0.00520474 0.9629 0.0211846 0.00695691 0.00375344
0 0.00394149 0.00112759 0.979196 0.00766127 0.00807378
4 0.98835 0.00280771 0.00349782 0.00244219 0.00290198
-3 0.00384787 0.00273403 0.00620239 0.980267 0.00694871
10 0.00577975 0.968621 0.00843027 0.00500167 0.012167
10 0.00515195 0.963738 0.021172 0.00604551 0.00389216
4 0.985162 0.00178014 0.00696982 0.00328258 0.00280581
-3 0.00372641 0.00203828 0.00496489 0.984718 0.00455217
10 0.00635254 0.968726 0.00950157 0.00487632 0.0105434
0 0.00404311 0.00113945 0.976102 0.0107282 0.00798751
4 0.989523 0.00335482 0.00352239 0.00125464 0.00234543
4 0.99087 0.0010367 0.00386256 0.00301935 0.00121151
10 0.00547562 0.964082 0.021298 0.00649963 0.00264519
4 0.989746 0.00161682 0.00426158 0.0018274 0.00254835
4 0.991268 0.000865033 0.00379185 0.00312525 0.000949523
0 0.00430237 0.00473193 0.970521 0.0100537 0.0103907
10 0.00547562 0.964082 0.021298 0.00649963 0.00264519
4 0.989746 0.00161682 0.00426158 0.0018274 0.00254835
4 0.991268 0.000865033 0.00379185 0.00312525 0.000949523
10 0.00520474 0.9629 0.0211846 0.00695691 0.00375344
0 0.00237808 0.00113368 0.97773 0.010699 0.00805935
4 0.992278 0.00163111 0.00331666 0.00141056 0.00136339
4 0.991134 0.00102296 0.00384548 0.00290964 0.00108756
10 0.00503359 0.96519 0.0210896 0.00597345 0.00271302
4 0.988183 0.00161018 0.00578561 0.00188325 0.00253836
4 0.990183 0.000720772 0.00356457 0.00455208 0.000979493
0 0.00735216 0.000914431 0.969535 0.020064 0.00213432
0 0.00547228 0.00553464 0.965336 0.00959597 0.0140609
10 0.00555011 0.962008 0.0212611 0.00756657 0.0036143
0 0.00320051 0.00117754 0.975099 0.0123659 0.00815756
4 0.992372 0.00169547 0.00334146 0.00148096 0.00111041
4 0.990761 0.00113759 0.00389621 0.0030202 0.00118481
10 0.00557962 0.961341 0.0213037 0.00629548 0.00548044
0 0.00808214 0.00151619 0.946098 0.035948 0.00835566
0 0.0413199 0.0124017 0.930919 0.00831399 0.00704559
4 0.991379 0.0024217 0.00331271 0.00137171 0.00151532
4 0.990761 0.00113759 0.00389621 0.0030202 0.00118481
10 0.00557962 0.961341 0.0213037 0.00629548 0.00548044
0 0.00808214 0.00151619 0.946098 0.035948 0.00835566
0 0.0413199 0.0124017 0.930919 0.00831399 0.00704559
4 0.991379 0.0024217 0.00331271 0.00137171 0.00151532
4 0.990761 0.00113759 0.00389621 0.0030202 0.00118481
10 0.00520474 0.9629 0.0211846 0.00695691 0.00375344
0 0.00237808 0.00113368 0.97773 0.010699 0.00805935
4 0.993104 0.00173181 0.00207351 0.00173963 0.00135102
4 0.990539 0.000844315 0.00359242 0.00401561 0.00100848
0 0.00691346 0.000719995 0.979183 0.0111056 0.00207825
10 0.00553466 0.961601 0.0213764 0.0065197 0.00496823
-3 0.00382301 0.00265171 0.00607876 0.980125 0.00732149
10 0.00789804 0.957198 0.0197384 0.00718256 0.00798295
4 0.991392 0.00168727 0.00264753 0.00161043 0.00266324
4 0.990912 0.000966135 0.00385904 0.00322403 0.00103836
10 0.00503359 0.96519 0.0210896 0.00597345 0.00271302
4 0.989415 0.00176301 0.00395807 0.00210119 0.00276232
4 0.989769 0.00115087 0.00363775 0.00407381 0.00136816
-3 0.00385634 0.00260378 0.0051802 0.98143 0.00692986
10 0.00577975 0.968621 0.00843027 0.00500167 0.012167
0 0.004765 0.00551699 0.967907 0.00938659 0.0124242
10 0.00553466 0.961601 0.0213764 0.0065197 0.00496823
-3 0.00382301 0.00265171 0.00607876 0.980125 0.00732149
10 0.00789804 0.957198 0.0197384 0.00718256 0.00798295
4 0.991392 0.00168727 0.00264753 0.00161043 0.00266324
4 0.990912 0.000966135 0.00385904 0.00322403 0.00103836
10 0.00542412 0.960695 0.0213499 0.00701776 0.00551276
0 0.0032615 0.00114945 0.97681 0.0107619 0.00801698
0 0.02578 0.041991 0.69202 0.222301 0.0179083
10 0.00455659 0.979727 0.00642875 0.00376782 0.00551954
4 0.991392 0.00168727 0.00264753 0.00161043 0.00266324
4 0.990912 0.000966135 0.00385904 0.00322403 0.00103836
10 0.00553466 0.961601 0.0213764 0.0065197 0.00496823
-3 0.00382117 0.0026573 0.00615618 0.980025 0.00733989
10 0.00566216 0.967999 0.0123116 0.00622571 0.00780183
4 0.992064 0.0016545 0.00198741 0.00169523 0.00259926
4 0.990423 0.000725245 0.00358427 0.0043797 0.000887959
0 0.00691346 0.000719995 0.979183 0.0111056 0.00207825
0 0.00430237 0.00473193 0.970521 0.0100537 0.0103907
10 0.00503359 0.96519 0.0210896 0.00597345 0.00271302
4 0.989415 0.00176301 0.00395807 0.00210119 0.00276232
4 0.989769 0.00115087 0.00363775 0.00407381 0.00136816
-3 0.00385634 0.00260378 0.0051802 0.98143 0.00692986
10 0.00577975 0.968621 0.00843027 0.00500167 0.012167
10 0.00520474 0.9629 0.0211846 0.00695691 0.00375344
0 0.00231269 0.00111647 0.977809 0.0108754 0.00788654
4 0.989094 0.00302312 0.00408698 0.00189698 0.00189843
4 0.989686 0.00137188 0.00367252 0.00371482 0.00155431
-3 0.00385634 0.00260378 0.0051802 0.98143 0.00692986
10 0.00577975 0.968621 0.00843027 0.00500167 0.012167
10 0.00503359 0.96519 0.0210896 0.00597345 0.00271302
4 0.988966 0.00176996 0.00443748 0.002052 0.00277498
4 0.990103 0.00141733 0.00392538 0.00306113 0.00149311
-3 0.00380327 0.00263588 0.00486865 0.982784 0.00590779
10 0.00635254 0.968726 0.00950157 0.00487632 0.0105434
0 0.00404311 0.00113945 0.976102 0.0107282 0.00798751
4 0.987208 0.00431499 0.00450591 0.0021579 0.00181308
4 0.991767 0.000897725 0.00385686 0.00251826 0.000960491
4 0.99069 0.0010678 0.00391724 0.00313997 0.00118542
10 0.00503359 0.96519 0.0210896 0.00597345 0.00271302
4 0.979087 0.00173118 0.0131557 0.00332044 0.00270523
4 0.99181 0.000760959 0.00384718 0.00272809 0.000854218
4 0.99069 0.0010678 0.00391724 0.00313997 0.00118542
0 0.00430237 0.00473193 0.970521 0.0100537 0.0103907
10 0.00547562 0.964082 0.021298 0.00649963 0.00264519
4 0.984699 0.00170212 0.00761964 0.0033009 0.00267823
4 0.991912 0.000768367 0.00385303 0.00268399 0.000782906
4 0.990359 0.0011874 0.00392806 0.00323608 0.00128924
10 0.00520474 0.9629 0.0211846 0.00695691 0.00375344
0 0.00237808 0.00113368 0.97773 0.010699 0.00805935
4 0.990476 0.00199696 0.00403718 0.00240749 0.00108269
4 0.991874 0.000899835 0.00385378 0.00249239 0.000880215
4 0.990359 0.0011874 0.00392806 0.00323608 0.00128924
10 0.00503359 0.96519 0.0210896 0.00597345 0.00271302
4 0.979087 0.00173118 0.0131557 0.00332044 0.00270523
4 0.992114 0.000798087 0.00313737 0.00310814 0.000842756
4 0.989861 0.000885374 0.00362708 0.00452191 0.00110424
0 0.00691346 0.000719995 0.979183 0.0111056 0.00207825
0 0.00547228 0.00553464 0.965336 0.00959597 0.0140609
10 0.00520474 0.9629 0.0211846 0.00695691 0.00375344
0 0.00237808 0.00113368 0.97773 0.010699 0.00805935
4 0.990476 0.00199696 0.00403718 0.00240749 0.00108269
4 0.991874 0.000899835 0.00385378 0.00249239 0.000880215
4 0.990359 0.0011874 0.00392806 0.00323608 0.00128924
10 0.00557962 0.961341 0.0213037 0.00629548 0.00548044
0 0.00800567 0.00150492 0.946203 0.0360848 0.00820187
0 0.035808 0.0195045 0.933081 0.00417018 0.00743643
4 0.989357 0.00290448 0.00404659 0.00222471 0.00146734
4 0.991874 0.000899835 0.00385378 0.00249239 0.000880215
4 0.990359 0.0011874 0.00392806 0.00323608 0.00128924
10 0.00557962 0.961341 0.0213037 0.00629548 0.00548044
0 0.00800567 0.00150492 0.946203 0.0360848 0.00820187
0 0.035808 0.0195045 0.933081 0.00417018 0.00743643
4 0.989357 0.00290448 0.00404659 0.00222471 0.00146734
4 0.991874 0.000899835 0.00385378 0.00249239 0.000880215
4 0.990359 0.0011874 0.00392806 0.00323608 0.00128924
10 0.00520474 0.9629 0.0211846 0.00695691 0.00375344
0 0.00231269 0.00111647 0.977809 0.0108754 0.00788654
4 0.98935 0.00280198 0.00419921 0.00233145 0.00131702
4 0.992102 0.000949351 0.00315424 0.00285104 0.00094348
4 0.989861 0.000885374 0.00362708 0.00452191 0.00110424
0 0.00691346 0.000719995 0.979183 0.0111056 0.00207825
10 0.00553466 0.961601 0.0213764 0.0065197 0.00496823
-3 0.00382117 0.0026573 0.00615618 0.980025 0.00733989
10 0.00566216 0.967999 0.0123116 0.00622571 0.00780183
4 0.988681 0.00174148 0.00395806 0.0028865 0.00273322
4 0.991912 0.000768367 0.00385303 0.00268399 0.000782906
4 0.990359 0.0011874 0.00392806 0.00323608 0.00128924
10 0.00503359 0.96519 0.0210896 0.00597345 0.00271302
4 0.977708 0.00175168 0.014486 0.00332657 0.00272761
4 0.991201 0.00119814 0.00390944 0.00265076 0.00104092
4 0.989012 0.00142123 0.00377344 0.00410792 0.00168566
-3 0.00385634 0.00260378 0.0051802 0.98143 0.00692986
10 0.00577975 0.968621 0.00843027 0.00500167 0.012167
0 0.004765 0.00551699 0.967907 0.00938659 0.0124242
10 0.00553466 0.961601 0.0213764 0.0065197 0.00496823
-3 0.00382301 0.00265171 0.00607876 0.980125 0.00732149
10 0.00789804 0.957198 0.0197384 0.00718256 0.00798295
4 0.988667 0.00177144 0.0039696 0.00280133 0.00279027
4 0.991703 0.000863248 0.00388146 0.00268955 0.000862932
4 0.990022 0.00134177 0.00393371 0.00324099 0.00146201
10 0.00542412 0.960695 0.0213499 0.00701776 0.00551276
0 0.0032615 0.00114945 0.97681 0.0107619 0.00801698
0 0.02578 0.041991 0.69202 0.222301 0.0179083
10 0.00455659 0.979727 0.00642875 0.00376782 0.00551954
4 0.988667 0.00177144 0.0039696 0.00280133 0.00279027
4 0.991703 0.000863248 0.00388146 0.00268955 0.000862932
4 0.990022 0.00134177 0.00393371 0.00324099 0.00146201
10 0.00553466 0.961601 0.0213764 0.0065197 0.00496823
-3 0.00382117 0.0026573 0.00615618 0.980025 0.00733989
10 0.00566216 0.967999 0.0123116 0.00622571 0.00780183
4 0.988681 0.00174148 0.00395806 0.0028865 0.00273322
4 0.992171 0.000807612 0.00318303 0.00305974 0.000778309
4 0.98976 0.00099225 0.00370802 0.00433799 0.00120172
0 0.00872672 0.000783485 0.977156 0.0110461 0.00228736
0 0.00430237 0.00473193 0.970521 0.0100537 0.0103907
10 0.00503359 0.96519 0.0210896 0.00597345 0.00271302
4 0.979087 0.00173118 0.0131557 0.00332044 0.00270523
4 0.990861 0.000971889 0.00375952 0.0034426 0.000965223
4 0.989152 0.00141977 0.00382163 0.00405903 0.00154798
-3 0.00435924 0.00274526 0.0103256 0.97565 0.00691966
10 0.00695342 0.964272 0.0103902 0.00579378 0.0125909
10 0.00520474 0.9629 0.0211846 0.00695691 0.00375344
0 0.00231269 0.00111647 0.977809 0.0108754 0.00788654
4 0.98935 0.00280198 0.00419921 0.00233145 0.00131702
4 0.990712 0.0011649 0.00387295 0.00317283 0.00107764
4 0.989152 0.00141977 0.00382163 0.00405903 0.00154798
-3 0.00435924 0.00274526 0.0103256 0.97565 0.00691966
10 0.00695342 0.964272 0.0103902 0.00579378 0.0125909
10 0.00503359 0.96519 0.0210896 0.00597345 0.00271302
4 0.977708 0.00175168 0.014486 0.00332657 0.00272761
4 0.991201 0.00119814 0.00390944 0.00265076 0.00104092
4 0.989012 0.00142123 0.00377344 0.00410792 0.00168566
-3 0.00376372 0.00240423 0.005053 0.98321 0.00556953
10 0.0073941 0.964073 0.0117885 0.0057232 0.011021
0 0.0036996 0.00117797 0.97618 0.0107329 0.00820984
0 0.0239288 0.0186099 0.659691 0.017977 0.279794
10 0.00268148 0.972634 0.00353416 0.00377509 0.0173755
0 0.00157506 0.000864154 0.982556 0.00852866 0.00647566
4 0.99323 0.00180003 0.00183067 0.00155031 0.00158946
-4 0.0402762 0.0544418 0.404784 0.0114796 0.489018
-4 0.00467649 0.0308537 0.0346357 0.0106648 0.919169
10 0.00365668 0.972107 0.00530461 0.00454384 0.0143878
0 0.00149705 0.000869785 0.983253 0.00782888 0.00655081
4 0.992765 0.00200794 0.00190257 0.00165988 0.0016646
-4 0.0393737 0.0447432 0.410193 0.0116248 0.494065
-4 0.00562803 0.0334318 0.0197421 0.00685072 0.934347
-4 0.00469058 0.0304092 0.0341936 0.0107227 0.919984
10 0.00365668 0.972107 0.00530461 0.00454384 0.0143878
0 0.00149705 0.000869785 0.983253 0.00782888 0.00655081
4 0.992765 0.00200794 0.00190257 0.00165988 0.0016646
-4 0.0118092 0.00722602 0.0305713 0.0107251 0.939668
10 0.007954 0.954294 0.00990656 0.00624931 0.0215962
0 0.00238245 0.00127504 0.976873 0.0109056 0.00856377
4 0.981446 0.00439267 0.00313782 0.00205666 0.00896654
-4 0.0113104 0.00939518 0.0210953 0.0096179 0.948581
-4 0.00626722 0.0125432 0.0157169 0.0106142 0.954858
10 0.00815776 0.959268 0.010692 0.00630698 0.0155749
0 0.00228304 0.00128233 0.977072 0.0107828 0.00857947
4 0.982139 0.00429808 0.00316356 0.00208791 0.00831175
-4 0.0113422 0.00815971 0.0212717 0.00964479 0.949582
-4 0.00626277 0.0119863 0.0130552 0.0106457 0.95805
-4 0.00638363 0.0127449 0.0167999 0.0108048 0.953267
10 0.00815776 0.959268 0.010692 0.00630698 0.0155749
0 0.00228304 0.00128233 0.977072 0.0107828 0.00857947
4 0.982139 0.00429808 0.00316356 0.00208791 0.00831175
-4 0.0118092 0.00722602 0.0305713 0.0107251 0.939668
10 0.007954 0.954294 0.00990656 0.00624931 0.0215962
0 0.00238245 0.00127504 0.976873 0.0109056 0.00856377
4 0.981446 0.00439267 0.00313782 0.00205666 0.00896654
-4 0.0113104 0.00939518 0.0210953 0.0096179 0.948581
-4 0.00626722 0.0125432 0.0157169 0.0106142 0.954858
10 0.00815776 0.959268 0.010692 0.00630698 0.0155749
0 0.00228304 0.00128233 0.977072 0.0107828 0.00857947
4 0.982139 0.00429808 0.00316356 0.00208791 0.00831175
-4 0.0113422 0.00815971 0.0212717 0.00964479 0.949582
-4 0.00626277 0.0119863 0.0130552 0.0106457 0.95805
-4 0.00638363 0.0127449 0.0167999 0.0108048 0.953267
10 0.00815776 0.959268 0.010692 0.00630698 0.0155749
0 0.00228304 0.00128233 0.977072 0.0107828 0.00857947
4 0.982139 0.00429808 0.00316356 0.00208791 0.00831175
-4 0.0118092 0.00722602 0.0305713 0.0107251 0.939668
10 0.007954 0.954294 0.00990656 0.00624931 0.0215962
0 0.00238245 0.00127504 0.976873 0.0109056 0.00856377
4 0.981446 0.00439267 0.00313782 0.00205666 0.00896654
-4 0.0113104 0.00939518 0.0210953 0.0096179 0.948581
-4 0.00626722 0.0125432 0.0157169 0.0106142 0.954858
10 0.00815776 0.959268 0.010692 0.00630698 0.0155749
0 0.00228304 0.00128233 0.977072 0.0107828 0.00857947
4 0.982139 0.00429808 0.00316356 0.00208791 0.00831175
-4 0.0113422 0.00815971 0.0212717 0.00964479 0.949582
-4 0.00626277 0.0119863 0.0130552 0.0106457 0.95805
-4 0.00638363 0.0127449 0.0167999 0.0108048 0.953267
10 0.00815776 0.959268 0.010692 0.00630698 0.0155749
0 0.00228304 0.00128233 0.977072 0.0107828 0.00857947
4 0.982139 0.00429808 0.00316356 0.00208791 0.00831175
4 0.987553 0.00302584 0.00417181 0.00199568 0.00325334
4 0.971847 0.00775546 0.00309843 0.00140243 0.0158967
4 0.987553 0.00302584 0.00417181 0.00199568 0.00325334
4 0.978201 0.00837862 0.00412429 0.00109071 0.00820499
4 0.986556 0.00106143 0.00635891 0.00294918 0.00307422
4 0.987553 0.00302584 0.00417181 0.00199568 0.00325334
10 0.00907898 0.958352 0.0160066 0.00553999 0.0110223
4 0.987757 0.0017241 0.00392615 0.00381299 0.00278018
4 0.987553 0.00302584 0.00417181 0.00199568 0.00325334
10 0.0106373 0.957377 0.0158821 0.00498375 0.0111202
4 0.98595 0.00167997 0.00401051 0.00564622 0.00271364
4 0.987553 0.00302584 0.00417181 0.00199568 0.00325334
10 0.0104954 0.956216 0.0134494 0.00565128 0.0141874
-3 0.0074251 0.00266791 0.00574683 0.976802 0.00735844
10 0.00789178 0.970675 0.00558047 0.00384996 0.0120029
4 0.988528 0.00173865 0.00328406 0.00366465 0.00278424
4 0.987553 0.00302584 0.00417181 0.00199568 0.00325334
10 0.00597953 0.96546 0.0169822 0.00579371 0.00578428
4 0.954834 0.00191497 0.0378927 0.00245626 0.002902
4 0.989824 0.000855389 0.00469325 0.00310952 0.00151788
4 0.987553 0.00302584 0.00417181 0.00199568 0.00325334
10 0.00691642 0.965343 0.0168619 0.00521897 0.00565936
4 0.951798 0.00184652 0.0401875 0.00335193 0.00281575
4 0.990676 0.00074409 0.00439882 0.00284636 0.00133484
4 0.987553 0.00302584 0.00417181 0.00199568 0.00325334
10 0.0104954 0.956216 0.0134494 0.00565128 0.0141874
-3 0.0074251 0.00266791 0.00574683 0.976802 0.00735844
10 0.00550631 0.981614 0.00522235 0.00387305 0.00378415
4 0.962534 0.00200336 0.0302356 0.00234237 0.00288502
4 0.990992 0.000800214 0.00390173 0.00293655 0.0013692
4 0.987553 0.00302584 0.00417181 0.00199568 0.00325334
10 0.243552 0.300984 0.276021 0.020494 0.158949
4 0.971847 0.00775546 0.00309843 0.00140243 0.0158967
4 0.987553 0.00302584 0.00417181 0.00199568 0.00325334
4 0.974444 0.0109122 0.00481781 0.00198443 0.00784126
0 0.00250066 0.00160887 0.976137 0.0100325 0.00972101
4 0.985596 0.00459901 0.00187487 0.00139056 0.00653912
4 0.987553 0.00302584 0.00417181 0.00199568 0.00325334
10 0.00827108 0.961837 0.0148761 0.00593938 0.00907678
0 0.00329846 0.000843112 0.979479 0.0101752 0.00620469
4 0.992158 0.00246721 0.000883402 0.00128486 0.00320626
4 0.987553 0.00302584 0.00417181 0.00199568 0.00325334
10 0.00952637 0.961454 0.0146775 0.00536339 0.00897852
0 0.0031679 0.000800701 0.977458 0.0127934 0.00578049
4 0.992987 0.00220952 0.000831803 0.0011452 0.00282626
4 0.987553 0.00302584 0.00417181 0.00199568 0.00325334
10 0.0104954 0.956216 0.0134494 0.00565128 0.0141874
-3 0.0103049 0.00268998 0.00822769 0.971408 0.00736952
10 0.00558201 0.98065 0.00477885 0.00380639 0.00518294
0 0.00409657 0.000816815 0.980036 0.00894997 0.00610045
4 0.992946 0.00227648 0.000849617 0.00118484 0.00274319
4 0.987553 0.00302584 0.00417181 0.00199568 0.00325334
10 0.00907898 0.958352 0.0160066 0.00553999 0.0110223
4 0.987584 0.00176636 0.00390252 0.00395322 0.00279382
0 0.00272765 0.00146111 0.975757 0.0105859 0.00946844
4 0.985596 0.00459901 0.00187487 0.00139056 0.00653912
4 0.987553 0.00302584 0.00417181 0.00199568 0.00325334
10 0.0106373 0.957377 0.0158821 0.00498375 0.0111202
4 0.985509 0.00172965 0.00396688 0.00606305 0.0027312
0 0.00239036 0.00139059 0.976411 0.0105411 0.00926689
4 0.985596 0.00459901 0.00187487 0.00139056 0.00653912
4 0.987553 0.00302584 0.00417181 0.00199568 0.00325334
10 0.0104954 0.956216 0.0134494 0.00565128 0.0141874
-3 0.00581095 0.0026538 0.00542163 0.978759 0.00735415
10 0.00570655 0.973129 0.00412239 0.00361739 0.0134244
4 0.987834 0.00176446 0.00395243 0.00366153 0.00278777
0 0.00319583 0.00138672 0.975594 0.0105303 0.0092927
4 0.985847 0.00459263 0.00190288 0.00144294 0.00621495
4 0.987553 0.00302584 0.00417181 0.00199568 0.00325334
0 0.173773 0.346556 0.346631 0.0234965 0.109544
4 0.983948 0.00520696 0.00409185 0.00111228 0.00564078
4 0.990431 0.00092098 0.00390665 0.00275788 0.0019837
4 0.987553 0.00302584 0.00417181 0.00199568 0.00325334
4 0.976525 0.00906271 0.00411421 0.00168912 0.00860897
0 0.00197757 0.00139913 0.982485 0.00521141 0.00892676
4 0.984825 0.00443863 0.00403555 0.00123826 0.00546253
4 0.990431 0.00092098 0.00390665 0.00275788 0.0019837
4 0.987553 0.00302584 0.00417181 0.00199568 0.00325334
10 0.00883892 0.960464 0.0144851 0.00581139 0.0104008
0 0.00623935 0.00110893 0.96654 0.0188692 0.0072422
4 0.990189 0.00269165 0.00300405 0.00112417 0.00299076
4 0.990431 0.00092098 0.00390665 0.00275788 0.0019837
4 0.987553 0.00302584 0.00417181 0.00199568 0.00325334
10 0.0102977 0.959788 0.0142802 0.00524634 0.0103879
0 0.00652426 0.00114419 0.960523 0.0249467 0.00686224
4 0.991003 0.00241161 0.00292492 0.000995945 0.00266413
4 0.990431 0.00092098 0.00390665 0.00275788 0.0019837
4 0.987553 0.00302584 0.00417181 0.00199568 0.00325334
10 0.0104954 0.956216 0.0134494 0.00565128 0.0141874
-3 0.00825997 0.00267112 0.00785408 0.973853 0.00736195
10 0.00420511 0.981944 0.00364299 0.00351748 0.00669076
0 0.0054619 0.000925544 0.975515 0.0113568 0.00674032
4 0.993315 0.00198288 0.00231866 0.000981985 0.00140151
4 0.990643 0.00098658 0.0034946 0.0028557 0.00202019
4 0.987553 0.00302584 0.00417181 0.00199568 0.00325334
10 0.00907898 0.958352 0.0160066 0.00553999 0.0110223
4 0.987584 0.00176636 0.00390252 0.00395322 0.00279382
0 0.00175438 0.0012476 0.978703 0.0104742 0.00782097
4 0.990842 0.00291728 0.0024752 0.00111312 0.00265196
4 0.990643 0.00098658 0.0034946 0.0028557 0.00202019
4 0.987553 0.00302584 0.00417181 0.00199568 0.00325334
10 0.0106373 0.957377 0.0158821 0.00498375 0.0111202
4 0.985509 0.00172965 0.00396688 0.00606305 0.0027312
0 0.00159272 0.00117996 0.979169 0.0104648 0.00759356
4 0.990842 0.00291728 0.0024752 0.00111312 0.00265196
4 0.990643 0.00098658 0.0034946 0.0028557 0.00202019
4 0.987553 0.00302584 0.00417181 0.00199568 0.00325334
10 0.0104954 0.956216 0.0134494 0.00565128 0.0141874
-3 0.00581095 0.0026538 0.00542163 0.978759 0.00735415
10 0.00570655 0.973129 0.00412239 0.00361739 0.0134244
4 0.987834 0.00176446 0.00395243 0.00366153 0.00278777
0 0.00187471 0.00118352 0.978768 0.0104641 0.00770967
4 0.990714 0.00300748 0.00248705 0.00116887 0.00262223
4 0.989797 0.00112501 0.0038257 0.00298595 0.00226614
4 0.987553 0.00302584 0.00417181 0.00199568 0.00325334
4 0.987553 0.00302584 0.00417181 0.00199568 0.00325334
4 0.987553 0.00302584 0.00417181 0.00199568 0.00325334
4 0.987553 0.00302584 0.00417181 0.00199568 0.00325334
4 0.987553 0.00302584 0.00417181 0.00199568 0.00325334
-4 0.0098143 0.00894997 0.0502295 0.00807606 0.92293
10 0.00216894 0.981053 0.00252289 0.00292377 0.0113315
0 0.00178874 0.000787061 0.981101 0.0104419 0.00588105
4 0.992987 0.00220952 0.000831803 0.0011452 0.00282626
4 0.987553 0.00302584 0.00417181 0.00199568 0.00325334
4 0.987553 0.00302584 0.00417181 0.00199568 0.00325334
4 0.987553 0.00302584 0.00417181 0.00199568 0.00325334
4 0.987553 0.00302584 0.00417181 0.00199568 0.00325334
4 0.987553 0.00302584 0.00417181 0.00199568 0.00325334
4 0.987553 0.00302584 0.00417181 0.00199568 0.00325334
4 0.987553 0.00302584 0.00417181 0.00199568 0.00325334
-4 0.0117047 0.0139163 0.0285474 0.0054729 0.940359
-4 0.00229653 0.00971092 0.00711763 0.00512287 0.975752
10 0.0025586 0.982918 0.00322683 0.0031818 0.00811523
0 0.00164739 0.000789906 0.981714 0.0099311 0.00591758
4 0.992946 0.00227648 0.000849617 0.00118484 0.00274319
4 0.987553 0.00302584 0.00417181 0.00199568 0.00325334
4 0.987553 0.00302584 0.00417181 0.00199568 0.00325334
4 0.987553 0.00302584 0.00417181 0.00199568 0.00325334
4 0.987553 0.00302584 0.00417181 0.00199568 0.00325334
4 0.987553 0.00302584 0.00417181 0.00199568 0.00325334
4 0.987553 0.00302584 0.00417181 0.00199568 0.00325334
4 0.987553 0.00302584 0.00417181 0.00199568 0.00325334
-4 0.0117911 0.0112337 0.0287729 0.00549202 0.94271
-4 0.0023273 0.00887042 0.00481251 0.00432441 0.979665
-4 0.00232767 0.00973631 0.0074545 0.00522923 0.975252
10 0.0025586 0.982918 0.00322683 0.0031818 0.00811523
0 0.00164739 0.000789906 0.981714 0.0099311 0.00591758
4 0.992946 0.00227648 0.000849617 0.00118484 0.00274319
4 0.987553 0.00302584 0.00417181 0.00199568 0.00325334
4 0.987553 0.00302584 0.00417181 0.00199568 0.00325334
-4 0.00937474 0.00709902 0.0320894 0.00812556 0.943311
10 0.00366178 0.973923 0.00438419 0.00392998 0.0141008
0 0.00200456 0.000948345 0.979592 0.0106437 0.0068115
4 0.988712 0.00337167 0.00164536 0.00146635 0.00480433
-4 0.0099881 0.0100799 0.0195935 0.0064354 0.953903
-4 0.00333596 0.00949768 0.00882103 0.00668559 0.97166
10 0.00401133 0.976779 0.00511982 0.00410418 0.00998545
0 0.00187834 0.000953125 0.980004 0.010326 0.00683864
4 0.988932 0.0033516 0.0016653 0.00150334 0.00454791
-4 0.01005 0.00835064 0.0197535 0.0064511 0.955395
-4 0.0032763 0.00882139 0.00667471 0.006216 0.975012
-4 0.00339518 0.00957645 0.00937922 0.00682288 0.970826
10 0.00401133 0.976779 0.00511982 0.00410418 0.00998545
0 0.00187834 0.000953125 0.980004 0.010326 0.00683864
4 0.988932 0.0033516 0.0016653 0.00150334 0.00454791
>>>>>>> prevLabelParam
