labels 1 5 7 0 8 10
1 0.991725 0.00125222 0.00170248 0.00303776 0.00123335 0.00104941
7 0.0133762 0.0657274 0.859433 0.0226711 0.0337199 0.0050723
1 0.991931 0.00126467 0.00336135 0.0010503 0.00145832 0.000933897
0 0.00712512 0.00288346 0.0592481 0.911353 0.0174242 0.00196649
5 0.0261087 0.856825 0.0720017 0.0195887 0.0205981 0.00487821
7 0.0052106 0.00133991 0.984757 0.00230142 0.00556339 0.000827616
1 0.996704 0.00105141 0.000854456 0.000316031 0.000541581 0.000532764
0 0.00974535 0.00376528 0.0565895 0.906876 0.0204402 0.00258339
7 0.00918947 0.00478482 0.933674 0.04228 0.00870515 0.00136633
5 0.0069484 0.956803 0.0220719 0.006028 0.00517204 0.00297678
1 0.984809 0.00216987 0.00567776 0.00328291 0.0025101 0.00155059
1 0.986586 0.00101873 0.00431671 0.00308999 0.00395084 0.00103775
8 0.00488609 0.0030067 0.0168601 0.00900279 0.963632 0.00261276
7 0.00208274 0.000930992 0.972094 0.0124052 0.0115513 0.000935439
7 0.0159225 0.239282 0.711293 0.0184214 0.0117078 0.00337342
5 0.00551595 0.971788 0.0123561 0.00321291 0.00420296 0.00292376
7 0.00369126 0.00102802 0.987605 0.00187315 0.00478974 0.00101324
7 0.00292888 0.00144347 0.988147 0.00354915 0.00282306 0.00110851
5 0.00551595 0.971788 0.0123561 0.00321291 0.00420296 0.00292376
1 0.987469 0.00198923 0.00535967 0.00153802 0.00251696 0.00112734
7 0.0129476 0.00363251 0.782177 0.141004 0.0575311 0.00270845
7 0.0218942 0.00540667 0.95752 0.00589081 0.00779847 0.00149029
1 0.984809 0.00216987 0.00567776 0.00328291 0.0025101 0.00155059
1 0.986586 0.00101873 0.00431671 0.00308999 0.00395084 0.00103775
8 0.00488609 0.0030067 0.0168601 0.00900279 0.963632 0.00261276
7 0.00208274 0.000930992 0.972094 0.0124052 0.0115513 0.000935439
7 0.0159225 0.239282 0.711293 0.0184214 0.0117078 0.00337342
1 0.986571 0.00191818 0.00490556 0.00178265 0.00384077 0.000981783
8 0.00293137 0.002317 0.00295701 0.00411511 0.98557 0.00210989
8 0.00831782 0.00424355 0.0209782 0.00801462 0.954963 0.00348245
7 0.00460714 0.00118831 0.954089 0.0167962 0.0219469 0.00137206
7 0.016637 0.104987 0.843293 0.0183032 0.0135232 0.00325597
1 0.994422 0.000785489 0.000887461 0.000802732 0.00214489 0.000957232
8 0.00194136 0.00199797 0.00223519 0.00760537 0.984083 0.00213726
7 0.016619 0.000710928 0.972447 0.00194222 0.00736089 0.000920238
7 0.0104961 0.00371492 0.962908 0.0156529 0.00553247 0.00169582
5 0.0389629 0.838646 0.06521 0.0145482 0.0359884 0.00664425
8 0.00537945 0.00335789 0.00868354 0.0040265 0.975589 0.00296352
8 0.0028549 0.00225304 0.00196717 0.00228248 0.988565 0.00207709
7 0.00242219 0.000529838 0.987594 0.00224126 0.00630794 0.000904892
1 0.996704 0.00105141 0.000854456 0.000316031 0.000541581 0.000532764
7 0.0169246 0.00674454 0.610403 0.278004 0.0828719 0.00505212
7 0.0199126 0.00564999 0.965352 0.00411794 0.00394754 0.00102024
1 0.986571 0.00191818 0.00490556 0.00178265 0.00384077 0.000981783
8 0.0068664 0.00332635 0.0107202 0.00851735 0.967428 0.00314215
8 0.0045409 0.00296818 0.00459202 0.00387338 0.981476 0.00254967
7 0.0020136 0.000603281 0.985126 0.00238987 0.00900559 0.000861485
7 0.00398888 0.00132067 0.986506 0.0039151 0.00329335 0.000975735
1 0.996704 0.00105141 0.000854456 0.000316031 0.000541581 0.000532764
0 0.0200437 0.00590197 0.265311 0.66469 0.0406833 0.00337105
7 0.0776925 0.0289602 0.774237 0.0317422 0.082235 0.00513307
8 0.00762293 0.00636251 0.00727089 0.00520993 0.970276 0.0032578
8 0.00500692 0.00343402 0.00869707 0.00446426 0.976064 0.00233381
7 0.0024405 0.000476012 0.987533 0.00219523 0.00644895 0.000905903
1 0.996704 0.00105141 0.000854456 0.000316031 0.000541581 0.000532764
0 0.0200437 0.00590197 0.265311 0.66469 0.0406833 0.00337105
7 0.0776925 0.0289602 0.774237 0.0317422 0.082235 0.00513307
8 0.00904252 0.00631382 0.0108434 0.00709352 0.963428 0.00327895
8 0.00471871 0.0032817 0.00953377 0.00838137 0.971777 0.00230754
7 0.00211523 0.00233685 0.986411 0.00205465 0.00620551 0.000876931
1 0.995453 0.000948041 0.00115658 0.0008072 0.000885256 0.000749915
0 0.0160581 0.0045638 0.120166 0.832108 0.021389 0.00571517
1 0.890137 0.0103244 0.0629466 0.0188606 0.0148556 0.00287559
1 0.898571 0.002228 0.0703316 0.00911982 0.0180566 0.00169277
8 0.0157459 0.00709869 0.0313695 0.0155117 0.926066 0.00420826
1 0.998707 0.000468784 7.2993e-05 0.000129242 0.000197294 0.000425035
7 0.000408515 0.000423648 0.992192 0.0014138 0.00496444 0.000598032
7 0.0106328 0.00385617 0.976814 0.00432172 0.0032939 0.00108136
1 0.996704 0.00105141 0.000854456 0.000316031 0.000541581 0.000532764
0 0.019313 0.00661319 0.20822 0.702475 0.0592782 0.00410079
7 0.00773588 0.00423702 0.974563 0.00488456 0.00746854 0.00111137
7 0.00167846 0.00139273 0.955287 0.0397417 0.0013663 0.000534011
5 0.0146968 0.768758 0.187174 0.0151604 0.0101026 0.00410775
1 0.987343 0.00183173 0.00533641 0.00148015 0.00290487 0.00110362
0 0.00353811 0.00211471 0.00750421 0.980912 0.00404096 0.0018898
0 0.00542426 0.00404776 0.00861207 0.975458 0.00388597 0.00257177
5 0.00183899 0.988937 0.00377577 0.00169875 0.00231701 0.00143214
7 0.0189886 0.00167239 0.938695 0.00344059 0.0360197 0.00118329
7 0.00189924 0.00124297 0.992812 0.00156187 0.00194889 0.000535484
