labels 10 -2 1 0 -1 -3 2 -4
10 0.986553 0.00247447 0.00272951 0.0014696 0.00365554 0.00100573 0.00099815 0.00111381
1 0.00364947 0.0020206 0.958822 0.0192931 0.00356858 0.00725265 0.00311016 0.00228373
-2 0.0287462 0.89405 0.01137 0.0264972 0.0235157 0.00539372 0.00465773 0.00576994
10 0.845701 0.0079114 0.0112893 0.0555721 0.0699321 0.00299158 0.00237127 0.00423085
1 0.0128604 0.00538107 0.934725 0.0169461 0.0109272 0.00889896 0.00435284 0.00590851
-2 0.0309291 0.889787 0.014461 0.0266622 0.022296 0.00534346 0.004682 0.00583936
1 0.0120493 0.00876039 0.831978 0.0369543 0.0977273 0.00383498 0.00312602 0.00556969
10 0.955009 0.00412625 0.0123152 0.00661561 0.0132857 0.00277207 0.00238696 0.00348938
10 0.984275 0.00312935 0.00263268 0.00159705 0.00460762 0.000963097 0.000961404 0.00183388
10 0.957763 0.0013928 0.00639848 0.0225469 0.00267464 0.00502348 0.00247078 0.00172974
10 0.965055 0.00566014 0.00473575 0.00560902 0.0134634 0.00170852 0.0014029 0.00236567
10 0.942526 0.00235087 0.012298 0.0240313 0.00492031 0.00711826 0.00383497 0.00292007
1 0.00706443 0.0039281 0.950018 0.0142211 0.00751611 0.00916587 0.00376935 0.00431734
-2 0.0117845 0.945815 0.00902252 0.0101129 0.0111178 0.00376772 0.00343375 0.00494568
10 0.93826 0.00342253 0.00701687 0.0289756 0.0142032 0.00244146 0.00199838 0.00368183
10 0.943933 0.00279561 0.0147007 0.0187195 0.00603782 0.00709138 0.00329126 0.00343069
1 0.00706443 0.0039281 0.950018 0.0142211 0.00751611 0.00916587 0.00376935 0.00431734
-2 0.0104435 0.955066 0.00535335 0.00719953 0.0112984 0.00306929 0.00294805 0.00462208
0 0.018762 0.00828027 0.0217615 0.879652 0.0461633 0.00838044 0.00866559 0.00833515
10 0.946357 0.00548303 0.0123364 0.00979386 0.0188407 0.00225816 0.00186823 0.00306224
1 0.00604666 0.00301718 0.958878 0.0135857 0.00558549 0.00594146 0.00359452 0.0033508
10 0.976305 0.00341147 0.00444428 0.0039008 0.0077491 0.00147829 0.00131422 0.00139704
1 0.00360459 0.00228968 0.965008 0.0127903 0.00416355 0.0062509 0.00336063 0.00253225
1 0.00717126 0.00567342 0.948715 0.00737174 0.0206816 0.00421622 0.00285434 0.00331685
-2 0.0116185 0.944885 0.00869906 0.011093 0.0116378 0.00375941 0.00344854 0.00485834
1 0.00582291 0.00386723 0.957374 0.0134056 0.0102445 0.00286858 0.00255179 0.00386527
1 0.0092856 0.00332086 0.963318 0.00555457 0.00850394 0.00349856 0.00272486 0.00379353
10 0.96341 0.00400139 0.00931362 0.00810924 0.00771805 0.00252937 0.00199882 0.00291924
-2 0.0117845 0.945815 0.00902252 0.0101129 0.0111178 0.00376772 0.00343375 0.00494568
10 0.93826 0.00342253 0.00701687 0.0289756 0.0142032 0.00244146 0.00199838 0.00368183
10 0.940032 0.00321838 0.0162808 0.0183715 0.00705459 0.0075284 0.00359092 0.00392386
1 0.00790072 0.00430221 0.949992 0.0120948 0.00862619 0.00827158 0.00406924 0.00474328
1 0.00732357 0.00621697 0.946154 0.00714671 0.0211531 0.00428057 0.00362728 0.00409807
-2 0.0104435 0.955066 0.00535335 0.00719953 0.0112984 0.00306929 0.00294805 0.00462208
0 0.018762 0.00828027 0.0217615 0.879652 0.0461633 0.00838044 0.00866559 0.00833515
10 0.888895 0.00794987 0.0209486 0.0233083 0.0482882 0.00368219 0.00268144 0.00424618
1 0.00625583 0.00335779 0.958616 0.0115226 0.00648219 0.0061232 0.00393441 0.00370778
1 0.00732357 0.00621697 0.946154 0.00714671 0.0211531 0.00428057 0.00362728 0.00409807
-2 0.0104435 0.955066 0.00535335 0.00719953 0.0112984 0.00306929 0.00294805 0.00462208
0 0.0268998 0.0106115 0.0506077 0.829539 0.0539582 0.00890622 0.00908761 0.0103904
10 0.946524 0.00643079 0.0129044 0.00781474 0.0184683 0.00227624 0.00179658 0.00378514
10 0.939503 0.00281831 0.0132646 0.0220277 0.00609595 0.00847086 0.0043421 0.00347728
1 0.0118422 0.00617433 0.931511 0.0147796 0.013326 0.0102683 0.00525406 0.00684411
1 0.00704704 0.00684933 0.939778 0.00835313 0.0246231 0.00420921 0.00427893 0.00486159
1 0.0298265 0.011457 0.864188 0.0121476 0.0611205 0.00536808 0.00797285 0.00791898
-2 0.0104107 0.955118 0.00474057 0.00754469 0.0115776 0.00308558 0.00295604 0.00456667
0 0.012342 0.0066677 0.0206607 0.912943 0.0240563 0.00762653 0.00837965 0.00732439
1 0.0126049 0.0072526 0.942955 0.00913404 0.017332 0.00351258 0.00293336 0.00427582
1 0.00902768 0.00438995 0.936748 0.0112227 0.0279228 0.00432363 0.00317088 0.0031943
1 0.012738 0.006127 0.925245 0.0147343 0.0280217 0.00432178 0.00417267 0.00463978
10 0.928864 0.00784086 0.0161078 0.0132546 0.0221742 0.00363365 0.00382209 0.0043025
10 0.916704 0.0049572 0.0172819 0.0263111 0.0123018 0.0120746 0.00401422 0.00635526
10 0.965442 0.00543005 0.00323064 0.00839011 0.0101744 0.00161832 0.00126998 0.00444502
0 0.0221128 0.00761919 0.0377168 0.803686 0.0178539 0.0859003 0.0156955 0.00941523
-2 0.00396506 0.926685 0.00607343 0.0135163 0.0379137 0.00494189 0.00276695 0.00413814
-1 0.006 0.00548268 0.00446879 0.050412 0.9275 0.00160305 0.00140984 0.00312406
-2 0.0118492 0.944137 0.00839966 0.0114309 0.0120086 0.00379681 0.00344927 0.00492902
10 0.949469 0.00311004 0.00741725 0.024036 0.00902104 0.00229148 0.00191876 0.00273601
1 0.0162245 0.00652464 0.922927 0.0185815 0.0136911 0.0102973 0.00460638 0.00714732
-3 0.020162 0.01759 0.0191367 0.053992 0.0384511 0.830301 0.00939498 0.0109725
-2 0.0045509 0.955289 0.00395445 0.0110471 0.0150184 0.00275603 0.00252583 0.00485808
-1 0.0011655 0.00293066 0.00189737 0.0169418 0.971836 0.00162323 0.00141142 0.00219378
-1 0.00188882 0.00419646 0.00209404 0.00610908 0.981488 0.00105182 0.00129337 0.00187836
-1 0.00583853 0.00416129 0.00261869 0.0128447 0.968894 0.00139435 0.00147696 0.00277176
-2 0.0116531 0.945599 0.00886945 0.0108523 0.0109825 0.0037374 0.00343449 0.00487147
1 0.00625803 0.00412882 0.953973 0.0141291 0.0121335 0.00293955 0.00260334 0.00383501
10 0.939658 0.00461564 0.00997699 0.0206666 0.0135152 0.00427897 0.00253409 0.00475407
-3 0.0174665 0.0112528 0.0236722 0.0497121 0.0210047 0.852359 0.0123281 0.0122045
-2 0.00948577 0.929949 0.00595672 0.0133448 0.0252128 0.0046087 0.00370489 0.0077372
-1 0.00265427 0.00374748 0.00311733 0.0146429 0.968574 0.00217736 0.00191126 0.003175
-1 0.00691357 0.00463112 0.00413512 0.0120371 0.964606 0.00212397 0.00203612 0.0035167
10 0.985627 0.00196884 0.00278653 0.00148654 0.00366199 0.00122398 0.00118555 0.0020592
10 0.949415 0.00242742 0.0113207 0.0209539 0.00526146 0.00480459 0.00274404 0.0030729
-3 0.0163681 0.0119941 0.0314501 0.0453468 0.0220595 0.847343 0.0125121 0.0129262
-2 0.0152669 0.888541 0.00958534 0.0234841 0.0383185 0.0058652 0.00455854 0.0143805
-1 0.00430069 0.00651417 0.00678619 0.0387545 0.935126 0.00268986 0.00219354 0.00363485
-1 0.044759 0.00582247 0.00276275 0.00663842 0.933757 0.00157998 0.0017458 0.00293464
-1 0.0102393 0.00614802 0.00442429 0.0172268 0.953351 0.00209869 0.0020621 0.00444958
10 0.981365 0.00473867 0.00331676 0.0021848 0.00390932 0.00115497 0.00115487 0.00217579
10 0.948884 0.00245599 0.0093118 0.0225958 0.00534358 0.0055655 0.0027179 0.00312586
1 0.00911907 0.00466505 0.941731 0.0157635 0.00927633 0.0104778 0.00386078 0.00510656
-3 0.020162 0.01759 0.0191367 0.053992 0.0384511 0.830301 0.00939498 0.0109725
-2 0.0045509 0.955289 0.00395445 0.0110471 0.0150184 0.00275603 0.00252583 0.00485808
-1 0.00118308 0.00317995 0.00190292 0.0168635 0.971642 0.00162165 0.00141105 0.00219545
-1 0.00188589 0.004188 0.00209246 0.00610601 0.981515 0.00104766 0.00129284 0.0018721
-1 0.00583418 0.00416091 0.00261842 0.0128441 0.968899 0.00139432 0.00147694 0.00277166
10 0.937708 0.0122869 0.0066291 0.0187912 0.0144289 0.00342558 0.0025197 0.00421119
10 0.906919 0.00415782 0.016833 0.0439977 0.00952598 0.00717735 0.0060987 0.00529023
1 0.0206237 0.00746147 0.909565 0.0213833 0.0161976 0.0111303 0.00537069 0.0082676
10 0.963279 0.00851983 0.00483551 0.00781115 0.00776783 0.00231351 0.00193806 0.00353518
0 0.0100391 0.00743085 0.0178649 0.907293 0.019437 0.0155458 0.0131038 0.0092856
10 0.898367 0.00760002 0.0227833 0.0224037 0.0364581 0.00416675 0.0031229 0.00509822
1 0.00625583 0.00335779 0.958616 0.0115226 0.00648219 0.0061232 0.00393441 0.00370778
1 0.00732357 0.00621697 0.946154 0.00714671 0.0211531 0.00428057 0.00362728 0.00409807
10 0.965131 0.00846924 0.00525807 0.00806643 0.00534144 0.00235517 0.00195586 0.00342295
10 0.953418 0.00260848 0.00541494 0.0227392 0.00566838 0.00399357 0.00283401 0.00332371
1 0.0164305 0.00641214 0.925382 0.0166731 0.0133772 0.00954988 0.00516175 0.00701373
1 0.00560887 0.00503007 0.950369 0.00752996 0.020992 0.00365124 0.0031867 0.00363176
1 0.0124206 0.00656593 0.947258 0.00695515 0.0154135 0.00321356 0.00379549 0.0043778
10 0.974073 0.00801429 0.00413288 0.00462316 0.00343854 0.00187665 0.00176818 0.00207379
1 0.00637622 0.00427476 0.947509 0.0193607 0.00839893 0.00571241 0.00364829 0.00472017
1 0.015208 0.00554411 0.950518 0.00609026 0.00982754 0.00445052 0.00335308 0.00500848
1 0.009696 0.00466122 0.945944 0.0100087 0.0185025 0.00415599 0.00309925 0.00393241
10 0.949975 0.004735 0.0120915 0.0110858 0.0133572 0.00293314 0.00258504 0.00323708
10 0.942507 0.00302167 0.0116277 0.0205697 0.00690493 0.00858914 0.00295103 0.00382871
10 0.963279 0.00851983 0.00483551 0.00781115 0.00776783 0.00231351 0.00193806 0.00353518
0 0.0159189 0.00869602 0.0632695 0.84795 0.0222825 0.0173749 0.0137597 0.0107482
10 0.942592 0.0065465 0.0148942 0.00840414 0.0182143 0.0026812 0.00213227 0.00453548
10 0.939503 0.00281831 0.0132646 0.0220277 0.00609595 0.00847086 0.0043421 0.00347728
1 0.0118422 0.00617433 0.931511 0.0147796 0.013326 0.0102683 0.00525406 0.00684411
1 0.00704704 0.00684933 0.939778 0.00835313 0.0246231 0.00420921 0.00427893 0.00486159
1 0.0298265 0.011457 0.864188 0.0121476 0.0611205 0.00536808 0.00797285 0.00791898
10 0.96282 0.00856319 0.00446891 0.00845133 0.00791076 0.00234051 0.00195777 0.00348715
0 0.0105518 0.00764183 0.0203171 0.904313 0.0200805 0.0149763 0.0125225 0.00959692
1 0.0182355 0.00797592 0.931582 0.00989269 0.0190116 0.0042799 0.0035456 0.00547669
1 0.00902768 0.00438995 0.936748 0.0112227 0.0279228 0.00432363 0.00317088 0.0031943
1 0.012738 0.006127 0.925245 0.0147343 0.0280217 0.00432178 0.00417267 0.00463978
10 0.928864 0.00784086 0.0161078 0.0132546 0.0221742 0.00363365 0.00382209 0.0043025
10 0.916704 0.0049572 0.0172819 0.0263111 0.0123018 0.0120746 0.00401422 0.00635526
10 0.965131 0.00846924 0.00525807 0.00806643 0.00534144 0.00235517 0.00195586 0.00342295
10 0.910263 0.00426123 0.0169592 0.0425282 0.00999923 0.00622381 0.00425274 0.00551232
1 0.02594 0.00906508 0.893101 0.0232953 0.0201132 0.0127368 0.00575113 0.0099979
-3 0.020162 0.01759 0.0191367 0.053992 0.0384511 0.830301 0.00939498 0.0109725
-2 0.0045509 0.955289 0.00395445 0.0110471 0.0150184 0.00275603 0.00252583 0.00485808
-1 0.0011655 0.00293066 0.00189737 0.0169418 0.971836 0.00162323 0.00141142 0.00219378
-1 0.00188882 0.00419646 0.00209404 0.00610908 0.981488 0.00105182 0.00129337 0.00187836
-1 0.00583853 0.00416129 0.00261869 0.0128447 0.968894 0.00139435 0.00147696 0.00277176
10 0.967007 0.00836568 0.00554893 0.00654867 0.0049333 0.00230104 0.00191549 0.00337992
10 0.954026 0.00258534 0.00540852 0.0227009 0.00565419 0.00375683 0.00255966 0.00330865
10 0.940941 0.00386712 0.0120506 0.0194863 0.00906338 0.00675462 0.00293749 0.00489986
1 0.00797413 0.00432418 0.947416 0.0128424 0.0085779 0.0100644 0.00406101 0.00473957
-3 0.0213291 0.0178852 0.0206823 0.0729343 0.056023 0.786664 0.0112781 0.0132039
-2 0.00962423 0.905688 0.00791213 0.0236146 0.0366452 0.00468176 0.00383937 0.00799519
-1 0.00123005 0.0026124 0.0144725 0.00663642 0.970296 0.00157885 0.00141508 0.00175826
-1 0.00471503 0.00224045 0.0032865 0.0080771 0.976858 0.00139911 0.00129633 0.00212718
10 0.96282 0.00856319 0.00446891 0.00845133 0.00791076 0.00234051 0.00195777 0.00348715
0 0.0107904 0.00793072 0.030115 0.892358 0.0208489 0.0153474 0.0126666 0.00994318
1 0.0166018 0.0064254 0.946156 0.00553415 0.0118318 0.00397872 0.0033826 0.00608962
10 0.946321 0.00392983 0.0061964 0.0225628 0.0103313 0.00410545 0.00243512 0.00411765
-3 0.0158824 0.00967384 0.0214835 0.0490494 0.0172526 0.864008 0.0121645 0.010486
-2 0.00698751 0.941572 0.00461722 0.01081 0.0231851 0.00378356 0.00313397 0.00591106
-1 0.00164451 0.00305458 0.00197048 0.0111572 0.97616 0.00194516 0.00166484 0.0024033
-1 0.0030846 0.00399619 0.00255539 0.00834386 0.974961 0.00248037 0.00183193 0.00274641
-1 0.00688848 0.00494565 0.00237469 0.0131977 0.965882 0.0018227 0.00181406 0.00307454
10 0.937659 0.00796288 0.00564414 0.00392949 0.0365788 0.00167095 0.00167048 0.00488429
-3 0.0263061 0.0105617 0.0304191 0.0739764 0.0197253 0.814484 0.0129442 0.0115834
10 0.927529 0.0122186 0.00678116 0.0152243 0.0244391 0.00372065 0.00274331 0.00734375
2 0.0753596 0.0220651 0.0805308 0.104735 0.044419 0.0431209 0.604788 0.0249817
2 0.0822756 0.031897 0.0492768 0.0466811 0.132456 0.0256108 0.601127 0.0306754
2 0.0574854 0.0275829 0.0381233 0.0364789 0.0929687 0.0208237 0.699929 0.0266084
2 0.0684968 0.0326863 0.0469769 0.0288124 0.0806223 0.0179404 0.699406 0.0250592
2 0.0592675 0.0253965 0.0378568 0.0199908 0.0645928 0.015101 0.755285 0.0225095
-2 0.0410475 0.869895 0.0109034 0.0116088 0.0444447 0.00583743 0.00510642 0.011157
-1 0.0907267 0.0271279 0.0512812 0.255362 0.52785 0.0160127 0.00990945 0.0217299
10 0.736575 0.0247113 0.0210983 0.0364262 0.145292 0.00777579 0.00543878 0.0226826
2 0.111786 0.0287624 0.113273 0.152323 0.0590731 0.0566854 0.446586 0.0315105
2 0.146594 0.0407362 0.0641753 0.0448997 0.145942 0.0281271 0.490597 0.0389283
2 0.0930714 0.0378848 0.0539524 0.0524323 0.161566 0.0292133 0.534851 0.0370284
2 0.116804 0.045343 0.0757782 0.0624814 0.178657 0.0291939 0.454651 0.0370911
2 0.154068 0.0540408 0.0978472 0.0572086 0.189248 0.0283767 0.380347 0.0388638
10 0.386109 0.059152 0.0769269 0.0420772 0.157822 0.0253401 0.210437 0.0421362
10 0.847466 0.0103549 0.03502 0.0438362 0.0277462 0.0157011 0.00673468 0.0131406
-4 0.156653 0.0511088 0.085235 0.236263 0.122284 0.0319646 0.0134413 0.303051
-2 0.0137838 0.904441 0.00856326 0.0152789 0.0247036 0.00526482 0.00425485 0.0237099
10 0.955357 0.00397833 0.00476486 0.0154521 0.0122304 0.00214386 0.00175655 0.00431683
10 0.974114 0.00382236 0.0025552 0.0022973 0.0130232 0.0010791 0.00097545 0.00213381
-1 0.000976192 0.00673145 0.000963951 0.0027888 0.965281 0.0112478 0.00121916 0.0107918
10 0.974114 0.00382236 0.0025552 0.0022973 0.0130232 0.0010791 0.00097545 0.00213381
-1 0.00159066 0.00799403 0.00158104 0.00400644 0.959298 0.0112037 0.00163765 0.0126881
-1 0.00119458 0.00494402 0.00088348 0.00261664 0.979119 0.00428977 0.00109696 0.00585528
10 0.974114 0.00382236 0.0025552 0.0022973 0.0130232 0.0010791 0.00097545 0.00213381
-1 0.00159066 0.00799403 0.00158104 0.00400644 0.959298 0.0112037 0.00163765 0.0126881
-1 0.000926925 0.00351254 0.000873092 0.00268259 0.982974 0.00262517 0.00109702 0.00530906
-1 0.00135046 0.00537684 0.00102848 0.00306369 0.978271 0.00336213 0.00123745 0.00630957
-1 0.0033565 0.00532336 0.00110981 0.00322951 0.975379 0.00397718 0.00129768 0.00632717
10 0.974114 0.00382236 0.0025552 0.0022973 0.0130232 0.0010791 0.00097545 0.00213381
-2 0.00553319 0.754565 0.00480092 0.00682846 0.204332 0.00882106 0.0036646 0.0114541
-1 0.00601323 0.0048588 0.00211999 0.00528256 0.971451 0.00276683 0.00191157 0.00559575
-1 0.00500503 0.00554104 0.00201478 0.00480955 0.970087 0.00375818 0.00180635 0.00697779
10 0.974114 0.00382236 0.0025552 0.0022973 0.0130232 0.0010791 0.00097545 0.00213381
-2 0.00549068 0.863044 0.004676 0.00648682 0.0956492 0.0104702 0.00369245 0.0104904
-1 0.00608486 0.00474617 0.00199203 0.00506272 0.971326 0.00278229 0.00183696 0.00616944
-1 0.00227021 0.00487227 0.00197462 0.00480119 0.974691 0.00251877 0.00177917 0.00709241
-1 0.0032676 0.00515648 0.00129161 0.0036145 0.975881 0.00315984 0.00141493 0.00621404
-1 0.00524107 0.00608847 0.00151981 0.00398131 0.969796 0.00442813 0.00156125 0.00738402
10 0.974114 0.00382236 0.0025552 0.0022973 0.0130232 0.0010791 0.00097545 0.00213381
-3 0.0140849 0.031025 0.0112655 0.0124641 0.16641 0.699277 0.00960677 0.0558666
-2 0.0091756 0.866194 0.0054114 0.00737513 0.0835281 0.0065305 0.00406241 0.0177231
-1 0.0317314 0.00965254 0.00205304 0.00481775 0.937982 0.00372851 0.0018526 0.00818194
10 0.974114 0.00382236 0.0025552 0.0022973 0.0130232 0.0010791 0.00097545 0.00213381
-3 0.0087726 0.0184234 0.00768819 0.00959037 0.05748 0.86615 0.00785534 0.0240402
-2 0.00798427 0.896645 0.00486273 0.00673966 0.0530181 0.00596907 0.00386938 0.0209115
-1 0.00389247 0.0063019 0.00171388 0.00444637 0.971961 0.00241134 0.00169615 0.00757687
-1 0.00239605 0.00373048 0.0010074 0.00306896 0.981849 0.00215029 0.00122251 0.00457529
-1 0.00299561 0.0037443 0.000822355 0.00258171 0.981199 0.00307768 0.00107468 0.00450483
10 0.974114 0.00382236 0.0025552 0.0022973 0.0130232 0.0010791 0.00097545 0.00213381
1 0.0117019 0.00459444 0.966208 0.00304446 0.00494031 0.00194143 0.00201884 0.00555042
1 0.0104749 0.00314438 0.960771 0.00501098 0.00666954 0.00493301 0.00273451 0.00626136
10 0.974114 0.00382236 0.0025552 0.0022973 0.0130232 0.0010791 0.00097545 0.00213381
10 0.980036 0.00229 0.00520919 0.00173422 0.00357995 0.00149917 0.00117087 0.00448062
1 0.00545681 0.00301847 0.948775 0.0213265 0.00565739 0.00885929 0.00354825 0.00335844
10 0.974114 0.00382236 0.0025552 0.0022973 0.0130232 0.0010791 0.00097545 0.00213381
10 0.971665 0.00275275 0.00782008 0.0035451 0.0065816 0.00197255 0.00146849 0.00419411
1 0.00594484 0.00350495 0.95208 0.0157845 0.00677712 0.00817136 0.00390528 0.0038317
1 0.0105206 0.00523829 0.940569 0.00811377 0.0193201 0.00652474 0.00327498 0.00643882
10 0.974114 0.00382236 0.0025552 0.0022973 0.0130232 0.0010791 0.00097545 0.00213381
10 0.977897 0.00299145 0.00671778 0.00201866 0.00297994 0.00155415 0.00132961 0.00451161
1 0.00792096 0.00431339 0.945796 0.0169142 0.00859207 0.00795307 0.00379308 0.00471734
1 0.00912944 0.00465711 0.939445 0.00912872 0.0207532 0.00733011 0.00314052 0.00641581
1 0.0118787 0.0048276 0.953365 0.00654705 0.0100782 0.00397345 0.00325701 0.0060729
10 0.974114 0.00382236 0.0025552 0.0022973 0.0130232 0.0010791 0.00097545 0.00213381
10 0.959239 0.00974124 0.00930659 0.00629217 0.006631 0.00204973 0.00177337 0.0049673
1 0.00828225 0.00513402 0.943678 0.0151353 0.0106983 0.00701444 0.00435456 0.0057037
1 0.0118285 0.00355861 0.958172 0.00572657 0.0075687 0.00427301 0.00301946 0.00585298
1 0.0118787 0.0048276 0.953365 0.00654705 0.0100782 0.00397345 0.00325701 0.0060729
10 0.974114 0.00382236 0.0025552 0.0022973 0.0130232 0.0010791 0.00097545 0.00213381
10 0.882863 0.020196 0.0170861 0.0300998 0.0310069 0.00424563 0.00276494 0.0117376
10 0.894029 0.00507516 0.0283099 0.0384018 0.0119596 0.00977183 0.00605331 0.00639964
1 0.0136646 0.00601333 0.923955 0.0201054 0.0126939 0.012031 0.00483234 0.00670394
10 0.974114 0.00382236 0.0025552 0.0022973 0.0130232 0.0010791 0.00097545 0.00213381
10 0.917999 0.0228685 0.0151211 0.0132554 0.0134393 0.00302817 0.00226218 0.0120262
10 0.93084 0.00392669 0.0131459 0.0274479 0.00916387 0.00670773 0.00374709 0.00502071
1 0.00828788 0.00453771 0.941229 0.0167594 0.00903128 0.0109749 0.00424982 0.00493043
1 0.0105206 0.00523829 0.940569 0.00811377 0.0193201 0.00652474 0.00327498 0.00643882
10 0.974114 0.00382236 0.0025552 0.0022973 0.0130232 0.0010791 0.00097545 0.00213381
10 0.917999 0.0228685 0.0151211 0.0132554 0.0134393 0.00302817 0.00226218 0.0120262
10 0.93084 0.00392669 0.0131459 0.0274479 0.00916387 0.00670773 0.00374709 0.00502071
1 0.0112541 0.00607125 0.928478 0.0179985 0.0125192 0.0118736 0.00523409 0.00657114
1 0.00900617 0.00519339 0.938576 0.00903586 0.0224142 0.00589555 0.00367956 0.00619978
1 0.0154004 0.00615425 0.939547 0.00723467 0.0152158 0.00458778 0.00421516 0.0076447
10 0.974114 0.00382236 0.0025552 0.0022973 0.0130232 0.0010791 0.00097545 0.00213381
10 0.977897 0.00299145 0.00671778 0.00201866 0.00297994 0.00155415 0.00132961 0.00451161
1 0.0114305 0.00495022 0.932488 0.0211702 0.010335 0.00988545 0.004194 0.00554702
1 0.070515 0.0220057 0.512528 0.180136 0.129933 0.0419868 0.0109265 0.0319682
-3 0.0779529 0.0280482 0.0609017 0.131433 0.0986536 0.552147 0.0183185 0.0325449
-2 0.00703796 0.93863 0.00481044 0.0102262 0.0246178 0.00341279 0.00281138 0.00845382
-1 0.00506615 0.00353401 0.00401909 0.0192352 0.960183 0.00205718 0.00164854 0.0042572
10 0.974114 0.00382236 0.0025552 0.0022973 0.0130232 0.0010791 0.00097545 0.00213381
10 0.977897 0.00299145 0.00671778 0.00201866 0.00297994 0.00155415 0.00132961 0.00451161
1 0.00906092 0.00445692 0.935794 0.0243587 0.0092093 0.00848509 0.00363109 0.0050039
1 0.0314296 0.00957473 0.837241 0.0222311 0.0661111 0.0171915 0.00491 0.0113111
1 0.0608955 0.0169469 0.564609 0.177951 0.113242 0.0267645 0.0116199 0.0279714
-3 0.0983895 0.0389038 0.0859358 0.180899 0.132903 0.398047 0.0267775 0.0381438
-2 0.0127287 0.890566 0.00705308 0.0136298 0.055814 0.00480734 0.00364381 0.0117573
-1 0.0054511 0.00352929 0.00362106 0.0192276 0.959669 0.00226343 0.00176405 0.00447455
10 0.974114 0.00382236 0.0025552 0.0022973 0.0130232 0.0010791 0.00097545 0.00213381
-1 0.00151539 0.00569029 0.0015725 0.00416093 0.967122 0.00685062 0.00164059 0.0114478
-1 0.00134715 0.00539861 0.0010273 0.00307215 0.978305 0.0033311 0.00124232 0.00627675
-1 0.00363271 0.00535296 0.00111372 0.00322219 0.974985 0.00401247 0.00129991 0.00638081
10 0.974114 0.00382236 0.0025552 0.0022973 0.0130232 0.0010791 0.00097545 0.00213381
-1 0.00236493 0.00905398 0.0021057 0.00487422 0.953773 0.0112708 0.00195392 0.0146037
-1 0.00248832 0.00655567 0.00164799 0.00423379 0.97201 0.00390299 0.00162983 0.00753142
-1 0.00453993 0.00685826 0.00279767 0.00605458 0.965128 0.0037763 0.00218457 0.00866071
-1 0.00619729 0.00675423 0.00273274 0.00591583 0.961623 0.00698036 0.00217575 0.00762098
-1 0.0063739 0.00691709 0.00273059 0.00593248 0.963365 0.00473987 0.00217175 0.00776895
10 0.974114 0.00382236 0.0025552 0.0022973 0.0130232 0.0010791 0.00097545 0.00213381
-1 0.00180782 0.0040433 0.00173639 0.00451309 0.97267 0.00518917 0.00172172 0.00831879
-1 0.00278418 0.00694957 0.00177752 0.00410758 0.959821 0.0161232 0.00169679 0.0067397
-1 0.00427329 0.00663894 0.00169642 0.00425034 0.970097 0.00459066 0.00164538 0.00680792
10 0.974114 0.00382236 0.0025552 0.0022973 0.0130232 0.0010791 0.00097545 0.00213381
-1 0.00303641 0.00889247 0.00261525 0.00587587 0.951525 0.00892467 0.00224794 0.0168827
-1 0.00255357 0.0078294 0.00175968 0.00449433 0.968292 0.00415119 0.0017246 0.00919561
-1 0.00638131 0.00745182 0.00197085 0.00480378 0.962381 0.00554031 0.00184654 0.00962433
10 0.974114 0.00382236 0.0025552 0.0022973 0.0130232 0.0010791 0.00097545 0.00213381
-1 0.00220759 0.00619146 0.00204433 0.00501115 0.964856 0.00651469 0.00191082 0.0112644
-1 0.00307875 0.00772763 0.00182881 0.00420095 0.957496 0.0164228 0.00173779 0.00750711
-1 0.004578 0.00677091 0.00167873 0.00434918 0.969107 0.00466737 0.00167685 0.00717173
10 0.974114 0.00382236 0.0025552 0.0022973 0.0130232 0.0010791 0.00097545 0.00213381
-1 0.00275567 0.0138632 0.00221362 0.00493817 0.945468 0.0134309 0.00201284 0.0153175
-1 0.00225173 0.00453838 0.00163866 0.00425759 0.97686 0.00264696 0.00160591 0.00620112
-1 0.0047014 0.00737433 0.00313544 0.00637066 0.95817 0.00829045 0.00235627 0.0096018
-1 0.00498013 0.00653209 0.00234189 0.00535618 0.968165 0.00374399 0.00196949 0.00691158
-1 0.00953832 0.00792987 0.00321639 0.00657073 0.954881 0.00557523 0.00240421 0.0098845
10 0.974114 0.00382236 0.0025552 0.0022973 0.0130232 0.0010791 0.00097545 0.00213381
-2 0.014033 0.691314 0.0102437 0.0120172 0.127556 0.0466586 0.0069491 0.0912283
-1 0.0449705 0.425315 0.006836 0.00951427 0.487025 0.00780673 0.00454451 0.0139884
-1 0.0223969 0.00441552 0.00234099 0.00538813 0.952768 0.00429316 0.00198954 0.00640741
10 0.974114 0.00382236 0.0025552 0.0022973 0.0130232 0.0010791 0.00097545 0.00213381
-2 0.00757358 0.863499 0.00597225 0.00781856 0.0837299 0.0110299 0.00436359 0.0160137
-1 0.00855729 0.00610585 0.00231371 0.00559432 0.966482 0.00270597 0.00202623 0.00621436
-1 0.00596255 0.00651784 0.00204644 0.00497252 0.966687 0.00399805 0.00186579 0.0079499
10 0.974114 0.00382236 0.0025552 0.0022973 0.0130232 0.0010791 0.00097545 0.00213381
-2 0.00351027 0.944922 0.00316095 0.00477502 0.0237887 0.00855794 0.00295957 0.00832572
-1 0.00821766 0.00723634 0.00214122 0.0052698 0.965281 0.0029541 0.00193361 0.00696629
-1 0.00214298 0.00491038 0.00174978 0.00460836 0.977134 0.00233322 0.0017029 0.00541795
-1 0.00336418 0.00529413 0.00110824 0.00321711 0.975412 0.0039779 0.00129745 0.00632905
10 0.974114 0.00382236 0.0025552 0.0022973 0.0130232 0.0010791 0.00097545 0.00213381
-2 0.00699514 0.907484 0.00537448 0.00716479 0.0432203 0.0121746 0.00414536 0.0134417
-1 0.0124744 0.00915739 0.00333268 0.00709697 0.949883 0.00436424 0.0025461 0.0111457
-1 0.00482368 0.00890034 0.00304869 0.00660242 0.95942 0.00408036 0.00237923 0.0107455
-1 0.00638131 0.00745182 0.00197085 0.00480378 0.962381 0.00554031 0.00184654 0.00962433
10 0.974114 0.00382236 0.0025552 0.0022973 0.0130232 0.0010791 0.00097545 0.00213381
-2 0.00701173 0.893258 0.00537051 0.00712671 0.0579208 0.0120263 0.00410492 0.0131809
-1 0.0137805 0.00918462 0.00275938 0.00609829 0.953189 0.00448209 0.00223052 0.00827575
-1 0.0047586 0.00654078 0.00301118 0.00643376 0.964628 0.00352893 0.00229642 0.00880192
-1 0.0047014 0.00737433 0.00313544 0.00637066 0.95817 0.00829045 0.00235627 0.0096018
-1 0.00498013 0.00653209 0.00234189 0.00535618 0.968165 0.00374399 0.00196949 0.00691158
-1 0.00953832 0.00792987 0.00321639 0.00657073 0.954881 0.00557523 0.00240421 0.0098845
10 0.974114 0.00382236 0.0025552 0.0022973 0.0130232 0.0010791 0.00097545 0.00213381
10 0.974114 0.00382236 0.0025552 0.0022973 0.0130232 0.0010791 0.00097545 0.00213381
10 0.974114 0.00382236 0.0025552 0.0022973 0.0130232 0.0010791 0.00097545 0.00213381
10 0.974114 0.00382236 0.0025552 0.0022973 0.0130232 0.0010791 0.00097545 0.00213381
10 0.974114 0.00382236 0.0025552 0.0022973 0.0130232 0.0010791 0.00097545 0.00213381
10 0.974114 0.00382236 0.0025552 0.0022973 0.0130232 0.0010791 0.00097545 0.00213381
10 0.974114 0.00382236 0.0025552 0.0022973 0.0130232 0.0010791 0.00097545 0.00213381
10 0.974114 0.00382236 0.0025552 0.0022973 0.0130232 0.0010791 0.00097545 0.00213381
10 0.974114 0.00382236 0.0025552 0.0022973 0.0130232 0.0010791 0.00097545 0.00213381
-4 0.004513 0.00743814 0.00490788 0.00774976 0.0132805 0.016866 0.00736645 0.937878
-2 0.00707963 0.929485 0.0056782 0.00757684 0.0221786 0.00540384 0.00413705 0.018461
10 0.962074 0.00481046 0.00314293 0.0052498 0.0136136 0.00367686 0.00212776 0.00530483
-4 0.00469039 0.00761486 0.00493555 0.00774175 0.0119196 0.0126387 0.00741583 0.943043
-4 0.00679568 0.0135971 0.00625348 0.00925778 0.0132222 0.00832972 0.00802892 0.934515
-2 0.00923261 0.928427 0.00578285 0.00766753 0.0205952 0.00541129 0.00416917 0.0187141
10 0.962074 0.00481046 0.00314293 0.0052498 0.0136136 0.00367686 0.00212776 0.00530483
-4 0.00424761 0.00748829 0.00464743 0.00747457 0.0117422 0.0128639 0.0073004 0.944236
-4 0.00676514 0.0135411 0.00625249 0.00926674 0.0131736 0.0080998 0.00804554 0.934856
-4 0.0079497 0.0137247 0.00638742 0.00939392 0.0131468 0.00825129 0.00807184 0.933074
-2 0.0125245 0.925388 0.00598015 0.00784156 0.0205662 0.00545976 0.00421758 0.0180218
10 0.961358 0.00488539 0.00331313 0.00541736 0.0136827 0.00372029 0.00218551 0.00543777
-4 0.00469039 0.00761486 0.00493555 0.00774175 0.0119196 0.0126387 0.00741583 0.943043
-4 0.00679568 0.0135971 0.00625348 0.00925778 0.0132222 0.00832972 0.00802892 0.934515
-2 0.00923261 0.928427 0.00578285 0.00766753 0.0205952 0.00541129 0.00416917 0.0187141
10 0.962074 0.00481046 0.00314293 0.0052498 0.0136136 0.00367686 0.00212776 0.00530483
-4 0.00424761 0.00748829 0.00464743 0.00747457 0.0117422 0.0128639 0.0073004 0.944236
-4 0.00676514 0.0135411 0.00625249 0.00926674 0.0131736 0.0080998 0.00804554 0.934856
-4 0.0079497 0.0137247 0.00638742 0.00939392 0.0131468 0.00825129 0.00807184 0.933074
-2 0.0125245 0.925388 0.00598015 0.00784156 0.0205662 0.00545976 0.00421758 0.0180218
10 0.961358 0.00488539 0.00331313 0.00541736 0.0136827 0.00372029 0.00218551 0.00543777
-4 0.00429274 0.00459083 0.00432261 0.00542998 0.00763478 0.00886843 0.00665363 0.958207
-4 0.0108611 0.0178517 0.00802139 0.0111441 0.0160244 0.009294 0.00902229 0.917781
-4 0.0101974 0.0160205 0.00742751 0.0107737 0.013846 0.00870572 0.00849262 0.924537
-2 0.0147934 0.919609 0.0070366 0.0090547 0.0197566 0.00579191 0.00448924 0.0194682
10 0.958657 0.0054017 0.00436008 0.00666918 0.0120439 0.00371889 0.00235667 0.00679294
-4 0.00378305 0.00571658 0.00389927 0.00656528 0.00961228 0.0127763 0.00646243 0.951185
-2 0.00599891 0.942252 0.00472259 0.00665312 0.0172757 0.0045829 0.00362064 0.0148945
10 0.966304 0.00420216 0.0027823 0.00497299 0.0122652 0.00309465 0.0019078 0.00447115
-4 0.00402706 0.00581998 0.00408382 0.00626028 0.00877824 0.0101421 0.00674647 0.954142
-4 0.00625057 0.0123701 0.00565214 0.0087572 0.0113303 0.00748414 0.00742988 0.940726
-2 0.0077044 0.94082 0.00486769 0.00678564 0.0162639 0.00462739 0.00367161 0.0152591
10 0.966304 0.00420216 0.0027823 0.00497299 0.0122652 0.00309465 0.0019078 0.00447115
-4 0.00362003 0.00552934 0.00369829 0.00584559 0.00809906 0.0102239 0.00652899 0.956455
-4 0.00712121 0.0141718 0.0061974 0.00921867 0.0126865 0.00794031 0.00795139 0.934713
-4 0.00754312 0.0133215 0.00600337 0.00910935 0.0117395 0.00770123 0.0076808 0.936901
-2 0.0107198 0.936258 0.00522412 0.00714286 0.0167108 0.0048198 0.00381388 0.0153104
10 0.965451 0.00436594 0.00302891 0.00520745 0.0119491 0.00324357 0.00201206 0.00474244
-2 0.0129047 0.951872 0.00706196 0.00702443 0.0108268 0.0030307 0.00290592 0.00437348
10 0.923399 0.00330504 0.00546523 0.0261845 0.0356427 0.0017037 0.00146391 0.00283552
1 0.0133024 0.0116512 0.930425 0.00710144 0.030171 0.00200021 0.0019861 0.00336282
-2 0.0129047 0.951872 0.00706196 0.00702443 0.0108268 0.0030307 0.00290592 0.00437348
10 0.923399 0.00330504 0.00546523 0.0261845 0.0356427 0.0017037 0.00146391 0.00283552
-1 0.139569 0.0468487 0.031547 0.0887537 0.668124 0.0067293 0.00564156 0.0127869
-1 0.0108359 0.00772209 0.00585328 0.0153101 0.954948 0.000842944 0.000795591 0.00369193
-1 0.0127555 0.00642396 0.00552062 0.0216474 0.947843 0.00107599 0.00108386 0.00364972
10 0.950276 0.00987906 0.00764216 0.0107963 0.0158573 0.00177759 0.00165964 0.00211206
1 0.0037939 0.00239454 0.96625 0.0120024 0.004353 0.00514441 0.00340048 0.0026609
-2 0.0129047 0.951872 0.00706196 0.00702443 0.0108268 0.0030307 0.00290592 0.00437348
10 0.923399 0.00330504 0.00546523 0.0261845 0.0356427 0.0017037 0.00146391 0.00283552
1 0.0133024 0.0116512 0.930425 0.00710144 0.030171 0.00200021 0.0019861 0.00336282
-1 0.139569 0.0468487 0.031547 0.0887537 0.668124 0.0067293 0.00564156 0.0127869
-1 0.0108359 0.00772209 0.00585328 0.0153101 0.954948 0.000842944 0.000795591 0.00369193
-1 0.0127555 0.00642396 0.00552062 0.0216474 0.947843 0.00107599 0.00108386 0.00364972
-2 0.0287462 0.89405 0.01137 0.0264972 0.0235157 0.00539372 0.00465773 0.00576994
10 0.845701 0.0079114 0.0112893 0.0555721 0.0699321 0.00299158 0.00237127 0.00423085
1 0.0128604 0.00538107 0.934725 0.0169461 0.0109272 0.00889896 0.00435284 0.00590851
