labels -2 1 10 0 -1 -3 2 -4
-2 0.910688 0.0132805 0.0199574 0.0200557 0.00478243 0.012101 0.00563953 0.0134951
1 0.00783029 0.889288 0.0145909 0.042806 0.0118295 0.0095588 0.00923866 0.0148583
10 0.0110684 0.0213958 0.896876 0.0338302 0.00453972 0.013124 0.00528477 0.0138808
10 0.00498147 0.0222176 0.888758 0.0413471 0.00346858 0.0223857 0.00539993 0.0114414
-2 0.925666 0.00854307 0.0152668 0.0171655 0.00512132 0.010726 0.00500266 0.012509
0 0.0152768 0.0709884 0.121168 0.694942 0.0286399 0.0289212 0.00927335 0.0307907
1 0.0146919 0.883848 0.0226076 0.0265811 0.0153212 0.0109689 0.0101007 0.015881
10 0.0103836 0.0176304 0.915957 0.0263135 0.00355235 0.0110745 0.00547256 0.00961651
-2 0.925666 0.00854307 0.0152668 0.0171655 0.00512132 0.010726 0.00500266 0.012509
0 0.0143405 0.072157 0.124106 0.704816 0.0210293 0.0289588 0.00931519 0.0252771
1 0.0130661 0.883297 0.023038 0.0317191 0.0121712 0.0112081 0.0102932 0.0152078
1 0.0124416 0.8959 0.0207008 0.0261981 0.00647274 0.0124502 0.0129698 0.0128667
10 0.0133673 0.0219573 0.892658 0.0334572 0.00566836 0.01185 0.00678615 0.0142555
-2 0.908733 0.0132379 0.0203628 0.0211853 0.00490556 0.0123523 0.00568362 0.013539
10 0.00502438 0.011293 0.900382 0.0560518 0.0058623 0.00769471 0.00330194 0.0103901
1 0.00886493 0.882097 0.0230585 0.0292656 0.00714925 0.0192602 0.0138667 0.0164384
1 0.0136293 0.873856 0.0240412 0.0347472 0.00675206 0.0198213 0.0125059 0.0146472
1 0.0146305 0.886486 0.0210128 0.0262761 0.00762989 0.0138492 0.0139796 0.0161356
-2 0.910572 0.0132067 0.0199726 0.0204603 0.00477378 0.0121986 0.00566291 0.0131531
1 0.00709888 0.895737 0.0140643 0.0430664 0.00909482 0.00936079 0.00924498 0.0123332
1 0.0109804 0.887471 0.0221364 0.0294742 0.00574999 0.0163849 0.0118324 0.0159712
1 0.0101537 0.900089 0.0203412 0.0275155 0.0056413 0.0115359 0.0115219 0.0132016
10 0.0133673 0.0219573 0.892658 0.0334572 0.00566836 0.01185 0.00678615 0.0142555
10 0.0144261 0.0118553 0.932059 0.0214656 0.0035285 0.00531254 0.00266683 0.00868651
10 0.00452442 0.0214635 0.890803 0.0476058 0.00308214 0.0167917 0.00540072 0.0103292
1 0.00854111 0.872082 0.0243 0.0314036 0.00700728 0.0263588 0.0141494 0.0161578
1 0.0136293 0.873856 0.0240412 0.0347472 0.00675206 0.0198213 0.0125059 0.0146472
1 0.0146305 0.886486 0.0210128 0.0262761 0.00762989 0.0138492 0.0139796 0.0161356
-2 0.910572 0.0132067 0.0199726 0.0204603 0.00477378 0.0121986 0.00566291 0.0131531
1 0.00703485 0.895646 0.0144114 0.0430824 0.00869748 0.00932172 0.00925812 0.0125479
1 0.0123744 0.897524 0.0198588 0.0221277 0.00523837 0.0152459 0.0115619 0.0160693
1 0.0109344 0.883899 0.0229297 0.0324233 0.00618927 0.0168133 0.0116948 0.0151165
10 0.00973029 0.0218758 0.895922 0.0375717 0.00434257 0.0117381 0.00580293 0.0130167
10 0.00598815 0.0229133 0.884583 0.0399646 0.00431787 0.0226591 0.00573034 0.013844
10 0.0163475 0.0103242 0.89734 0.0378706 0.0068789 0.00765435 0.00298916 0.0205957
0 0.00791422 0.0637932 0.0615065 0.67214 0.00433403 0.156855 0.0107477 0.0227088
-2 0.883944 0.0132049 0.0248171 0.0354258 0.00780381 0.0170646 0.0051995 0.0125405
-1 0.00914023 0.0061576 0.00964915 0.0189402 0.944824 0.00466133 0.00166125 0.00496618
-1 0.0104404 0.00724958 0.0118391 0.0157158 0.944263 0.00473512 0.00199352 0.00376346
-1 0.0104465 0.00589682 0.0126923 0.0117116 0.948744 0.00435968 0.00186203 0.00428739
-2 0.908733 0.0132379 0.0203628 0.0211853 0.00490556 0.0123523 0.00568362 0.013539
10 0.00516563 0.0108234 0.901021 0.0558805 0.00686722 0.00728604 0.0030863 0.00986979
1 0.00773543 0.870467 0.0228248 0.0382778 0.00626472 0.0260855 0.0134198 0.0149245
0 0.0221835 0.0546366 0.0886698 0.649756 0.0085784 0.134653 0.0103617 0.0311606
0 0.0346021 0.0473832 0.0834911 0.695397 0.0462005 0.0529667 0.0118879 0.0280718
-2 0.903012 0.0116577 0.0145108 0.0228153 0.0188876 0.0118657 0.00648106 0.0107697
-1 0.00281881 0.00346905 0.00636965 0.00915682 0.970459 0.00342607 0.00141912 0.00288147
10 0.0163475 0.0103242 0.89734 0.0378706 0.0068789 0.00765435 0.00298916 0.0205957
0 0.00791422 0.0637932 0.0615065 0.67214 0.00433403 0.156855 0.0107477 0.0227088
-2 0.883944 0.0132049 0.0248171 0.0354258 0.00780381 0.0170646 0.0051995 0.0125405
-1 0.00949624 0.00670648 0.0102049 0.0175634 0.942779 0.00554053 0.00210263 0.00560693
-1 0.0113143 0.00788049 0.0133646 0.0152271 0.938517 0.00556044 0.00251721 0.00561895
-1 0.00827126 0.0059367 0.0119856 0.0101845 0.950929 0.00508709 0.00226495 0.00534069
10 0.00767228 0.00810671 0.951895 0.0134976 0.00325163 0.00543008 0.00269317 0.00745396
1 0.00743943 0.882194 0.0231791 0.0344768 0.00606134 0.0201048 0.0121332 0.0144116
-3 0.0237522 0.0331959 0.0562947 0.178858 0.0108275 0.625522 0.0102864 0.0612638
-2 0.889578 0.0102561 0.0174924 0.0212072 0.0110935 0.0140125 0.00595208 0.0304086
-1 0.0160743 0.00507565 0.00715752 0.0107883 0.946378 0.00605066 0.00291699 0.0055589
-1 0.00527027 0.00888964 0.0123491 0.0170392 0.942199 0.00597539 0.00296312 0.00531458
-2 0.910688 0.0132805 0.0199574 0.0200557 0.00478243 0.012101 0.00563953 0.0134951
1 0.0081779 0.886649 0.0186102 0.0413789 0.0125031 0.00959094 0.0093098 0.0137799
10 0.0108875 0.0197687 0.899966 0.0289435 0.00476154 0.0118537 0.00481624 0.0190029
-3 0.0148857 0.0334303 0.0511421 0.198813 0.0108207 0.644316 0.0112869 0.035305
-2 0.893923 0.0103856 0.0241164 0.0200778 0.0116712 0.012131 0.00568547 0.0220097
-1 0.0103285 0.00809108 0.0130975 0.017808 0.933573 0.0068312 0.00305225 0.00721881
-1 0.00988465 0.00884709 0.013949 0.0155075 0.93516 0.00694376 0.00323404 0.00647421
-1 0.0120572 0.0080296 0.014645 0.0134705 0.93234 0.00769571 0.0039566 0.00780523
-1 0.0121796 0.00787037 0.0146367 0.0112656 0.933761 0.00831264 0.00413043 0.0078441
-1 0.0120148 0.00772212 0.0143478 0.010197 0.936755 0.00705459 0.00410202 0.00780711
-2 0.910688 0.0132805 0.0199574 0.0200557 0.00478243 0.012101 0.00563953 0.0134951
1 0.00759991 0.89086 0.0150007 0.0429058 0.0104854 0.00931278 0.00923046 0.0146051
10 0.00850227 0.0180385 0.922425 0.0183101 0.00365376 0.0107781 0.0045664 0.0137259
10 0.00581618 0.0230658 0.887922 0.0387338 0.00410351 0.0214968 0.0055508 0.013311
-3 0.0148899 0.0396869 0.048924 0.19789 0.0108687 0.640966 0.0113238 0.0354512
-2 0.888563 0.0119953 0.0246553 0.0200367 0.0126021 0.0134425 0.0059829 0.0227223
-1 0.0076317 0.00772841 0.0133742 0.0150232 0.939161 0.00666829 0.00305375 0.0073595
-1 0.0106163 0.0091792 0.0148213 0.0138173 0.930821 0.00931113 0.00351944 0.00791417
-1 0.00859273 0.00673695 0.0128618 0.0117484 0.942358 0.00724461 0.00378811 0.00666954
-1 0.0116712 0.00819766 0.0147898 0.0128339 0.93147 0.00811936 0.00456637 0.00835181
-1 0.0115837 0.00824346 0.0151232 0.0116423 0.928357 0.00876707 0.00689103 0.00939215
-1 0.0113829 0.00827187 0.015146 0.0110971 0.92807 0.00903432 0.00720098 0.00979661
-1 0.0121387 0.00808109 0.0149244 0.010595 0.93053 0.00813484 0.00660804 0.00898788
-1 0.0115656 0.00824358 0.0147524 0.0104847 0.932364 0.00757513 0.00618753 0.00882683
-2 0.919001 0.00976334 0.0196174 0.0167056 0.00536585 0.0109043 0.00512862 0.013514
0 0.0166352 0.0897124 0.105412 0.69636 0.0267609 0.0288661 0.00952477 0.0267293
10 0.00872053 0.0171577 0.928604 0.0162607 0.00700115 0.00703875 0.0034768 0.0117404
1 0.00778573 0.875917 0.0233651 0.0365222 0.00633629 0.0216419 0.013488 0.0149438
-3 0.0195641 0.0339781 0.0392734 0.214843 0.0106664 0.642589 0.00924446 0.0298415
-2 0.897286 0.0103026 0.0154111 0.0191183 0.0173868 0.0132338 0.00597627 0.0212852
-1 0.00870205 0.00579182 0.00815006 0.00998969 0.950748 0.00668807 0.00307055 0.00685964
-1 0.0119461 0.00810423 0.0118833 0.00922171 0.941691 0.00678573 0.00339282 0.00697552
-1 0.0112022 0.00753016 0.0139753 0.0112487 0.939379 0.00642392 0.00329042 0.00695051
-2 0.925666 0.00854307 0.0152668 0.0171655 0.00512132 0.010726 0.00500266 0.012509
0 0.0152541 0.0711394 0.122647 0.69805 0.0241498 0.0287921 0.00931861 0.030649
1 0.0136132 0.897098 0.0201032 0.0193201 0.0116929 0.0107598 0.0103936 0.0170197
10 0.0111164 0.018929 0.872738 0.0515182 0.00439571 0.0183208 0.00526882 0.0177129
-3 0.0150701 0.0494854 0.0461744 0.188134 0.0107902 0.640002 0.0156788 0.0346646
-2 0.912669 0.00885834 0.013905 0.0146207 0.0159419 0.011993 0.005329 0.0166831
-1 0.00650826 0.00412818 0.00552021 0.00666867 0.964087 0.00573087 0.00262714 0.00472964
-1 0.0113824 0.00704656 0.00998788 0.0078679 0.947178 0.00744942 0.00315915 0.00592873
-1 0.011809 0.00698763 0.0138526 0.0105067 0.940998 0.00622127 0.00308861 0.00653631
10 0.0202078 0.0144189 0.90753 0.03277 0.00411388 0.00771059 0.00367461 0.00957381
1 0.00772387 0.886221 0.0211605 0.0320308 0.00651557 0.0196968 0.0118961 0.014755
10 0.00830784 0.0162793 0.926619 0.0178055 0.00238885 0.0112457 0.00447366 0.0128805
10 0.00581618 0.0230658 0.887922 0.0387338 0.00410351 0.0214968 0.0055508 0.013311
-3 0.0155618 0.0478443 0.0410552 0.197236 0.011214 0.637507 0.0129417 0.0366396
-2 0.905408 0.00878014 0.0214583 0.0161336 0.014172 0.0117338 0.00534019 0.0169742
-1 0.00694542 0.00714751 0.00940453 0.0125035 0.949418 0.00600317 0.00264139 0.00593656
-1 0.0101663 0.00631456 0.00917913 0.00824436 0.950413 0.00645014 0.00365749 0.00557503
-1 0.0118251 0.00811952 0.0139678 0.0127597 0.931433 0.00921852 0.0043904 0.00828616
-1 0.0122114 0.00594141 0.0104558 0.00859349 0.947146 0.00638972 0.00372757 0.00553429
-1 0.0100308 0.00801956 0.0142126 0.0105717 0.937485 0.00713146 0.00443177 0.00811683
10 0.0172742 0.011174 0.914252 0.027684 0.00531312 0.00870712 0.00403189 0.0115634
1 0.00816588 0.873929 0.0230192 0.0386462 0.00688137 0.019407 0.0147259 0.0152251
10 0.0119669 0.0204232 0.901095 0.0263927 0.0075243 0.0118161 0.00639786 0.0143841
10 0.0149595 0.00823777 0.933978 0.0185842 0.00338293 0.00690618 0.0036194 0.0103316
1 0.00839665 0.876768 0.0170128 0.0430274 0.00690856 0.0183465 0.0139303 0.0156097
10 0.0118997 0.0210037 0.893425 0.0331708 0.00527148 0.0134782 0.00598252 0.0157688
10 0.00498147 0.0222176 0.888758 0.0413471 0.00346858 0.0223857 0.00539993 0.0114414
10 0.0161665 0.00962309 0.916589 0.0250904 0.00652108 0.00839342 0.0040574 0.0135587
0 0.0127868 0.0696129 0.120475 0.690776 0.00895427 0.0537966 0.0154426 0.0281565
10 0.0147382 0.0223415 0.885808 0.0337437 0.0133145 0.00990707 0.00478872 0.0153578
1 0.00700772 0.879353 0.0231577 0.0374069 0.00573739 0.0209628 0.0127536 0.0136212
10 0.016434 0.0109961 0.915456 0.0260064 0.0053763 0.00853375 0.00414102 0.0130562
10 0.00565935 0.0166084 0.886484 0.0542178 0.00406314 0.0141906 0.0060041 0.0127728
1 0.00919936 0.87548 0.0239204 0.0297807 0.00743323 0.0236497 0.0134857 0.0170512
1 0.0152165 0.876633 0.0237658 0.0304086 0.00668409 0.0196125 0.012525 0.0151543
10 0.0125987 0.0105758 0.92593 0.0213503 0.00471682 0.00799694 0.00396609 0.0128654
10 0.00502455 0.0148169 0.890386 0.055822 0.00369819 0.0132432 0.00507735 0.0119319
10 0.00683403 0.0223799 0.891345 0.0378098 0.00480924 0.0165238 0.00581441 0.0144842
1 0.00854111 0.872082 0.0243 0.0314036 0.00700728 0.0263588 0.0141494 0.0161578
1 0.0136293 0.873856 0.0240412 0.0347472 0.00675206 0.0198213 0.0125059 0.0146472
1 0.0146305 0.886486 0.0210128 0.0262761 0.00762989 0.0138492 0.0139796 0.0161356
10 0.0149595 0.00823777 0.933978 0.0185842 0.00338293 0.00690618 0.0036194 0.0103316
1 0.0083935 0.877225 0.0222368 0.0383065 0.00688291 0.0180988 0.0132632 0.0155937
10 0.0122361 0.0224053 0.872676 0.0423457 0.00708564 0.0169968 0.00613745 0.0201167
-3 0.0178584 0.0527734 0.0522658 0.172819 0.0130044 0.634901 0.0167275 0.0396506
-2 0.894781 0.0104857 0.0180625 0.0176189 0.0169584 0.0139337 0.0061562 0.0220041
-1 0.00806664 0.0063914 0.0094137 0.0100982 0.949434 0.00662437 0.00310402 0.00686804
-1 0.0106543 0.00832676 0.0136501 0.008829 0.941435 0.00657363 0.00334391 0.00718768
10 0.0149595 0.00823777 0.933978 0.0185842 0.00338293 0.00690618 0.0036194 0.0103316
1 0.00792297 0.891893 0.0204648 0.0293589 0.00673255 0.0168079 0.0118612 0.0149583
10 0.00961692 0.0182925 0.915713 0.0194753 0.00450121 0.0116618 0.00521555 0.0155239
10 0.00581618 0.0230658 0.887922 0.0387338 0.00410351 0.0214968 0.0055508 0.013311
-3 0.0148899 0.0396869 0.048924 0.19789 0.0108687 0.640966 0.0113238 0.0354512
-2 0.888563 0.0119953 0.0246553 0.0200367 0.0126021 0.0134425 0.0059829 0.0227223
-1 0.0076317 0.00772841 0.0133742 0.0150232 0.939161 0.00666829 0.00305375 0.0073595
-1 0.0106163 0.0091792 0.0148213 0.0138173 0.930821 0.00931113 0.00351944 0.00791417
-1 0.00859273 0.00673695 0.0128618 0.0117484 0.942358 0.00724461 0.00378811 0.00666954
-1 0.0116712 0.00819766 0.0147898 0.0128339 0.93147 0.00811936 0.00456637 0.00835181
-1 0.0115837 0.00824346 0.0151232 0.0116423 0.928357 0.00876707 0.00689103 0.00939215
-1 0.0113829 0.00827187 0.015146 0.0110971 0.92807 0.00903432 0.00720098 0.00979661
-1 0.0121387 0.00808109 0.0149244 0.010595 0.93053 0.00813484 0.00660804 0.00898788
-1 0.0115656 0.00824358 0.0147524 0.0104847 0.932364 0.00757513 0.00618753 0.00882683
10 0.0209015 0.017293 0.895758 0.0317328 0.00756117 0.00881698 0.00408617 0.0138507
10 0.00583995 0.0222082 0.893486 0.0374615 0.00426741 0.0178525 0.00583068 0.0130537
-3 0.0210814 0.0618622 0.0596074 0.127058 0.0161516 0.65223 0.0182926 0.0437175
10 0.0198231 0.00895144 0.901482 0.0219559 0.0140384 0.00943286 0.00445729 0.0198589
2 0.0247884 0.0548372 0.0680621 0.0571291 0.0149516 0.0651778 0.679256 0.0357973
2 0.0408565 0.0366011 0.0769767 0.0478559 0.0254624 0.0456848 0.679907 0.0466553
2 0.0449571 0.0349771 0.0713663 0.0436363 0.0324209 0.0447638 0.677172 0.050706
2 0.047072 0.0362124 0.0750445 0.0395312 0.0297097 0.0418385 0.680796 0.0497956
2 0.0459178 0.0371612 0.0786648 0.035641 0.0267661 0.0403378 0.68726 0.0482515
10 0.00892194 0.0109778 0.940346 0.0169174 0.00465911 0.00550453 0.002792 0.00988109
10 0.00535801 0.0226287 0.884871 0.0438902 0.00378518 0.0215266 0.00551766 0.0124226
-3 0.0206802 0.0597098 0.0567357 0.122806 0.0159316 0.662712 0.0177574 0.0436677
10 0.0198231 0.00895144 0.901482 0.0219559 0.0140384 0.00943286 0.00445729 0.0198589
2 0.0247884 0.0548372 0.0680621 0.0571291 0.0149516 0.0651778 0.679256 0.0357973
2 0.0408565 0.0366011 0.0769767 0.0478559 0.0254624 0.0456848 0.679907 0.0466553
2 0.0449571 0.0349771 0.0713663 0.0436363 0.0324209 0.0447638 0.677172 0.050706
2 0.047072 0.0362124 0.0750445 0.0395312 0.0297097 0.0418385 0.680796 0.0497956
2 0.0459178 0.0371612 0.0786648 0.035641 0.0267661 0.0403378 0.68726 0.0482515
-4 0.0169225 0.0183118 0.0289628 0.0355146 0.0138912 0.0369726 0.00967818 0.839746
-4 0.0304519 0.0149668 0.0265327 0.0293607 0.0158314 0.035651 0.0110334 0.836172
-2 0.885141 0.0115678 0.0202724 0.0177876 0.00934895 0.0152504 0.00673126 0.0339007
10 0.0087932 0.0116862 0.886357 0.0447005 0.0186993 0.00835483 0.00375829 0.0176511
10 0.0121182 0.00732874 0.938622 0.0207889 0.00663399 0.00495263 0.00223071 0.00732434
-3 0.0350561 0.0129271 0.0156663 0.0395404 0.0725236 0.688124 0.0117683 0.124394
-2 0.901582 0.00731574 0.00984932 0.011306 0.0106974 0.0167107 0.00629103 0.0362481
-1 0.015234 0.00410843 0.0109486 0.00574097 0.933613 0.0116947 0.00344129 0.0152187
-1 0.0145708 0.00327714 0.00878048 0.00480283 0.934193 0.0156271 0.00293721 0.015811
10 0.0121182 0.00732874 0.938622 0.0207889 0.00663399 0.00495263 0.00223071 0.00732434
1 0.0137487 0.895754 0.0203377 0.0247082 0.00674755 0.0108162 0.00986833 0.0180188
1 0.0127834 0.886502 0.0217735 0.0268587 0.00510625 0.016193 0.011791 0.0189917
1 0.0109887 0.893997 0.0200235 0.0250376 0.00589256 0.0128918 0.0114961 0.0196727
10 0.0121182 0.00732874 0.938622 0.0207889 0.00663399 0.00495263 0.00223071 0.00732434
10 0.018207 0.014133 0.911949 0.0227378 0.0048385 0.00761073 0.00346965 0.0170547
1 0.00769515 0.875289 0.0232774 0.0378188 0.00641805 0.0214566 0.0133583 0.0146862
10 0.0121182 0.00732874 0.938622 0.0207889 0.00663399 0.00495263 0.00223071 0.00732434
10 0.0199162 0.0203313 0.887256 0.0376256 0.0051836 0.00946234 0.00404188 0.0161834
1 0.00865375 0.882851 0.0230913 0.0262028 0.00720153 0.0214934 0.0143609 0.0161456
1 0.0129449 0.891002 0.0205837 0.0216938 0.00686596 0.0138693 0.012729 0.0203117
10 0.0121182 0.00732874 0.938622 0.0207889 0.00663399 0.00495263 0.00223071 0.00732434
-1 0.0116799 0.00270208 0.00269606 0.00437437 0.942139 0.0170981 0.00267663 0.0166339
-1 0.01234 0.0017978 0.00302217 0.00301468 0.955779 0.0108078 0.00201371 0.011225
-1 0.00954191 0.00173146 0.00617382 0.00274266 0.95846 0.0105616 0.00192896 0.00885948
10 0.0121182 0.00732874 0.938622 0.0207889 0.00663399 0.00495263 0.00223071 0.00732434
-1 0.0128837 0.0026964 0.00315214 0.00451605 0.939579 0.0188388 0.00271648 0.0156177
-1 0.0145689 0.00172659 0.00330799 0.00297055 0.944286 0.0159881 0.00196381 0.0151884
10 0.0121182 0.00732874 0.938622 0.0207889 0.00663399 0.00495263 0.00223071 0.00732434
-1 0.0118516 0.00309504 0.00331604 0.00495524 0.939764 0.0173123 0.0029408 0.0167646
-1 0.0150158 0.00207389 0.00372553 0.00353879 0.943279 0.0150312 0.00221397 0.0151218
-1 0.0144771 0.00222386 0.00775937 0.00359278 0.939516 0.0147866 0.00231474 0.0153294
10 0.0121182 0.00732874 0.938622 0.0207889 0.00663399 0.00495263 0.00223071 0.00732434
-1 0.0134934 0.00377055 0.00560948 0.00576939 0.933375 0.0185131 0.00333142 0.0161372
-1 0.0133753 0.00420393 0.00786763 0.00620589 0.929947 0.0201714 0.00350135 0.0147272
-1 0.0153156 0.00473657 0.00921788 0.00634444 0.929475 0.0152864 0.00369352 0.0159302
-1 0.013653 0.00493331 0.00907022 0.00642755 0.93088 0.0143356 0.00375273 0.0169475
-1 0.0134368 0.00559584 0.0101202 0.0068486 0.92907 0.0140624 0.00398534 0.0168811
-1 0.0126357 0.00614566 0.0118094 0.00715417 0.928148 0.0134061 0.00416334 0.0165377
-1 0.0130771 0.0056323 0.0121533 0.00691149 0.928353 0.0138857 0.00400853 0.0159784
-1 0.0130153 0.00535713 0.0119967 0.00675235 0.928595 0.0143027 0.00391853 0.0160624
10 0.0121182 0.00732874 0.938622 0.0207889 0.00663399 0.00495263 0.00223071 0.00732434
-2 0.908118 0.00566544 0.00647395 0.0102836 0.0170094 0.0244026 0.00561031 0.0224366
-1 0.0123899 0.00375682 0.0117851 0.00538489 0.939038 0.00894863 0.00329758 0.0153992
-1 0.0148086 0.00388689 0.00712814 0.0056228 0.935241 0.0142455 0.00333982 0.0157268
-1 0.00954191 0.00173146 0.00617382 0.00274266 0.95846 0.0105616 0.00192896 0.00885948
10 0.0121182 0.00732874 0.938622 0.0207889 0.00663399 0.00495263 0.00223071 0.00732434
-2 0.908118 0.00566544 0.00647395 0.0102836 0.0170094 0.0244026 0.00561031 0.0224366
-1 0.0126793 0.00386378 0.012086 0.00551459 0.936155 0.0105159 0.00334833 0.0158372
-1 0.0152142 0.00403891 0.00760956 0.00585472 0.931823 0.0159087 0.00342528 0.0161258
-1 0.0144661 0.00222334 0.0077537 0.00359147 0.939584 0.0147798 0.00231415 0.0152871
10 0.0121182 0.00732874 0.938622 0.0207889 0.00663399 0.00495263 0.00223071 0.00732434
-2 0.903042 0.00598135 0.00708794 0.0106197 0.0179851 0.0245576 0.00577339 0.0249525
-1 0.0121833 0.00403683 0.013517 0.00570425 0.936104 0.0110256 0.00341883 0.0140103
-1 0.0138614 0.00460518 0.00843365 0.00620308 0.931513 0.0147295 0.00362347 0.0170312
-1 0.0136912 0.00480965 0.00869418 0.00631297 0.932744 0.0133015 0.00370269 0.0167438
-1 0.0134466 0.0044736 0.00997225 0.00637213 0.928218 0.0189735 0.00360209 0.0149417
-1 0.0146885 0.00459894 0.011054 0.00626474 0.92944 0.014617 0.00364769 0.0156886
10 0.0121182 0.00732874 0.938622 0.0207889 0.00663399 0.00495263 0.00223071 0.00732434
-4 0.0162412 0.00765893 0.0102257 0.0174825 0.0270301 0.0852001 0.0092031 0.826958
-2 0.900564 0.00839655 0.0107139 0.0125144 0.00857209 0.0164303 0.00675289 0.0360562
10 0.0100868 0.00532652 0.923432 0.0142843 0.0143825 0.0114562 0.00437878 0.0166526
10 0.0121182 0.00732874 0.938622 0.0207889 0.00663399 0.00495263 0.00223071 0.00732434
10 0.0121182 0.00732874 0.938622 0.0207889 0.00663399 0.00495263 0.00223071 0.00732434
10 0.0121182 0.00732874 0.938622 0.0207889 0.00663399 0.00495263 0.00223071 0.00732434
10 0.0121182 0.00732874 0.938622 0.0207889 0.00663399 0.00495263 0.00223071 0.00732434
-4 0.0185131 0.00818231 0.0118071 0.0173943 0.0204833 0.0636284 0.00984952 0.850142
-4 0.0308478 0.0124984 0.0188151 0.0201175 0.0194808 0.04168 0.0117295 0.844831
-2 0.897894 0.00853175 0.0131079 0.0127162 0.00843489 0.0163614 0.00680859 0.0361453
10 0.0100868 0.00532652 0.923432 0.0142843 0.0143825 0.0114562 0.00437878 0.0166526
10 0.0121182 0.00732874 0.938622 0.0207889 0.00663399 0.00495263 0.00223071 0.00732434
10 0.0121182 0.00732874 0.938622 0.0207889 0.00663399 0.00495263 0.00223071 0.00732434
-4 0.0180218 0.00745619 0.0102687 0.01685 0.0194285 0.0643585 0.00960994 0.854006
-4 0.0305894 0.0124924 0.0186494 0.0200883 0.0191894 0.0402928 0.0117749 0.846923
-4 0.0310245 0.0128003 0.021231 0.0204472 0.0191585 0.0411866 0.011844 0.842308
-2 0.894388 0.00879625 0.0161226 0.0130168 0.00838045 0.0163718 0.00692964 0.0359942
10 0.0102351 0.00565332 0.921179 0.0146949 0.0148361 0.011617 0.0045127 0.017272
10 0.0121182 0.00732874 0.938622 0.0207889 0.00663399 0.00495263 0.00223071 0.00732434
10 0.0121182 0.00732874 0.938622 0.0207889 0.00663399 0.00495263 0.00223071 0.00732434
-4 0.018712 0.0128034 0.0209534 0.0214238 0.0293378 0.0690525 0.0100321 0.817685
-2 0.894125 0.00928934 0.0144577 0.0136799 0.0090879 0.0164975 0.00694199 0.0359205
10 0.0119523 0.00712642 0.904735 0.0173928 0.0147766 0.0116521 0.00464492 0.0277197
