labels -2 1 10 0 -1 -3 2 -4
10 0.0121182 0.00732874 0.938622 0.0207889 0.00663399 0.00495263 0.00223071 0.00732434
10 0.00760201 0.00647889 0.959402 0.0127872 0.00243772 0.00416517 0.00209608 0.00503109
1 0.00492777 0.85215 0.0216231 0.0659758 0.00368524 0.0307456 0.0108164 0.0100762
-2 0.854792 0.0199278 0.0417184 0.0372883 0.00810508 0.0159418 0.00701162 0.0152147
10 0.0123823 0.0171393 0.822777 0.0829805 0.0355655 0.010748 0.00426689 0.0141411
1 0.0106907 0.860067 0.0301182 0.0315587 0.00913374 0.0239239 0.0141211 0.0203868
-2 0.850544 0.0216187 0.0451554 0.0368576 0.00772329 0.0155789 0.00701946 0.015503
1 0.0150223 0.796017 0.0227757 0.0692298 0.0587463 0.0122212 0.00995151 0.0160365
10 0.0110613 0.0216455 0.905896 0.0260293 0.00653718 0.0109527 0.00554417 0.0123343
10 0.0101549 0.00916994 0.94504 0.0176131 0.00413034 0.00444059 0.0022325 0.0072185
10 0.00447404 0.0463298 0.782402 0.10746 0.00289144 0.0391707 0.00668938 0.0105826
10 0.0160717 0.0157051 0.906976 0.0344518 0.00659625 0.00775858 0.00318203 0.00925814
10 0.00720573 0.113917 0.738839 0.0617281 0.00543188 0.0464396 0.0108054 0.0156338
1 0.0100945 0.835139 0.0313315 0.0388673 0.00862869 0.0421043 0.0144105 0.0194242
-2 0.890929 0.0173424 0.0317111 0.0202258 0.00562006 0.0128484 0.00600771 0.0153161
10 0.0109996 0.0307718 0.784453 0.119986 0.0202428 0.0116359 0.0046118 0.0172992
10 0.0105249 0.194871 0.646871 0.0551073 0.00844032 0.0503083 0.0121738 0.0217028
1 0.0100945 0.835139 0.0313315 0.0388673 0.00862869 0.0421043 0.0144105 0.0194242
-2 0.919001 0.00976334 0.0196174 0.0167056 0.00536585 0.0109043 0.00512862 0.013514
0 0.0178646 0.0894835 0.105011 0.687674 0.0331215 0.0295931 0.00977848 0.0274735
10 0.014531 0.0235798 0.888912 0.0343302 0.0131677 0.00888684 0.00408304 0.0125096
1 0.00700772 0.879353 0.0231577 0.0374069 0.00573739 0.0209628 0.0127536 0.0136212
10 0.00924008 0.01097 0.940594 0.0211378 0.00328715 0.00618004 0.00269195 0.00589859
1 0.00535971 0.89468 0.0166967 0.0324449 0.0041661 0.0244406 0.0118811 0.0103307
1 0.0152165 0.876633 0.0237658 0.0304086 0.00668409 0.0196125 0.012525 0.0151543
-2 0.908733 0.0132379 0.0203628 0.0211853 0.00490556 0.0123523 0.00568362 0.013539
10 0.00502438 0.011293 0.900382 0.0560518 0.0058623 0.00769471 0.00330194 0.0103901
1 0.00719574 0.897315 0.0162214 0.025489 0.00575325 0.0223283 0.0120886 0.0136087
1 0.0152165 0.876633 0.0237658 0.0304086 0.00668409 0.0196125 0.012525 0.0151543
-2 0.910572 0.0132067 0.0199726 0.0204603 0.00477378 0.0121986 0.00566291 0.0131531
1 0.009183 0.843077 0.02283 0.0716598 0.0141639 0.0110436 0.00966963 0.0183732
1 0.0112156 0.880007 0.0324327 0.0259214 0.0053556 0.01672 0.0120236 0.0163243
10 0.00863613 0.018604 0.911737 0.0321758 0.00280788 0.0103748 0.00473597 0.0109287
10 0.0101549 0.00916994 0.94504 0.0176131 0.00413034 0.00444059 0.0022325 0.0072185
10 0.00447404 0.0463298 0.782402 0.10746 0.00289144 0.0391707 0.00668938 0.0105826
10 0.0144261 0.0118553 0.932059 0.0214656 0.0035285 0.00531254 0.00266683 0.00868651
10 0.00452442 0.0214635 0.890803 0.0476058 0.00308214 0.0167917 0.00540072 0.0103292
1 0.00746411 0.87118 0.0193698 0.0298522 0.00610767 0.0388291 0.0128855 0.0143117
1 0.0152165 0.876633 0.0237658 0.0304086 0.00668409 0.0196125 0.012525 0.0151543
-2 0.890929 0.0173424 0.0317111 0.0202258 0.00562006 0.0128484 0.00600771 0.0153161
10 0.0109996 0.0307718 0.784453 0.119986 0.0202428 0.0116359 0.0046118 0.0172992
10 0.00964622 0.11023 0.766255 0.0446568 0.00751456 0.0310153 0.0106669 0.0200151
1 0.0107139 0.861809 0.0250448 0.025077 0.00918707 0.0326047 0.0153293 0.0202338
1 0.0243763 0.833059 0.0326268 0.0328942 0.0131112 0.0249949 0.0177074 0.0212307
-2 0.910572 0.0132067 0.0199726 0.0204603 0.00477378 0.0121986 0.00566291 0.0131531
1 0.009183 0.843077 0.02283 0.0716598 0.0141639 0.0110436 0.00966963 0.0183732
1 0.0117725 0.873289 0.0280642 0.0297978 0.0069841 0.018948 0.0130368 0.0181079
10 0.00973029 0.0218758 0.895922 0.0375717 0.00434257 0.0117381 0.00580293 0.0130167
10 0.00598815 0.0229133 0.884583 0.0399646 0.00431787 0.0226591 0.00573034 0.013844
-2 0.919001 0.00976334 0.0196174 0.0167056 0.00536585 0.0109043 0.00512862 0.013514
0 0.0178646 0.0894835 0.105011 0.687674 0.0331215 0.0295931 0.00977848 0.0274735
10 0.0171465 0.0373511 0.840973 0.0539629 0.0167894 0.0133751 0.00537128 0.0150306
1 0.00776841 0.89328 0.0195864 0.0240092 0.00640371 0.0201521 0.0140607 0.0147393
1 0.0243763 0.833059 0.0326268 0.0328942 0.0131112 0.0249949 0.0177074 0.0212307
10 0.00951106 0.0087426 0.953052 0.0137543 0.00206149 0.00463494 0.00241081 0.00583254
1 0.00704734 0.820814 0.0532845 0.0662264 0.00528016 0.0218207 0.0117902 0.0137365
1 0.0167128 0.837727 0.0307901 0.0483029 0.00548083 0.0335149 0.0113039 0.0161676
1 0.00928561 0.913184 0.0162225 0.0245998 0.00440863 0.0103682 0.0103253 0.0116058
10 0.0101549 0.00916994 0.94504 0.0176131 0.00413034 0.00444059 0.0022325 0.0072185
10 0.00447404 0.0463298 0.782402 0.10746 0.00289144 0.0391707 0.00668938 0.0105826
-2 0.890929 0.0173424 0.0317111 0.0202258 0.00562006 0.0128484 0.00600771 0.0153161
10 0.0103271 0.0348145 0.766253 0.141792 0.0133653 0.011858 0.00465113 0.0169389
10 0.00632459 0.0309569 0.879533 0.040358 0.00449234 0.0187353 0.00593518 0.013665
1 0.00854111 0.872082 0.0243 0.0314036 0.00700728 0.0263588 0.0141494 0.0161578
1 0.0136293 0.873856 0.0240412 0.0347472 0.00675206 0.0198213 0.0125059 0.0146472
1 0.0146305 0.886486 0.0210128 0.0262761 0.00762989 0.0138492 0.0139796 0.0161356
-2 0.919001 0.00976334 0.0196174 0.0167056 0.00536585 0.0109043 0.00512862 0.013514
0 0.0189243 0.161578 0.115642 0.595638 0.0374031 0.02725 0.00974512 0.0338195
10 0.0166605 0.0338426 0.872454 0.0357589 0.0130639 0.00969717 0.00428424 0.0142385
10 0.00719872 0.0661793 0.814545 0.0506112 0.00543525 0.0301194 0.0103005 0.0156106
1 0.012473 0.847453 0.0340371 0.0288784 0.0107439 0.0262352 0.0168822 0.023297
1 0.0246703 0.823709 0.0346239 0.0393572 0.0127221 0.0258463 0.0178859 0.0211847
1 0.0237792 0.810627 0.0398063 0.0355372 0.0190019 0.0207299 0.0241942 0.0263242
-2 0.925666 0.00854307 0.0152668 0.0171655 0.00512132 0.010726 0.00500266 0.012509
0 0.0141829 0.0799222 0.13067 0.693452 0.0190333 0.0282318 0.00918263 0.0253255
1 0.0134753 0.896944 0.0203935 0.0245489 0.00904114 0.0116525 0.0105824 0.0133618
1 0.0125297 0.874254 0.0225487 0.0401718 0.00541704 0.0199375 0.0120501 0.0130911
1 0.0116652 0.87391 0.0242749 0.0359616 0.00912462 0.0149971 0.0139957 0.0160705
10 0.0164231 0.026593 0.869379 0.0399643 0.00811933 0.0139039 0.00831004 0.0173078
10 0.00925202 0.0292801 0.852704 0.0446063 0.00719406 0.0289219 0.00742708 0.0206144
10 0.0163475 0.0103242 0.89734 0.0378706 0.0068789 0.00765435 0.00298916 0.0205957
0 0.00916288 0.0845701 0.060406 0.601514 0.00535938 0.199927 0.0142228 0.0248383
-2 0.853777 0.0171891 0.0249821 0.0532032 0.0104565 0.0204321 0.00539471 0.0145658
-1 0.00847172 0.0106786 0.0317245 0.0584251 0.87539 0.00538945 0.00204557 0.00787546
10 0.00760201 0.00647889 0.959402 0.0127872 0.00243772 0.00416517 0.00209608 0.00503109
1 0.00659429 0.86512 0.0204266 0.0487946 0.00522087 0.0275067 0.0134632 0.0128734
0 0.0281859 0.0612651 0.0656973 0.405883 0.012051 0.384724 0.0118765 0.030317
-2 0.653984 0.0397523 0.0637452 0.161742 0.029869 0.0192404 0.00972452 0.0219425
-1 0.00314769 0.00362697 0.00713886 0.0106976 0.967282 0.00340022 0.00142629 0.00328046
10 0.00760201 0.00647889 0.959402 0.0127872 0.00243772 0.00416517 0.00209608 0.00503109
1 0.00528083 0.854578 0.019708 0.0615941 0.00398702 0.0313905 0.0129764 0.0104851
0 0.0384903 0.115052 0.125729 0.484973 0.0129087 0.182622 0.0136476 0.0265769
-1 0.0625455 0.0343079 0.0796112 0.297267 0.482123 0.016613 0.00695403 0.0205783
-1 0.0104465 0.00589682 0.0126923 0.0117116 0.948744 0.00435968 0.00186203 0.00428739
-2 0.908733 0.0132379 0.0203628 0.0211853 0.00490556 0.0123523 0.00568362 0.013539
10 0.00743337 0.019449 0.877004 0.0576583 0.0100515 0.00947435 0.00404698 0.0148829
1 0.0119049 0.852785 0.0325377 0.031542 0.0101845 0.0244022 0.0141617 0.0224817
-3 0.0318711 0.0444152 0.0599073 0.160366 0.0118344 0.646356 0.0105843 0.034666
-2 0.925946 0.00758473 0.0107552 0.0170083 0.0123464 0.0089876 0.00426304 0.0131085
-1 0.00505872 0.00439506 0.00628774 0.0120899 0.960479 0.00520761 0.00226021 0.00422227
-1 0.0173161 0.00621556 0.00893259 0.00760398 0.947274 0.00543875 0.00259432 0.00462426
-1 0.0105566 0.00761979 0.0150117 0.0129332 0.939182 0.00565376 0.00268415 0.00635899
-2 0.910688 0.0132805 0.0199574 0.0200557 0.00478243 0.012101 0.00563953 0.0134951
1 0.0081779 0.886649 0.0186102 0.0413789 0.0125031 0.00959094 0.0093098 0.0137799
10 0.0117152 0.0246387 0.870805 0.0451145 0.00646718 0.0168981 0.00551107 0.01885
-3 0.0178584 0.0527734 0.0522658 0.172819 0.0130044 0.634901 0.0167275 0.0396506
-2 0.894781 0.0104857 0.0180625 0.0176189 0.0169584 0.0139337 0.0061562 0.0220041
-1 0.00806664 0.0063914 0.0094137 0.0100982 0.949434 0.00662437 0.00310402 0.00686804
-1 0.0106543 0.00832676 0.0136501 0.008829 0.941435 0.00657363 0.00334391 0.00718768
10 0.00892194 0.0109778 0.940346 0.0169174 0.00465911 0.00550453 0.002792 0.00988109
10 0.0059066 0.049804 0.843537 0.0564631 0.00413491 0.0204054 0.00648797 0.0132608
-3 0.0173694 0.0555156 0.0433747 0.198443 0.0132718 0.618431 0.0143455 0.0392485
-2 0.851379 0.0156251 0.0265328 0.028728 0.0176513 0.016805 0.00731402 0.0359644
-1 0.0126968 0.0164073 0.0169878 0.0385594 0.895083 0.00807608 0.00357962 0.00860976
-1 0.0181216 0.00666499 0.0445007 0.00821071 0.904642 0.00677212 0.00334609 0.0077415
-1 0.0155453 0.011914 0.024695 0.0179961 0.905554 0.00791217 0.00386113 0.0125227
10 0.00892194 0.0109778 0.940346 0.0169174 0.00465911 0.00550453 0.002792 0.00988109
10 0.0059066 0.049804 0.843537 0.0564631 0.00413491 0.0204054 0.00648797 0.0132608
-3 0.0190485 0.0671205 0.0544165 0.240813 0.0144368 0.546395 0.0159493 0.0418212
-2 0.906972 0.00921293 0.0171035 0.0169198 0.0139176 0.0120103 0.00538106 0.0184828
-1 0.00556394 0.00606764 0.00959076 0.0151292 0.950157 0.00547718 0.00249043 0.00552409
-1 0.0105776 0.00774563 0.0131805 0.00761529 0.944324 0.00581418 0.00280976 0.00793349
10 0.0144261 0.0118553 0.932059 0.0214656 0.0035285 0.00531254 0.00266683 0.00868651
10 0.00688647 0.0599576 0.812686 0.0596425 0.00510498 0.0329174 0.00732013 0.0154849
1 0.0108787 0.837587 0.0323178 0.0366627 0.00929471 0.0384896 0.0140396 0.0207303
-3 0.0318711 0.0444152 0.0599073 0.160366 0.0118344 0.646356 0.0105843 0.034666
-2 0.925946 0.00758473 0.0107552 0.0170083 0.0123464 0.0089876 0.00426304 0.0131085
-1 0.00506079 0.00439691 0.00629906 0.0120964 0.960469 0.00519919 0.00226063 0.00421837
-1 0.0173302 0.00621928 0.00893756 0.00760887 0.947233 0.00544409 0.00259531 0.00463156
-1 0.0105566 0.00761981 0.0150117 0.0129332 0.939182 0.00565378 0.00268415 0.00635914
10 0.0144261 0.0118553 0.932059 0.0214656 0.0035285 0.00531254 0.00266683 0.00868651
10 0.00688647 0.0599576 0.812686 0.0596425 0.00510498 0.0329174 0.00732013 0.0154849
1 0.0111107 0.836754 0.031223 0.0372214 0.00947964 0.0379539 0.0152249 0.021033
-3 0.0195641 0.0339781 0.0392734 0.214843 0.0106664 0.642589 0.00924446 0.0298415
-2 0.866183 0.0125289 0.0199835 0.0246736 0.0312376 0.0144654 0.00651773 0.0244101
-1 0.00428078 0.00364488 0.0049073 0.00621764 0.970102 0.00481714 0.00222148 0.00380829
-1 0.00735461 0.00633748 0.0101098 0.00621884 0.956229 0.00534159 0.00270844 0.00570039
-2 0.890929 0.0173424 0.0317111 0.0202258 0.00562006 0.0128484 0.00600771 0.0153161
10 0.0103271 0.0348145 0.766253 0.141792 0.0133653 0.011858 0.00465113 0.0169389
10 0.0103367 0.0898688 0.769083 0.0527744 0.0081516 0.0390707 0.00875857 0.0219568
1 0.0111107 0.836754 0.031223 0.0372214 0.00947964 0.0379539 0.0152249 0.021033
-3 0.0195641 0.0339781 0.0392734 0.214843 0.0106664 0.642589 0.00924446 0.0298415
-2 0.886021 0.0119364 0.0172902 0.0211964 0.0234974 0.0133617 0.00604246 0.020654
-1 0.00824096 0.00673361 0.00839915 0.016498 0.945503 0.00628562 0.00282197 0.00551742
-1 0.0154986 0.013056 0.0195286 0.0150336 0.918107 0.00843521 0.00352497 0.0068158
-1 0.022878 0.0901622 0.0158985 0.0126728 0.835829 0.00749264 0.00445166 0.0106156
10 0.0216569 0.0144492 0.884275 0.0392315 0.00929828 0.0115889 0.00495234 0.0145475
10 0.00927072 0.0996206 0.783292 0.0391587 0.00761191 0.0287848 0.0128079 0.0194535
1 0.0137614 0.815558 0.0510443 0.0379958 0.011915 0.0280203 0.0158813 0.0258238
10 0.0125987 0.0105758 0.92593 0.0213503 0.00471682 0.00799694 0.00396609 0.0128654
10 0.00748354 0.0231634 0.697218 0.217514 0.00505238 0.0236815 0.00829088 0.017596
10 0.0115854 0.146726 0.702754 0.0513773 0.00927718 0.0429982 0.0115941 0.0236883
1 0.0100945 0.835139 0.0313315 0.0388673 0.00862869 0.0421043 0.0144105 0.0194242
10 0.0213257 0.0102644 0.904281 0.0295121 0.00801046 0.00903643 0.00426653 0.0133036
1 0.0146342 0.434976 0.23931 0.193321 0.0115947 0.0542663 0.022813 0.0290847
1 0.0216547 0.820817 0.0453179 0.0334169 0.0244791 0.0157313 0.0139429 0.0246403
10 0.0103836 0.0176304 0.915957 0.0263135 0.00355235 0.0110745 0.00547256 0.00961651
10 0.019123 0.00872516 0.92697 0.0206619 0.00389055 0.00723723 0.0037296 0.00966281
1 0.0105591 0.845469 0.0377739 0.0389708 0.00894387 0.0216243 0.0172079 0.0194512
1 0.0170534 0.807843 0.0686603 0.0330679 0.00925432 0.0226484 0.016687 0.0247861
10 0.00863613 0.018604 0.911737 0.0321758 0.00280788 0.0103748 0.00473597 0.0109287
10 0.0125987 0.0105758 0.92593 0.0213503 0.00471682 0.00799694 0.00396609 0.0128654
10 0.00748354 0.0231634 0.697218 0.217514 0.00505238 0.0236815 0.00829088 0.017596
10 0.0101409 0.0681414 0.81599 0.0410389 0.00779612 0.0262614 0.0097648 0.020867
1 0.0107139 0.861809 0.0250448 0.025077 0.00918707 0.0326047 0.0153293 0.0202338
1 0.0243763 0.833059 0.0326268 0.0328942 0.0131112 0.0249949 0.0177074 0.0212307
10 0.019123 0.00872516 0.92697 0.0206619 0.00389055 0.00723723 0.0037296 0.00966281
1 0.0105591 0.845469 0.0377739 0.0389708 0.00894387 0.0216243 0.0172079 0.0194512
1 0.0181318 0.80577 0.0551002 0.0379561 0.0119174 0.0257037 0.0180501 0.0273709
10 0.00973029 0.0218758 0.895922 0.0375717 0.00434257 0.0117381 0.00580293 0.0130167
10 0.00598815 0.0229133 0.884583 0.0399646 0.00431787 0.0226591 0.00573034 0.013844
10 0.0161665 0.00962309 0.916589 0.0250904 0.00652108 0.00839342 0.0040574 0.0135587
0 0.0127868 0.0696129 0.120475 0.690776 0.00895427 0.0537966 0.0154426 0.0281565
10 0.0179587 0.0349486 0.83798 0.0518852 0.0177182 0.0146754 0.00632138 0.0185126
1 0.00776841 0.89328 0.0195864 0.0240092 0.00640371 0.0201521 0.0140607 0.0147393
1 0.0243763 0.833059 0.0326268 0.0328942 0.0131112 0.0249949 0.0177074 0.0212307
10 0.0213257 0.0102644 0.904281 0.0295121 0.00801046 0.00903643 0.00426653 0.0133036
10 0.0121863 0.113044 0.408103 0.368565 0.00836141 0.0473718 0.0158265 0.0265413
1 0.0196765 0.82024 0.0452905 0.0399745 0.0204246 0.0162629 0.0142152 0.0239161
1 0.0124416 0.8959 0.0207008 0.0261981 0.00647274 0.0124502 0.0129698 0.0128667
10 0.0133673 0.0219573 0.892658 0.0334572 0.00566836 0.01185 0.00678615 0.0142555
10 0.016434 0.0109961 0.915456 0.0260064 0.0053763 0.00853375 0.00414102 0.0130562
10 0.00565935 0.0166084 0.886484 0.0542178 0.00406314 0.0141906 0.0060041 0.0127728
1 0.0115312 0.841681 0.0441968 0.0345249 0.00942694 0.0220917 0.0155237 0.0210237
1 0.0136293 0.873856 0.0240412 0.0347472 0.00675206 0.0198213 0.0125059 0.0146472
1 0.0146305 0.886486 0.0210128 0.0262761 0.00762989 0.0138492 0.0139796 0.0161356
10 0.019123 0.00872516 0.92697 0.0206619 0.00389055 0.00723723 0.0037296 0.00966281
1 0.0119565 0.62122 0.128704 0.160794 0.00916698 0.0277048 0.0169856 0.0234683
1 0.0171117 0.825376 0.0453528 0.0375903 0.0101615 0.0229314 0.0167457 0.0247309
1 0.0101537 0.900089 0.0203412 0.0275155 0.0056413 0.0115359 0.0115219 0.0132016
10 0.0133673 0.0219573 0.892658 0.0334572 0.00566836 0.01185 0.00678615 0.0142555
10 0.019123 0.00872516 0.92697 0.0206619 0.00389055 0.00723723 0.0037296 0.00966281
1 0.0112523 0.692545 0.131402 0.0955338 0.00910094 0.0240109 0.014682 0.021473
1 0.0190115 0.837031 0.043096 0.0290647 0.00925108 0.0215165 0.016201 0.0248279
1 0.0109344 0.883899 0.0229297 0.0324233 0.00618927 0.0168133 0.0116948 0.0151165
10 0.00973029 0.0218758 0.895922 0.0375717 0.00434257 0.0117381 0.00580293 0.0130167
10 0.00598815 0.0229133 0.884583 0.0399646 0.00431787 0.0226591 0.00573034 0.013844
10 0.0161665 0.00962309 0.916589 0.0250904 0.00652108 0.00839342 0.0040574 0.0135587
1 0.0121743 0.510144 0.165712 0.211472 0.00974959 0.0485722 0.017142 0.0250343
10 0.0176663 0.0321775 0.866179 0.035859 0.0147033 0.0110296 0.00509414 0.0172916
10 0.00719872 0.0661793 0.814545 0.0506112 0.00543525 0.0301194 0.0103005 0.0156106
1 0.012473 0.847453 0.0340371 0.0288784 0.0107439 0.0262352 0.0168822 0.023297
1 0.0246703 0.823709 0.0346239 0.0393572 0.0127221 0.0258463 0.0178859 0.0211847
1 0.0237792 0.810627 0.0398063 0.0355372 0.0190019 0.0207299 0.0241942 0.0263242
10 0.0213257 0.0102644 0.904281 0.0295121 0.00801046 0.00903643 0.00426653 0.0133036
10 0.0100196 0.127702 0.582005 0.19935 0.00746637 0.0400434 0.0116731 0.02174
1 0.0203615 0.837 0.0428541 0.0318303 0.0156173 0.0166565 0.0143945 0.0212861
1 0.0125297 0.874254 0.0225487 0.0401718 0.00541704 0.0199375 0.0120501 0.0130911
1 0.0116652 0.87391 0.0242749 0.0359616 0.00912462 0.0149971 0.0139957 0.0160705
10 0.0164231 0.026593 0.869379 0.0399643 0.00811933 0.0139039 0.00831004 0.0173078
10 0.00925202 0.0292801 0.852704 0.0446063 0.00719406 0.0289219 0.00742708 0.0206144
10 0.016434 0.0109961 0.915456 0.0260064 0.0053763 0.00853375 0.00414102 0.0130562
10 0.0088953 0.0798814 0.814848 0.0373304 0.00720613 0.0234886 0.00902646 0.0193238
1 0.0154763 0.805133 0.0544007 0.0379538 0.0134408 0.0287827 0.0161138 0.028699
-3 0.0318711 0.0444152 0.0599073 0.160366 0.0118344 0.646356 0.0105843 0.034666
-2 0.925946 0.00758473 0.0107552 0.0170083 0.0123464 0.0089876 0.00426304 0.0131085
-1 0.00505872 0.00439506 0.00628774 0.0120899 0.960479 0.00520761 0.00226021 0.00422227
-1 0.0173161 0.00621556 0.00893259 0.00760398 0.947274 0.00543875 0.00259432 0.00462426
-1 0.0105566 0.00761979 0.0150117 0.0129332 0.939182 0.00565376 0.00268415 0.00635899
10 0.0125987 0.0105758 0.92593 0.0213503 0.00471682 0.00799694 0.00396609 0.0128654
10 0.00502455 0.0148169 0.890386 0.055822 0.00369819 0.0132432 0.00507735 0.0119319
10 0.0115108 0.0692873 0.792332 0.0500618 0.00908689 0.0347636 0.00879126 0.0241658
1 0.0111107 0.836754 0.031223 0.0372214 0.00947964 0.0379539 0.0152249 0.021033
-3 0.0289891 0.047665 0.0592447 0.219208 0.015421 0.579976 0.0120175 0.0374783
-2 0.843803 0.0152239 0.0260003 0.0365028 0.0333163 0.0145348 0.00662219 0.0239964
-1 0.00689807 0.0324391 0.00521694 0.00598346 0.93695 0.00516158 0.00263041 0.00472046
-1 0.00764294 0.0105359 0.0145683 0.00855322 0.943065 0.00708398 0.00274244 0.00580782
10 0.0161665 0.00962309 0.916589 0.0250904 0.00652108 0.00839342 0.0040574 0.0135587
0 0.010176 0.103906 0.342493 0.456442 0.00706824 0.04454 0.0116387 0.0237372
10 0.00988639 0.0173648 0.919777 0.0178584 0.00791815 0.00832209 0.00414407 0.0147287
1 0.00778573 0.875917 0.0233651 0.0365222 0.00633629 0.0216419 0.013488 0.0149438
-3 0.0195641 0.0339781 0.0392734 0.214843 0.0106664 0.642589 0.00924446 0.0298415
-2 0.897286 0.0103026 0.0154111 0.0191183 0.0173868 0.0132338 0.00597627 0.0212852
-1 0.00870205 0.00579182 0.00815006 0.00998969 0.950748 0.00668807 0.00307055 0.00685964
-1 0.0119461 0.00810423 0.0118833 0.00922171 0.941691 0.00678573 0.00339282 0.00697552
-1 0.0112022 0.00753016 0.0139753 0.0112487 0.939379 0.00642392 0.00329042 0.00695051
10 0.0213257 0.0102644 0.904281 0.0295121 0.00801046 0.00903643 0.00426653 0.0133036
1 0.0137824 0.457906 0.282032 0.136865 0.0113432 0.0520401 0.0188675 0.0271639
1 0.0204217 0.836745 0.042285 0.0254048 0.0192302 0.0155523 0.014113 0.0262479
10 0.0111164 0.018929 0.872738 0.0515182 0.00439571 0.0183208 0.00526882 0.0177129
-3 0.0150701 0.0494854 0.0461744 0.188134 0.0107902 0.640002 0.0156788 0.0346646
-2 0.912669 0.00885834 0.013905 0.0146207 0.0159419 0.011993 0.005329 0.0166831
-1 0.00650826 0.00412818 0.00552021 0.00666867 0.964087 0.00573087 0.00262714 0.00472964
-1 0.0113824 0.00704656 0.00998788 0.0078679 0.947178 0.00744942 0.00315915 0.00592873
-1 0.011809 0.00698763 0.0138526 0.0105067 0.940998 0.00622127 0.00308861 0.00653631
10 0.0203433 0.0131176 0.892198 0.023204 0.0240018 0.00754005 0.0038235 0.0157718
-3 0.019973 0.0684382 0.068187 0.16026 0.0149038 0.60692 0.0199089 0.041409
10 0.0257468 0.0124198 0.871113 0.0277154 0.0204129 0.0116363 0.00541526 0.0255408
2 0.0306057 0.0796741 0.124642 0.100304 0.0201993 0.0873798 0.512089 0.0451056
2 0.0564879 0.0528453 0.126751 0.0683216 0.0334899 0.0669888 0.530683 0.0644326
2 0.0488594 0.0439374 0.0919864 0.0557307 0.035136 0.0532614 0.613078 0.0580105
2 0.054942 0.0452024 0.0957965 0.0465736 0.0284888 0.04653 0.628984 0.0534829
2 0.0459178 0.0371612 0.0786648 0.035641 0.0267661 0.0403378 0.68726 0.0482515
-2 0.890929 0.0173424 0.0317111 0.0202258 0.00562006 0.0128484 0.00600771 0.0153161
10 0.0127202 0.058536 0.764936 0.0999695 0.0249967 0.012239 0.00524344 0.0213596
10 0.00905884 0.0388501 0.843862 0.0430382 0.00705082 0.0307542 0.00729831 0.0200871
-3 0.0206802 0.0597098 0.0567357 0.122806 0.0159316 0.662712 0.0177574 0.0436677
10 0.0198231 0.00895144 0.901482 0.0219559 0.0140384 0.00943286 0.00445729 0.0198589
2 0.0247884 0.0548372 0.0680621 0.0571291 0.0149516 0.0651778 0.679256 0.0357973
2 0.0408565 0.0366011 0.0769767 0.0478559 0.0254624 0.0456848 0.679907 0.0466553
2 0.0449571 0.0349771 0.0713663 0.0436363 0.0324209 0.0447638 0.677172 0.050706
2 0.047072 0.0362124 0.0750445 0.0395312 0.0297097 0.0418385 0.680796 0.0497956
2 0.0459178 0.0371612 0.0786648 0.035641 0.0267661 0.0403378 0.68726 0.0482515
-2 0.828519 0.0170036 0.0548174 0.0253874 0.0211979 0.017563 0.00809739 0.0274141
-1 0.0381536 0.0766826 0.206155 0.259586 0.325138 0.0302915 0.0121958 0.051797
10 0.0413582 0.0305835 0.699441 0.0410237 0.0960869 0.0202646 0.00946028 0.0617815
2 0.0346646 0.105668 0.183389 0.117107 0.0250659 0.107195 0.374714 0.0521953
2 0.066687 0.0616448 0.172665 0.0653842 0.0371154 0.0705398 0.450729 0.0752345
2 0.0636481 0.0593861 0.141207 0.073748 0.0436627 0.0722269 0.470521 0.0756006
2 0.0688246 0.0780531 0.166589 0.0816866 0.0423062 0.0701238 0.416114 0.076303
2 0.0803979 0.0872643 0.19291 0.0764374 0.0459554 0.0684401 0.367137 0.0814585
10 0.0823672 0.0702529 0.361856 0.0646832 0.0480522 0.0587197 0.227255 0.0868137
10 0.0181155 0.0700391 0.734581 0.0682383 0.015488 0.0420642 0.0126752 0.0387989
-4 0.0679466 0.102188 0.22764 0.154118 0.0367369 0.0705293 0.0177502 0.32309
-2 0.866468 0.0130202 0.02025 0.0207544 0.0117067 0.0157149 0.00693271 0.0451529
10 0.0087932 0.0116862 0.886357 0.0447005 0.0186993 0.00835483 0.00375829 0.0176511
-4 0.0525084 0.0667929 0.136999 0.0762955 0.0346405 0.0429559 0.0173595 0.572448
-4 0.112182 0.0385886 0.090454 0.0597754 0.0426332 0.0521483 0.0209393 0.58328
-4 0.0641677 0.0228823 0.0413086 0.0386512 0.0258712 0.0464248 0.0164046 0.74429
-2 0.847929 0.014491 0.0302371 0.020775 0.0162764 0.0187499 0.00812703 0.0434145
10 0.0131045 0.0140938 0.833029 0.0384189 0.0625186 0.0104109 0.00472097 0.0237035
10 0.0121182 0.00732874 0.938622 0.0207889 0.00663399 0.00495263 0.00223071 0.00732434
-1 0.0280864 0.00223366 0.00294979 0.00505098 0.857691 0.0473196 0.00254551 0.054123
10 0.0121182 0.00732874 0.938622 0.0207889 0.00663399 0.00495263 0.00223071 0.00732434
-1 0.0341774 0.00366499 0.00523551 0.00720518 0.821405 0.0527975 0.00358221 0.0719321
-1 0.0164054 0.00185137 0.00328742 0.00308063 0.939552 0.0175221 0.00200176 0.0162995
10 0.0121182 0.00732874 0.938622 0.0207889 0.00663399 0.00495263 0.00223071 0.00732434
-1 0.0156172 0.00208629 0.00222966 0.00403497 0.908534 0.0258064 0.00239975 0.0392914
-1 0.00970156 0.00111894 0.00180415 0.00198443 0.965695 0.0107006 0.00144104 0.0075545
-1 0.00918041 0.00118098 0.00438112 0.00210115 0.963571 0.010311 0.00150343 0.00777097
10 0.0121182 0.00732874 0.938622 0.0207889 0.00663399 0.00495263 0.00223071 0.00732434
-1 0.0341774 0.00366499 0.00523551 0.00720518 0.821405 0.0527975 0.00358221 0.0719321
-1 0.0129528 0.0019219 0.00246577 0.0030863 0.949446 0.0117809 0.00206136 0.0162851
-1 0.0157143 0.00214601 0.00389997 0.00346902 0.941481 0.0154464 0.00224024 0.0156031
-1 0.0156132 0.00226609 0.00844909 0.003698 0.936296 0.0150947 0.00233976 0.0162434
10 0.0121182 0.00732874 0.938622 0.0207889 0.00663399 0.00495263 0.00223071 0.00732434
-2 0.908118 0.00566544 0.00647395 0.0102836 0.0170094 0.0244026 0.00561031 0.0224366
-1 0.0122444 0.00252195 0.0238178 0.00385853 0.933078 0.00983497 0.00247833 0.0121659
10 0.0121182 0.00732874 0.938622 0.0207889 0.00663399 0.00495263 0.00223071 0.00732434
-2 0.821178 0.0109245 0.0139232 0.0163121 0.0446886 0.0343557 0.00856678 0.0500515
-1 0.0144208 0.00426952 0.0237041 0.00612747 0.920281 0.011762 0.00353111 0.0159043
-1 0.0170511 0.0046734 0.0130677 0.00655395 0.916978 0.0178902 0.00372579 0.0200601
10 0.0121182 0.00732874 0.938622 0.0207889 0.00663399 0.00495263 0.00223071 0.00732434
-2 0.908118 0.00566544 0.00647395 0.0102836 0.0170094 0.0244026 0.00561031 0.0224366
-1 0.0122687 0.00267791 0.0117851 0.00394533 0.943037 0.0084141 0.00260375 0.0152682
-1 0.0113014 0.00253664 0.00433077 0.00379809 0.952074 0.013186 0.00246908 0.0103038
-1 0.00918041 0.00118098 0.00438112 0.00210115 0.963571 0.010311 0.00150343 0.00777097
10 0.0121182 0.00732874 0.938622 0.0207889 0.00663399 0.00495263 0.00223071 0.00732434
-2 0.878768 0.00812018 0.0100055 0.0132796 0.0224087 0.0300464 0.00701736 0.0303543
-1 0.015016 0.00408654 0.0161208 0.00592373 0.922815 0.0110896 0.00346401 0.0214844
-1 0.0146388 0.00459981 0.00646992 0.00625797 0.930442 0.0141938 0.00365175 0.019746
-1 0.0144726 0.00264068 0.00827116 0.00404093 0.94048 0.0130068 0.00256485 0.0145235
-1 0.0173469 0.00313385 0.0135548 0.00486918 0.920827 0.0167482 0.00291996 0.0206004
10 0.0121182 0.00732874 0.938622 0.0207889 0.00663399 0.00495263 0.00223071 0.00732434
-3 0.0362779 0.0136643 0.0166287 0.0376312 0.122234 0.57843 0.0120172 0.183117
-2 0.817288 0.00864483 0.0181533 0.012959 0.0588117 0.0215117 0.00713825 0.0554931
-1 0.0191248 0.00363643 0.0446113 0.00543292 0.893512 0.0114936 0.00322949 0.0189599
10 0.0121182 0.00732874 0.938622 0.0207889 0.00663399 0.00495263 0.00223071 0.00732434
-3 0.0350561 0.0129271 0.0156663 0.0395404 0.0725236 0.688124 0.0117683 0.124394
-2 0.847092 0.00753503 0.0129491 0.0118152 0.0263746 0.0193937 0.00660019 0.0682399
-1 0.0172982 0.00329813 0.0073764 0.00467798 0.934085 0.00943398 0.00303722 0.0207929
-1 0.00960264 0.00215996 0.00579247 0.00326192 0.958411 0.010127 0.00223207 0.00841292
-1 0.0106573 0.00173328 0.00738692 0.0027735 0.953636 0.0117254 0.00192741 0.0101605
10 0.0121182 0.00732874 0.938622 0.0207889 0.00663399 0.00495263 0.00223071 0.00732434
-3 0.0350561 0.0129271 0.0156663 0.0395404 0.0725236 0.688124 0.0117683 0.124394
-2 0.890762 0.00773561 0.0143347 0.0118346 0.0182779 0.0185392 0.00650203 0.032014
-1 0.0199163 0.00427506 0.0103927 0.00608572 0.916574 0.0121893 0.00361373 0.0269528
-1 0.0128029 0.00330438 0.00422367 0.00466452 0.943046 0.0123895 0.00293151 0.0166373
-1 0.0144726 0.00264068 0.00827116 0.00404093 0.94048 0.0130068 0.00256485 0.0145235
-1 0.0173469 0.00313385 0.0135548 0.00486918 0.920827 0.0167482 0.00291996 0.0206004
10 0.0121182 0.00732874 0.938622 0.0207889 0.00663399 0.00495263 0.00223071 0.00732434
1 0.0325335 0.814753 0.0346662 0.0306976 0.0195866 0.0125315 0.00954152 0.0456897
10 0.0121182 0.00732874 0.938622 0.0207889 0.00663399 0.00495263 0.00223071 0.00732434
1 0.0207915 0.879554 0.02606 0.0198626 0.00894077 0.00868341 0.00853927 0.027568
1 0.0149205 0.873647 0.0239867 0.0252138 0.005333 0.0188356 0.011614 0.026449
10 0.0121182 0.00732874 0.938622 0.0207889 0.00663399 0.00495263 0.00223071 0.00732434
10 0.00811327 0.0106363 0.942798 0.0120071 0.00268403 0.00539016 0.00257577 0.0157952
1 0.00723807 0.844563 0.0245069 0.0576211 0.00569459 0.0336748 0.0125282 0.0141733
10 0.0121182 0.00732874 0.938622 0.0207889 0.00663399 0.00495263 0.00223071 0.00732434
10 0.008235 0.015833 0.930599 0.0174064 0.00314604 0.00699432 0.00312186 0.014664
1 0.00763549 0.876522 0.0205956 0.0327776 0.00619878 0.0283548 0.0133666 0.0145489
1 0.0171361 0.852245 0.0286868 0.030605 0.00863491 0.0228116 0.0136667 0.0262135
10 0.0121182 0.00732874 0.938622 0.0207889 0.00663399 0.00495263 0.00223071 0.00732434
10 0.00903392 0.0135215 0.938279 0.0125196 0.00227154 0.00572746 0.0028865 0.0157605
1 0.00973335 0.802608 0.0606794 0.0611471 0.0078508 0.0255065 0.0135861 0.0188884
1 0.01788 0.824168 0.0341439 0.0443553 0.00697633 0.0341015 0.012646 0.0257293
1 0.0109887 0.893997 0.0200235 0.0250376 0.00589256 0.0128918 0.0114961 0.0196727
10 0.0121182 0.00732874 0.938622 0.0207889 0.00663399 0.00495263 0.00223071 0.00732434
10 0.023118 0.0167581 0.904462 0.0240055 0.00373595 0.00761459 0.00370859 0.0165974
1 0.0117169 0.757316 0.083232 0.075884 0.00951099 0.0243647 0.0155103 0.0224647
1 0.0126008 0.885025 0.0239983 0.0256175 0.00482874 0.0163763 0.0118022 0.0197517
1 0.0109887 0.893997 0.0200235 0.0250376 0.00589256 0.0128918 0.0114961 0.0196727
10 0.0121182 0.00732874 0.938622 0.0207889 0.00663399 0.00495263 0.00223071 0.00732434
10 0.0408951 0.029792 0.817158 0.0548911 0.00951452 0.0134053 0.00526708 0.0290769
10 0.011188 0.149881 0.704672 0.0486845 0.00927048 0.0394669 0.0135008 0.023337
1 0.0127575 0.829198 0.0356353 0.0374647 0.0111509 0.0338731 0.0157732 0.0241473
10 0.0121182 0.00732874 0.938622 0.0207889 0.00663399 0.00495263 0.00223071 0.00732434
10 0.0460708 0.0245015 0.843063 0.0352135 0.00629036 0.0102698 0.00463333 0.029958
10 0.00780196 0.0335464 0.854305 0.0538842 0.00583233 0.0198687 0.00747983 0.0172814
1 0.00929571 0.863545 0.0226468 0.0314239 0.00770619 0.0339735 0.0139113 0.0174979
1 0.0171361 0.852245 0.0286868 0.030605 0.00863491 0.0228116 0.0136667 0.0262135
10 0.0121182 0.00732874 0.938622 0.0207889 0.00663399 0.00495263 0.00223071 0.00732434
10 0.0460708 0.0245015 0.843063 0.0352135 0.00629036 0.0102698 0.00463333 0.029958
10 0.00780196 0.0335464 0.854305 0.0538842 0.00583233 0.0198687 0.00747983 0.0172814
1 0.0114966 0.842062 0.0334015 0.0372071 0.00958409 0.0287902 0.0161904 0.021268
1 0.0155752 0.854552 0.0283821 0.0343377 0.00857551 0.022154 0.0138457 0.0225773
1 0.01695 0.860693 0.0266969 0.0273788 0.00969562 0.0169428 0.0153065 0.0263363
10 0.0121182 0.00732874 0.938622 0.0207889 0.00663399 0.00495263 0.00223071 0.00732434
10 0.00936653 0.0135069 0.927623 0.0136546 0.00379056 0.00713911 0.00337135 0.0215482
1 0.0114011 0.845179 0.0309265 0.0385918 0.00969488 0.02686 0.0158372 0.0215097
-3 0.0267534 0.0515155 0.0607899 0.204052 0.0151 0.576326 0.012224 0.0532392
-2 0.871113 0.0105886 0.0210042 0.0203586 0.030375 0.0122744 0.00543605 0.0288498
-1 0.00781602 0.00875678 0.023532 0.0157705 0.91397 0.00623862 0.0028898 0.0210259
10 0.0121182 0.00732874 0.938622 0.0207889 0.00663399 0.00495263 0.00223071 0.00732434
10 0.00903392 0.0135215 0.938279 0.0125196 0.00227154 0.00572746 0.0028865 0.0157605
1 0.0106192 0.836286 0.0344376 0.0429668 0.00892905 0.0323938 0.0140905 0.0202774
1 0.0389833 0.464071 0.120411 0.15353 0.0200627 0.099808 0.0199286 0.083205
-3 0.0325018 0.106557 0.148331 0.232659 0.0251799 0.370532 0.0173437 0.0668961
-2 0.871113 0.0105886 0.0210042 0.0203586 0.030375 0.0122744 0.00543605 0.0288498
-1 0.00781602 0.00875678 0.023532 0.0157705 0.91397 0.00623862 0.0028898 0.0210259
10 0.0121182 0.00732874 0.938622 0.0207889 0.00663399 0.00495263 0.00223071 0.00732434
10 0.00903392 0.0135215 0.938279 0.0125196 0.00227154 0.00572746 0.0028865 0.0157605
1 0.00955571 0.807952 0.0577238 0.0600811 0.00773012 0.0260773 0.0122476 0.0186326
1 0.0253454 0.747735 0.055361 0.0546018 0.011193 0.0555171 0.0158918 0.0343552
1 0.0268015 0.545018 0.100086 0.159739 0.0200985 0.0572895 0.0203974 0.07057
-3 0.0347153 0.134166 0.175281 0.256331 0.0334857 0.281011 0.0214453 0.063565
-2 0.816694 0.0132575 0.0260438 0.0212868 0.06188 0.0154866 0.00666125 0.0386897
-1 0.00688412 0.00806599 0.0202817 0.0135707 0.924629 0.0061871 0.00281941 0.0175623
10 0.0121182 0.00732874 0.938622 0.0207889 0.00663399 0.00495263 0.00223071 0.00732434
-1 0.325776 0.0133586 0.0226451 0.0193949 0.408659 0.0613026 0.00958859 0.139275
-1 0.0224805 0.00533306 0.0445813 0.00792734 0.859689 0.0245351 0.00420319 0.0312508
-1 0.0257645 0.00574632 0.0190477 0.00818456 0.877729 0.0232307 0.00440865 0.0358884
10 0.0121182 0.00732874 0.938622 0.0207889 0.00663399 0.00495263 0.00223071 0.00732434
-1 0.0200127 0.0034676 0.0040026 0.00610495 0.880758 0.0310721 0.00334126 0.0512407
-1 0.0136867 0.00196304 0.00347965 0.00333193 0.949173 0.0134848 0.00212977 0.0127509
-1 0.0144661 0.00222334 0.0077537 0.00359147 0.939584 0.0147798 0.00231415 0.0152871
10 0.0121182 0.00732874 0.938622 0.0207889 0.00663399 0.00495263 0.00223071 0.00732434
-1 0.0323854 0.00431842 0.00591475 0.00768797 0.835567 0.0436719 0.00398599 0.0664682
-1 0.0135021 0.00287957 0.00487462 0.0042184 0.941866 0.0129413 0.00268976 0.0170278
-1 0.0136912 0.00480965 0.00869418 0.00631297 0.932744 0.0133015 0.00370269 0.0167438
-1 0.0134466 0.0044736 0.00997225 0.00637213 0.928218 0.0189735 0.00360209 0.0149417
-1 0.0146885 0.00459894 0.011054 0.00626474 0.92944 0.014617 0.00364769 0.0156886
10 0.0121182 0.00732874 0.938622 0.0207889 0.00663399 0.00495263 0.00223071 0.00732434
-1 0.0389242 0.00398841 0.00595193 0.00796385 0.794328 0.0567641 0.00395575 0.0881241
-1 0.0169913 0.00180049 0.00350341 0.00314515 0.93683 0.0180631 0.00202171 0.0176446
10 0.0121182 0.00732874 0.938622 0.0207889 0.00663399 0.00495263 0.00223071 0.00732434
-1 0.0322 0.00505972 0.00721019 0.00823732 0.84493 0.0321227 0.00433954 0.0659001
-1 0.0231867 0.00444956 0.00866577 0.00815151 0.849893 0.0784739 0.00365472 0.0235253
-1 0.0249559 0.00345496 0.0101629 0.00513736 0.91585 0.0173507 0.00306783 0.0200202
10 0.0121182 0.00732874 0.938622 0.0207889 0.00663399 0.00495263 0.00223071 0.00732434
-1 0.0366669 0.00650217 0.00962233 0.0109699 0.770184 0.0454973 0.00556872 0.114989
-1 0.0244259 0.00374073 0.00756984 0.00583577 0.903249 0.0212758 0.0033629 0.03054
-1 0.0240956 0.00394083 0.0151121 0.00614154 0.894628 0.02111 0.00349873 0.0314733
10 0.0121182 0.00732874 0.938622 0.0207889 0.00663399 0.00495263 0.00223071 0.00732434
-1 0.0243248 0.00491205 0.00702832 0.00809866 0.853698 0.0316817 0.00429809 0.065958
-1 0.0267725 0.00470669 0.00955139 0.0087097 0.835794 0.0819838 0.00388569 0.028596
-1 0.0275343 0.00343083 0.0118329 0.00531301 0.907704 0.0183177 0.00313576 0.0227315
10 0.0121182 0.00732874 0.938622 0.0207889 0.00663399 0.00495263 0.00223071 0.00732434
-1 0.0341852 0.00448842 0.00700486 0.00807093 0.822879 0.0502923 0.00407052 0.0690085
-1 0.0110798 0.00309939 0.00491942 0.00435195 0.951296 0.00932129 0.00280935 0.0131223
-1 0.0162646 0.00565998 0.00887845 0.00770964 0.907466 0.027486 0.00417571 0.0223601
-1 0.0149641 0.00403058 0.00908298 0.00548604 0.937591 0.0123599 0.00330404 0.0131817
-1 0.0170338 0.00538834 0.0160341 0.00729527 0.910516 0.0171729 0.00410893 0.0224507
10 0.0121182 0.00732874 0.938622 0.0207889 0.00663399 0.00495263 0.00223071 0.00732434
-2 0.51611 0.0160198 0.0224288 0.0256041 0.0415047 0.113009 0.0126087 0.252716
-2 0.514345 0.0121114 0.075347 0.0165461 0.311791 0.0250522 0.00887763 0.0359291
-1 0.0148928 0.00577698 0.0714169 0.00840402 0.850945 0.0214691 0.00440012 0.0226952
10 0.0121182 0.00732874 0.938622 0.0207889 0.00663399 0.00495263 0.00223071 0.00732434
-2 0.782754 0.0121235 0.0166669 0.0178524 0.061219 0.0379084 0.00925393 0.0622215
-1 0.0143156 0.00450491 0.0302939 0.00649897 0.916794 0.00961885 0.00372482 0.0142493
-1 0.0169638 0.00454085 0.0152537 0.00660091 0.914669 0.0175833 0.00374114 0.0206476
10 0.0121182 0.00732874 0.938622 0.0207889 0.00663399 0.00495263 0.00223071 0.00732434
-2 0.908118 0.00566544 0.00647395 0.0102836 0.0170094 0.0244026 0.00561031 0.0224366
-1 0.0146789 0.00419517 0.0179975 0.00604307 0.92707 0.00955415 0.00355509 0.0169059
-1 0.0174176 0.00431751 0.00818948 0.00626605 0.921884 0.0181701 0.00359767 0.0201576
-1 0.0144771 0.00222386 0.00775937 0.00359278 0.939516 0.0147866 0.00231474 0.0153294
10 0.0121182 0.00732874 0.938622 0.0207889 0.00663399 0.00495263 0.00223071 0.00732434
-2 0.776231 0.0120693 0.0164726 0.0175869 0.0820071 0.0361263 0.00925486 0.0502517
-1 0.0195718 0.00491356 0.0327395 0.00707523 0.894631 0.0135884 0.00397996 0.0235008
-1 0.0181809 0.00460902 0.014828 0.00671305 0.9109 0.0187239 0.00378472 0.0222609
10 0.0121182 0.00732874 0.938622 0.0207889 0.00663399 0.00495263 0.00223071 0.00732434
-2 0.858344 0.00889078 0.0118296 0.0143141 0.030657 0.0329017 0.00753135 0.0355316
-1 0.046439 0.00677704 0.0318788 0.00959025 0.843308 0.0161818 0.00507036 0.0407551
-1 0.0247865 0.00730429 0.0141579 0.0108685 0.845016 0.0641875 0.00512398 0.0285552
-1 0.0249559 0.00345496 0.0101629 0.00513736 0.91585 0.0173507 0.00306783 0.0200202
10 0.0121182 0.00732874 0.938622 0.0207889 0.00663399 0.00495263 0.00223071 0.00732434
-2 0.794404 0.0131679 0.0197324 0.0190561 0.0501819 0.0411903 0.00973429 0.0525328
-1 0.017177 0.00653029 0.0387665 0.00910566 0.888313 0.0133899 0.00482293 0.0218949
-1 0.0209687 0.00855953 0.0177875 0.011528 0.87954 0.0274916 0.00573827 0.0283865
-1 0.0159666 0.00518891 0.0089822 0.0068221 0.926987 0.0138779 0.00394051 0.0182343
-1 0.0140078 0.00562859 0.0101105 0.00715665 0.926924 0.0144321 0.00408805 0.017652
-1 0.0138439 0.00643774 0.0144124 0.00775417 0.921394 0.0135547 0.0044004 0.0182026
-1 0.0156937 0.00818422 0.0166234 0.0093404 0.905903 0.0159722 0.00515725 0.0231259
-1 0.0165068 0.00761614 0.0162844 0.00910017 0.906578 0.0164759 0.00498815 0.0224508
-1 0.0130153 0.00535713 0.0119967 0.00675235 0.928595 0.0143027 0.00391853 0.0160624
10 0.0121182 0.00732874 0.938622 0.0207889 0.00663399 0.00495263 0.00223071 0.00732434
-2 0.858019 0.00887745 0.0117743 0.0143578 0.029104 0.0331226 0.00754363 0.0372014
-1 0.0298958 0.00736567 0.0341941 0.0104803 0.839636 0.0182299 0.00550458 0.0546932
-1 0.0277147 0.00705647 0.014835 0.00991039 0.871631 0.0249226 0.00516074 0.038769
-1 0.0240956 0.00394083 0.0151121 0.00614154 0.894628 0.02111 0.00349873 0.0314733
10 0.0121182 0.00732874 0.938622 0.0207889 0.00663399 0.00495263 0.00223071 0.00732434
-2 0.858344 0.00889078 0.0118296 0.0143141 0.030657 0.0329017 0.00753135 0.0355316
-1 0.0244569 0.00644571 0.0296829 0.00912771 0.868952 0.0154128 0.00491698 0.0410048
-1 0.0282299 0.00770689 0.0157315 0.0115686 0.830213 0.0668817 0.00541837 0.03425
-1 0.0275343 0.00343083 0.0118329 0.00531301 0.907704 0.0183177 0.00313576 0.0227315
10 0.0121182 0.00732874 0.938622 0.0207889 0.00663399 0.00495263 0.00223071 0.00732434
-2 0.857892 0.00884968 0.011677 0.0142276 0.0343694 0.0321661 0.00751146 0.0333065
-1 0.0196208 0.00521823 0.0380885 0.00743962 0.885538 0.0153942 0.00410123 0.0245991
-1 0.0173777 0.00651854 0.0118007 0.00858547 0.911459 0.014786 0.00468809 0.0247841
-1 0.0162646 0.00565998 0.00887845 0.00770964 0.907466 0.027486 0.00417571 0.0223601
-1 0.0149641 0.00403058 0.00908298 0.00548604 0.937591 0.0123599 0.00330404 0.0131817
-1 0.0170338 0.00538834 0.0160341 0.00729527 0.910516 0.0171729 0.00410893 0.0224507
10 0.0121182 0.00732874 0.938622 0.0207889 0.00663399 0.00495263 0.00223071 0.00732434
10 0.0121182 0.00732874 0.938622 0.0207889 0.00663399 0.00495263 0.00223071 0.00732434
10 0.0121182 0.00732874 0.938622 0.0207889 0.00663399 0.00495263 0.00223071 0.00732434
10 0.0121182 0.00732874 0.938622 0.0207889 0.00663399 0.00495263 0.00223071 0.00732434
10 0.0121182 0.00732874 0.938622 0.0207889 0.00663399 0.00495263 0.00223071 0.00732434
10 0.0121182 0.00732874 0.938622 0.0207889 0.00663399 0.00495263 0.00223071 0.00732434
10 0.0121182 0.00732874 0.938622 0.0207889 0.00663399 0.00495263 0.00223071 0.00732434
