labels 10 -2 1 0 -3 -1 2 -4
10 0.963302 0.00493019 0.00442634 0.00289678 0.00515766 0.0119119 0.0027564 0.00461834
-2 0.0604297 0.869371 0.0109491 0.0190067 0.00853838 0.0163235 0.00575371 0.00962755
1 0.00946362 0.00570367 0.928086 0.0325043 0.00591442 0.00884644 0.00285416 0.00662761
10 0.932229 0.00474883 0.00571034 0.037023 0.00770954 0.00539266 0.00352953 0.00365698
10 0.967982 0.00344362 0.00571459 0.00331387 0.00770838 0.00559109 0.00309105 0.00315579
-2 0.0165359 0.914977 0.00884982 0.0177215 0.00932697 0.0203537 0.00574209 0.00649292
0 0.0393409 0.0210051 0.0204566 0.825183 0.03171 0.0209045 0.0173149 0.0240849
1 0.0201876 0.00788 0.916049 0.0116872 0.00800487 0.0249432 0.00449614 0.00675161
10 0.961234 0.00359875 0.00545513 0.00816894 0.00548152 0.009561 0.00332359 0.0031769
-2 0.0217955 0.917726 0.0103867 0.018703 0.00869176 0.0118487 0.00506479 0.00578407
10 0.933475 0.00264619 0.00470096 0.0486379 0.00309634 0.00412696 0.00177716 0.00153927
1 0.0146953 0.00307664 0.956096 0.006269 0.00611567 0.00713591 0.00446198 0.00214901
1 0.0137274 0.00737278 0.920219 0.024754 0.0106765 0.0128371 0.00429482 0.00611808
10 0.980912 0.00420785 0.00398805 0.00200545 0.00279192 0.00211032 0.00154874 0.00243601
10 0.981028 0.00337351 0.0048218 0.00244856 0.00368717 0.00111283 0.00193916 0.0015885
1 0.0135699 0.00652508 0.949062 0.00874354 0.00942078 0.00470302 0.00501346 0.00296187
1 0.0137274 0.00737278 0.920219 0.024754 0.0106765 0.0128371 0.00429482 0.00611808
-2 0.0222019 0.909672 0.0111033 0.0187794 0.00889623 0.0175176 0.00576459 0.00606455
1 0.00976328 0.0054434 0.933551 0.0277441 0.00549069 0.0101678 0.0030263 0.00481374
1 0.00900839 0.00390304 0.942689 0.0262835 0.00621506 0.00373513 0.00321065 0.00495517
10 0.928612 0.00529581 0.00611981 0.0355624 0.00791237 0.00902955 0.00417822 0.00328971
10 0.964049 0.00356483 0.00610584 0.00305392 0.00779533 0.00836661 0.00389705 0.00316789
-2 0.0165359 0.914977 0.00884982 0.0177215 0.00932697 0.0203537 0.00574209 0.00649292
0 0.0661776 0.0198096 0.0205799 0.798477 0.0314002 0.031734 0.0148365 0.0169852
1 0.0196506 0.00759471 0.927586 0.0123948 0.0068291 0.013758 0.00437497 0.007812
1 0.00982991 0.00638689 0.936225 0.0212435 0.0068913 0.0108088 0.00454166 0.00407287
10 0.960348 0.00358205 0.00596033 0.00748447 0.00570025 0.0108186 0.00301221 0.0030943
10 0.982706 0.00400265 0.00388387 0.00147441 0.00249793 0.00207711 0.0015369 0.00182098
1 0.0182909 0.00640217 0.949942 0.00695205 0.00771566 0.00337811 0.0041167 0.00320217
1 0.0115255 0.00692411 0.933978 0.0260356 0.00895313 0.005094 0.00429172 0.00319775
1 0.0161126 0.00694197 0.918482 0.0199459 0.0104736 0.0175044 0.00432151 0.00621792
-2 0.0217955 0.917726 0.0103867 0.018703 0.00869176 0.0118487 0.00506479 0.00578407
10 0.933475 0.00264619 0.00470096 0.0486379 0.00309634 0.00412696 0.00177716 0.00153927
1 0.0150869 0.00345805 0.955788 0.00849125 0.0059076 0.00485047 0.00425737 0.00215986
1 0.0114023 0.00621708 0.940585 0.0210564 0.0069024 0.0067027 0.00423114 0.00290347
1 0.0162943 0.00696628 0.913188 0.0190152 0.0100564 0.0233583 0.00499144 0.00613029
-2 0.0222019 0.909672 0.0111033 0.0187794 0.00889623 0.0175176 0.00576459 0.00606455
1 0.0109732 0.00571745 0.918496 0.040089 0.00616675 0.0118915 0.00331751 0.00334849
1 0.00957382 0.00350342 0.948424 0.0217716 0.0056128 0.0041457 0.00339736 0.00357139
1 0.0100638 0.0061368 0.939358 0.0206007 0.00737588 0.00846152 0.00400604 0.00399687
10 0.960348 0.00358205 0.00596033 0.00748447 0.00570025 0.0108186 0.00301221 0.0030943
10 0.980583 0.00304495 0.00390084 0.0019201 0.00302427 0.00267157 0.00178167 0.00307388
10 0.965383 0.00430576 0.00553724 0.00432588 0.00803438 0.00489855 0.00359022 0.00392474
10 0.980912 0.00420785 0.00398805 0.00200545 0.00279192 0.00211032 0.00154874 0.00243601
10 0.981028 0.00337351 0.0048218 0.00244856 0.00368717 0.00111283 0.00193916 0.0015885
1 0.014086 0.0073298 0.945803 0.0121418 0.00912657 0.00364782 0.00486543 0.00300003
1 0.0114023 0.00621708 0.940585 0.0210564 0.0069024 0.0067027 0.00423114 0.00290347
1 0.0162943 0.00696628 0.913188 0.0190152 0.0100564 0.0233583 0.00499144 0.00613029
-2 0.0222019 0.909672 0.0111033 0.0187794 0.00889623 0.0175176 0.00576459 0.00606455
1 0.0109732 0.00571745 0.918496 0.040089 0.00616675 0.0118915 0.00331751 0.00334849
1 0.0116619 0.00321038 0.953262 0.0175557 0.00514582 0.00286302 0.00252207 0.00377907
1 0.00956454 0.00695521 0.932774 0.0280511 0.00863901 0.00355191 0.00373429 0.00673039
10 0.928612 0.00529581 0.00611981 0.0355624 0.00791237 0.00902955 0.00417822 0.00328971
10 0.964049 0.00356483 0.00610584 0.00305392 0.00779533 0.00836661 0.00389705 0.00316789
10 0.962373 0.00403948 0.00434485 0.00525693 0.00427469 0.0122435 0.00261887 0.00484889
-3 0.0382463 0.0149274 0.0212526 0.0422541 0.838418 0.0169169 0.0139962 0.0139887
-2 0.0208461 0.902211 0.00983394 0.0240976 0.0104097 0.018974 0.00601723 0.00761094
-1 0.00571354 0.00426226 0.00896392 0.0435038 0.011007 0.910743 0.0101249 0.00568112
-1 0.00644956 0.00438664 0.0054116 0.0108777 0.00338611 0.963436 0.00175958 0.00429319
-1 0.0215993 0.00774749 0.00863366 0.0224062 0.00773802 0.923017 0.00289471 0.00596403
-2 0.0217955 0.917726 0.0103867 0.018703 0.00869176 0.0118487 0.00506479 0.00578407
10 0.931719 0.00227139 0.00471973 0.0479582 0.00360547 0.00575839 0.00212341 0.00184423
1 0.0167165 0.0039365 0.944443 0.00627906 0.00908754 0.0111088 0.00427769 0.00415141
0 0.103489 0.0398443 0.064732 0.527183 0.0830607 0.119546 0.0282111 0.0339347
-3 0.0240531 0.0192692 0.0202111 0.0237178 0.83205 0.0518083 0.0123811 0.016509
-2 0.0145942 0.88564 0.00958394 0.0155046 0.00855081 0.0529569 0.00739678 0.00577291
-1 0.00813679 0.00277993 0.00811551 0.0213499 0.00875384 0.940768 0.00596793 0.00412854
10 0.962373 0.00403948 0.00434485 0.00525693 0.00427469 0.0122435 0.00261887 0.00484889
-3 0.0382463 0.0149274 0.0212526 0.0422541 0.838418 0.0169169 0.0139962 0.0139887
-2 0.0208461 0.902211 0.00983394 0.0240976 0.0104097 0.018974 0.00601723 0.00761094
-1 0.00394063 0.00329556 0.00801571 0.0329315 0.00757164 0.931013 0.00900881 0.00422305
-1 0.00654734 0.00436837 0.00555701 0.00973237 0.00446725 0.963385 0.00169113 0.00425196
-1 0.0314603 0.00611168 0.00810303 0.0157727 0.00685614 0.924021 0.00235109 0.00532406
10 0.98419 0.00290096 0.00377227 0.0012679 0.00206181 0.00201826 0.00158936 0.00219983
1 0.016146 0.00699992 0.904954 0.0298796 0.0116022 0.0167515 0.00614602 0.00752059
-3 0.0208537 0.0146217 0.0201115 0.0641956 0.837035 0.012245 0.00949531 0.0214425
-2 0.0210069 0.878057 0.00973471 0.0183 0.0222432 0.0297692 0.00637361 0.0145152
-1 0.00986179 0.0779732 0.0060689 0.022068 0.00731825 0.865829 0.00720173 0.00367926
-1 0.0145498 0.00254934 0.00786921 0.0387353 0.00447345 0.925612 0.00203508 0.00417576
-2 0.0604297 0.869371 0.0109491 0.0190067 0.00853838 0.0163235 0.00575371 0.00962755
1 0.010254 0.00581657 0.925852 0.0315898 0.00631773 0.0129498 0.00309251 0.00412776
10 0.936942 0.00293425 0.00520246 0.0354448 0.00673608 0.00592837 0.00234117 0.00447057
-3 0.0369317 0.0150639 0.0209367 0.0388559 0.851538 0.0122545 0.0112522 0.0131672
-2 0.0208981 0.901536 0.00987692 0.0241226 0.0104344 0.0193334 0.00609518 0.00770337
-1 0.00512697 0.00386802 0.00832658 0.0381015 0.011035 0.9188 0.0103364 0.00440564
-1 0.0116417 0.00485585 0.00639513 0.01072 0.00275468 0.958286 0.00165866 0.00368802
-1 0.00226501 0.0020102 0.00394503 0.00523232 0.00388118 0.976542 0.00408618 0.00203815
-1 0.00919707 0.00404574 0.00569378 0.0077711 0.0185396 0.944954 0.00610557 0.00369338
-1 0.0140391 0.00892345 0.00641695 0.0163491 0.00478951 0.934089 0.010799 0.0045937
10 0.982304 0.0030403 0.00390823 0.00169409 0.00232834 0.00211442 0.00160741 0.00300289
10 0.959684 0.00345871 0.00534597 0.0115677 0.00683327 0.0053773 0.00351591 0.00421742
-3 0.0295402 0.0148508 0.0203405 0.0446939 0.858604 0.00863421 0.0111319 0.0122045
-2 0.0167594 0.893433 0.00948292 0.0269057 0.0102466 0.030136 0.0066384 0.00639801
-1 0.00287595 0.00251397 0.00779522 0.019198 0.00819183 0.949524 0.00679926 0.00310174
-1 0.0212672 0.00556104 0.00684979 0.0115273 0.00394072 0.94461 0.00181378 0.00443068
-2 0.0604297 0.869371 0.0109491 0.0190067 0.00853838 0.0163235 0.00575371 0.00962755
1 0.00946362 0.00570367 0.928086 0.0325043 0.00591442 0.00884644 0.00285416 0.00662761
10 0.97419 0.00225113 0.00480923 0.0107009 0.00311739 0.000992755 0.00129619 0.00264242
10 0.961851 0.00339282 0.00542694 0.0112521 0.00724908 0.00411704 0.00257644 0.00413434
-3 0.0296498 0.0147372 0.0204227 0.0443255 0.856422 0.0112752 0.0111437 0.0120236
-2 0.0204731 0.905456 0.00989933 0.022178 0.0112388 0.0174402 0.00579739 0.00751762
-1 0.0139623 0.00276804 0.00781306 0.0418227 0.00780158 0.913908 0.0077867 0.00413773
-1 0.0106771 0.00529063 0.00530148 0.0214295 0.0261957 0.919397 0.00699059 0.00471815
-1 0.0216916 0.00848448 0.00647098 0.0101792 0.00488489 0.938442 0.00550191 0.00434517
-1 0.00126334 0.00206178 0.00175629 0.00379008 0.00182131 0.955661 0.0312282 0.00241798
-1 0.00336909 0.0030892 0.00450861 0.00591891 0.00338203 0.947518 0.0291161 0.0030981
-1 0.0055614 0.00329574 0.00472105 0.00600076 0.00346604 0.942074 0.031596 0.00328504
-1 0.00337978 0.00315913 0.00424475 0.00728875 0.00230463 0.944664 0.0316942 0.0032643
-1 0.00860818 0.00485795 0.00624158 0.0171183 0.00489073 0.920163 0.033312 0.00480851
-2 0.0415828 0.887142 0.00890688 0.0186255 0.00917469 0.0177798 0.00585398 0.0109339
0 0.0358436 0.0207919 0.0198049 0.82609 0.0328983 0.0303802 0.0140198 0.020171
10 0.98588 0.00195144 0.00426034 0.00102896 0.00198858 0.00163347 0.00116858 0.00208887
1 0.016146 0.00699992 0.904954 0.0298796 0.0116022 0.0167515 0.00614602 0.00752059
-3 0.0172418 0.0162958 0.0205028 0.0651191 0.830374 0.0271126 0.011758 0.0115962
-2 0.0194776 0.879213 0.0103542 0.0173663 0.00974082 0.0512618 0.00694582 0.0056407
-1 0.00248512 0.00181727 0.00736539 0.00743222 0.00690892 0.965988 0.00479937 0.00320392
-1 0.00415727 0.0034961 0.00442352 0.00505344 0.00193887 0.975976 0.00146216 0.00349268
-1 0.0200188 0.00593018 0.00764833 0.0215729 0.00628982 0.929583 0.00325724 0.00569954
-2 0.0165359 0.914977 0.00884982 0.0177215 0.00932697 0.0203537 0.00574209 0.00649292
0 0.0393409 0.0210051 0.0204566 0.825183 0.03171 0.0209045 0.0173149 0.0240849
1 0.0198754 0.00738481 0.936618 0.00824893 0.00688839 0.0109993 0.00328357 0.00670143
10 0.926726 0.00399037 0.00510011 0.0431645 0.00721479 0.0059261 0.00302013 0.00485804
-3 0.0221161 0.0152576 0.020262 0.040318 0.855119 0.0201474 0.0140164 0.0127631
-2 0.0208809 0.882155 0.010381 0.0224309 0.00923743 0.0424232 0.00670858 0.00578354
-1 0.00159904 0.00120397 0.00560235 0.00535873 0.00484501 0.97488 0.00409446 0.00241684
-1 0.00515227 0.00349996 0.00527299 0.00521867 0.0192972 0.955989 0.00211827 0.00345205
-1 0.0240143 0.0108122 0.00736125 0.0188513 0.00584048 0.92469 0.00295915 0.00547138
10 0.914995 0.0257336 0.00690893 0.0262636 0.00693491 0.00815165 0.00397703 0.00703582
1 0.0100524 0.00631781 0.947412 0.0159835 0.00659979 0.00276145 0.00389214 0.00698075
10 0.971991 0.00268671 0.00470846 0.0116647 0.00382788 0.000918525 0.0014834 0.00271893
10 0.961851 0.00339282 0.00542694 0.0112521 0.00724908 0.00411704 0.00257644 0.00413434
-3 0.0170122 0.0114871 0.0128593 0.0345424 0.897004 0.00714496 0.0100094 0.00994064
-2 0.0175064 0.895163 0.0093851 0.0254081 0.0098606 0.0294434 0.00686022 0.00637346
-1 0.0038047 0.00308405 0.0083932 0.0188681 0.00812467 0.941896 0.0125777 0.00325188
-1 0.00280782 0.00203675 0.00368256 0.00306575 0.00216778 0.981378 0.0027322 0.00212906
-1 0.00687934 0.00337098 0.00505761 0.0068429 0.0212304 0.948971 0.0045512 0.00309698
-1 0.00473134 0.00674379 0.0044576 0.00713737 0.00246725 0.963877 0.00751702 0.00306864
-1 0.00282 0.00197479 0.00201227 0.00574921 0.00263524 0.974876 0.00706183 0.00287019
10 0.972043 0.00968257 0.00246133 0.00677557 0.00255689 0.00211454 0.00187647 0.0024901
1 0.00950396 0.00503438 0.926188 0.032257 0.00667577 0.0103657 0.00637992 0.00359575
10 0.967577 0.00214012 0.00528859 0.00625807 0.00471714 0.00847554 0.00260755 0.00293639
10 0.9498 0.0114063 0.00315236 0.0214882 0.00408618 0.00283197 0.00250863 0.00472602
10 0.931855 0.00289001 0.00481179 0.0486857 0.00381115 0.00172104 0.00404523 0.00218042
10 0.972187 0.00264699 0.00532848 0.0041584 0.00554884 0.00410018 0.00387984 0.00215002
1 0.0167792 0.00715371 0.933925 0.00911086 0.0119593 0.0103599 0.00498816 0.00572356
10 0.972043 0.00968257 0.00246133 0.00677557 0.00255689 0.00211454 0.00187647 0.0024901
1 0.00944728 0.00471392 0.939147 0.0273388 0.00555088 0.0038914 0.00412398 0.00578675
10 0.932336 0.0043751 0.0055907 0.0368743 0.00726794 0.00612492 0.00377535 0.00365601
10 0.967982 0.00344362 0.00571459 0.00331387 0.00770838 0.00559109 0.00309105 0.00315579
10 0.946899 0.0154749 0.0031343 0.0124891 0.00484087 0.00885935 0.0030062 0.00529676
0 0.0732032 0.020412 0.0213624 0.792367 0.0336542 0.0172241 0.0219554 0.0198216
10 0.968531 0.00308501 0.00520403 0.0026537 0.00382449 0.0112129 0.00307003 0.00241925
1 0.0190776 0.00718093 0.92111 0.00807702 0.0118456 0.0206054 0.00609076 0.00601237
10 0.945926 0.0308032 0.0028167 0.00838969 0.00346299 0.00488816 0.00191395 0.00179926
10 0.970102 0.00229837 0.00481877 0.0137255 0.00257797 0.00166479 0.00354499 0.0012678
1 0.0159451 0.00335151 0.951761 0.00700117 0.006385 0.00809033 0.00520473 0.00226073
1 0.0137274 0.00737278 0.920219 0.024754 0.0106765 0.0128371 0.00429482 0.00611808
10 0.953229 0.0301576 0.00270554 0.0031661 0.00284464 0.00494793 0.00178837 0.00116077
1 0.0103741 0.00449298 0.944653 0.0223758 0.00511997 0.00439148 0.00440293 0.00418927
1 0.0105737 0.00390421 0.938946 0.0243659 0.00678505 0.00803359 0.00406075 0.00333084
10 0.966023 0.00331418 0.00536596 0.00747743 0.00572602 0.00669493 0.00233663 0.00306143
10 0.9498 0.0114063 0.00315236 0.0214882 0.00408618 0.00283197 0.00250863 0.00472602
10 0.931855 0.00289001 0.00481179 0.0486857 0.00381115 0.00172104 0.00404523 0.00218042
10 0.973854 0.00340302 0.00520165 0.00445304 0.00499023 0.00304264 0.0033215 0.00173358
1 0.0138379 0.00595753 0.950843 0.0078451 0.00756368 0.00629274 0.00493981 0.00272016
1 0.014306 0.00744791 0.914916 0.0248488 0.0103222 0.0170675 0.00501464 0.00607716
10 0.953229 0.0301576 0.00270554 0.0031661 0.00284464 0.00494793 0.00178837 0.00116077
1 0.0137021 0.00470288 0.930481 0.0325627 0.00576713 0.00501967 0.00486065 0.00290423
1 0.0102548 0.00358599 0.946179 0.0222551 0.00570893 0.00446049 0.00388729 0.00366801
1 0.0100638 0.0061368 0.939358 0.0206007 0.00737588 0.00846152 0.00400604 0.00399687
10 0.960348 0.00358205 0.00596033 0.00748447 0.00570025 0.0108186 0.00301221 0.0030943
10 0.9498 0.0114063 0.00315236 0.0214882 0.00408618 0.00283197 0.00250863 0.00472602
10 0.931855 0.00289001 0.00481179 0.0486857 0.00381115 0.00172104 0.00404523 0.00218042
10 0.984202 0.00197769 0.00477684 0.00192892 0.00323185 0.000917249 0.00149831 0.00146691
1 0.014086 0.0073298 0.945803 0.0121418 0.00912657 0.00364782 0.00486543 0.00300003
1 0.0114023 0.00621708 0.940585 0.0210564 0.0069024 0.0067027 0.00423114 0.00290347
1 0.0162943 0.00696628 0.913188 0.0190152 0.0100564 0.0233583 0.00499144 0.00613029
10 0.972043 0.00968257 0.00246133 0.00677557 0.00255689 0.00211454 0.00187647 0.0024901
1 0.0107167 0.00481301 0.939131 0.0264489 0.00589495 0.00496881 0.00444098 0.00358552
10 0.936954 0.00267654 0.00509523 0.0353684 0.00637257 0.00654492 0.00251049 0.0044781
-3 0.0225827 0.0154597 0.0205188 0.0406565 0.853199 0.0204546 0.014175 0.0129535
-2 0.0207505 0.87783 0.0101586 0.0229827 0.0100977 0.0452043 0.00699741 0.00597846
-1 0.00253881 0.00192877 0.00737133 0.0093301 0.00702991 0.963614 0.004923 0.00326396
-1 0.0173983 0.00395819 0.00562411 0.0107184 0.00285983 0.953723 0.00190851 0.00380927
10 0.972043 0.00968257 0.00246133 0.00677557 0.00255689 0.00211454 0.00187647 0.0024901
1 0.00944728 0.00471392 0.939147 0.0273388 0.00555088 0.0038914 0.00412398 0.00578675
10 0.974651 0.00203085 0.00463722 0.0106715 0.00290948 0.00106702 0.00138308 0.00264963
10 0.961851 0.00339282 0.00542694 0.0112521 0.00724908 0.00411704 0.00257644 0.00413434
-3 0.0296498 0.0147372 0.0204227 0.0443255 0.856422 0.0112752 0.0111437 0.0120236
-2 0.0204731 0.905456 0.00989933 0.022178 0.0112388 0.0174402 0.00579739 0.00751762
-1 0.0139623 0.00276804 0.00781306 0.0418227 0.00780158 0.913908 0.0077867 0.00413773
-1 0.0106771 0.00529063 0.00530148 0.0214295 0.0261957 0.919397 0.00699059 0.00471815
-1 0.0216916 0.00848448 0.00647098 0.0101792 0.00488489 0.938442 0.00550191 0.00434517
-1 0.00126334 0.00206178 0.00175629 0.00379008 0.00182131 0.955661 0.0312282 0.00241798
-1 0.00336909 0.0030892 0.00450861 0.00591891 0.00338203 0.947518 0.0291161 0.0030981
-1 0.0055614 0.00329574 0.00472105 0.00600076 0.00346604 0.942074 0.031596 0.00328504
-1 0.00337978 0.00315913 0.00424475 0.00728875 0.00230463 0.944664 0.0316942 0.0032643
-1 0.00860818 0.00485795 0.00624158 0.0171183 0.00489073 0.920163 0.033312 0.00480851
10 0.874271 0.0507952 0.00992039 0.026285 0.00868991 0.0195046 0.00444681 0.0060873
10 0.951541 0.0033754 0.00544606 0.0176261 0.00498214 0.0102031 0.00417025 0.00265558
-3 0.04137 0.0165498 0.021921 0.0390333 0.822728 0.0260985 0.0196877 0.0126119
10 0.930831 0.00643182 0.00532428 0.0223554 0.00767392 0.0151778 0.00718338 0.00502255
2 0.0303968 0.0264117 0.0259276 0.0560127 0.0328406 0.0788811 0.729705 0.0198246
2 0.0313029 0.0298876 0.0277886 0.0438384 0.0367934 0.054436 0.754636 0.0213175
2 0.0321286 0.0299254 0.0274108 0.0375363 0.0344673 0.0636457 0.754221 0.0206653
2 0.0190499 0.0247519 0.0187329 0.0317389 0.0185556 0.0553139 0.815551 0.0163062
2 0.0328914 0.0297802 0.0288695 0.0447957 0.0282138 0.0666777 0.746387 0.0223851
10 0.982304 0.0030403 0.00390823 0.00169409 0.00232834 0.00211442 0.00160741 0.00300289
10 0.959285 0.00376971 0.00584821 0.00651081 0.00662555 0.0114681 0.00360303 0.00289006
-3 0.0389566 0.0179367 0.0211998 0.0504114 0.818594 0.0215952 0.0188907 0.0124156
10 0.930831 0.00643182 0.00532428 0.0223554 0.00767392 0.0151778 0.00718338 0.00502255
2 0.0303968 0.0264117 0.0259276 0.0560127 0.0328406 0.0788811 0.729705 0.0198246
2 0.0313029 0.0298876 0.0277886 0.0438384 0.0367934 0.054436 0.754636 0.0213175
2 0.0321286 0.0299254 0.0274108 0.0375363 0.0344673 0.0636457 0.754221 0.0206653
2 0.0190499 0.0247519 0.0187329 0.0317389 0.0185556 0.0553139 0.815551 0.0163062
2 0.0328914 0.0297802 0.0288695 0.0447957 0.0282138 0.0666777 0.746387 0.0223851
-4 0.0595697 0.022133 0.0265784 0.0389951 0.0217601 0.0358788 0.0141228 0.780962
-4 0.0456506 0.0274276 0.024583 0.0537841 0.040342 0.0200038 0.015102 0.773107
-2 0.0191079 0.91017 0.0104036 0.0192533 0.00740005 0.0168199 0.00621631 0.0106289
10 0.944339 0.00181349 0.00481469 0.0290727 0.00396847 0.00923995 0.00296823 0.00378359
10 0.963302 0.00493019 0.00442634 0.00289678 0.00515766 0.0119119 0.0027564 0.00461834
-1 0.104918 0.0111287 0.0137963 0.0160047 0.0118431 0.8276 0.00539902 0.00931021
-1 0.00248546 0.00377108 0.0382766 0.00468182 0.00337996 0.94167 0.00116739 0.00456766
-1 0.00160253 0.00381445 0.00119546 0.00378411 0.0026477 0.981693 0.000830892 0.00443199
-1 0.00274076 0.00373625 0.00132028 0.00218543 0.00569449 0.9791 0.000774599 0.0044477
10 0.963302 0.00493019 0.00442634 0.00289678 0.00515766 0.0119119 0.0027564 0.00461834
-2 0.0111515 0.900283 0.00577146 0.011562 0.00845267 0.0509857 0.00502466 0.00676884
-1 0.00608313 0.00189565 0.00731065 0.0414109 0.0043389 0.931845 0.0037211 0.00339478
-1 0.00154546 0.00208895 0.0199463 0.000930002 0.00245041 0.968775 0.000596365 0.00366773
10 0.963302 0.00493019 0.00442634 0.00289678 0.00515766 0.0119119 0.0027564 0.00461834
-3 0.0198999 0.0184275 0.0120663 0.0180136 0.772906 0.129188 0.0102751 0.0192236
-2 0.00679109 0.898274 0.0076915 0.012009 0.00837588 0.0523975 0.00550559 0.00895517
-1 0.00113236 0.00100122 0.000995964 0.00284149 0.00580165 0.982526 0.00245713 0.00324399
10 0.963302 0.00493019 0.00442634 0.00289678 0.00515766 0.0119119 0.0027564 0.00461834
-3 0.0193974 0.0171829 0.0132827 0.0159895 0.745138 0.156474 0.00965458 0.0228807
-2 0.00974796 0.895566 0.00652611 0.0124185 0.00864392 0.0528122 0.00571843 0.00856737
-1 0.00101809 0.00115483 0.00127966 0.00384929 0.00414205 0.980611 0.0049196 0.00302545
-1 0.000477459 0.00239247 0.000527113 0.000837146 0.00109681 0.990947 0.000516512 0.00320563
-1 0.00102246 0.00338438 0.000754391 0.000998249 0.00224719 0.987482 0.000541884 0.00356986
10 0.963302 0.00493019 0.00442634 0.00289678 0.00515766 0.0119119 0.0027564 0.00461834
1 0.0222297 0.0071657 0.931314 0.00650274 0.00686395 0.0140618 0.00398807 0.00787363
1 0.0166784 0.00489655 0.919892 0.0223787 0.00884843 0.015438 0.0041924 0.00767558
10 0.963302 0.00493019 0.00442634 0.00289678 0.00515766 0.0119119 0.0027564 0.00461834
10 0.986774 0.000968562 0.00381376 0.00100126 0.00179766 0.00136077 0.00132284 0.00296133
1 0.0178815 0.00406898 0.957015 0.00623028 0.0062555 0.00180978 0.00371685 0.00302224
1 0.0112054 0.00407436 0.941371 0.0250774 0.00670397 0.00440567 0.00369528 0.00346731
1 0.0164729 0.00417897 0.929501 0.0165232 0.00754965 0.0152791 0.00364557 0.00684936
10 0.963302 0.00493019 0.00442634 0.00289678 0.00515766 0.0119119 0.0027564 0.00461834
10 0.956833 0.00732396 0.00591282 0.00705535 0.00476439 0.01072 0.00298075 0.00440935
1 0.0162555 0.00440534 0.929763 0.016389 0.00814579 0.0124424 0.00532562 0.00727351
10 0.963302 0.00493019 0.00442634 0.00289678 0.00515766 0.0119119 0.0027564 0.00461834
10 0.9577 0.00996683 0.00588442 0.00770049 0.00442327 0.00812804 0.00260409 0.00359272
1 0.0167712 0.00425087 0.947505 0.0169861 0.00551296 0.00164708 0.00408245 0.00324449
1 0.0129298 0.00299877 0.946611 0.0188171 0.00609586 0.00574617 0.00368176 0.00311988
1 0.0164729 0.00417897 0.929501 0.0165232 0.00754965 0.0152791 0.00364557 0.00684936
10 0.963302 0.00493019 0.00442634 0.00289678 0.00515766 0.0119119 0.0027564 0.00461834
10 0.932492 0.0132848 0.00688583 0.0221183 0.00617143 0.00997066 0.00312281 0.00595388
10 0.984277 0.0010609 0.00459644 0.00415108 0.0019615 0.000510989 0.00205492 0.00138752
1 0.0155531 0.0033016 0.95595 0.00865041 0.00710369 0.00245075 0.00445583 0.0025347
1 0.0113309 0.00363512 0.946601 0.0202821 0.00522717 0.00609596 0.00367493 0.00315333
1 0.0167057 0.00414023 0.928673 0.0143613 0.00712165 0.0180717 0.00421512 0.00671167
10 0.963302 0.00493019 0.00442634 0.00289678 0.00515766 0.0119119 0.0027564 0.00461834
-1 0.0236427 0.0101255 0.00833547 0.00843595 0.01162 0.92339 0.00672963 0.00772106
-1 0.00169076 0.00422071 0.00109804 0.00217442 0.00297462 0.982477 0.000817209 0.00454705
-1 0.00219711 0.00277163 0.000895941 0.00141824 0.00295504 0.98512 0.000626631 0.00401589
10 0.963302 0.00493019 0.00442634 0.00289678 0.00515766 0.0119119 0.0027564 0.00461834
-1 0.0229673 0.00837348 0.00589737 0.0047672 0.0133634 0.93141 0.00527245 0.0079485
-1 0.00655795 0.00539894 0.00156874 0.00642076 0.00284243 0.972192 0.000996213 0.00402327
-1 0.00121536 0.00153858 0.000866786 0.00235272 0.00249463 0.985973 0.00355363 0.0020052
-1 0.00317588 0.00273139 0.00160691 0.00182155 0.0146329 0.970049 0.00254493 0.00343772
-1 0.00189754 0.00675662 0.00117381 0.00122263 0.00191405 0.981164 0.00285436 0.00301673
10 0.963302 0.00493019 0.00442634 0.00289678 0.00515766 0.0119119 0.0027564 0.00461834
-1 0.022607 0.00837553 0.00593034 0.00496769 0.0105472 0.934582 0.00510011 0.00788994
-1 0.00348125 0.00450074 0.0012493 0.003235 0.00304136 0.978585 0.000829982 0.00507711
10 0.963302 0.00493019 0.00442634 0.00289678 0.00515766 0.0119119 0.0027564 0.00461834
-1 0.0236711 0.0101704 0.00883696 0.00824775 0.0116309 0.922956 0.00673878 0.00774848
-1 0.00155539 0.0041767 0.00102676 0.00223838 0.0021338 0.983441 0.000824442 0.00460339
-1 0.00199694 0.00314713 0.000985437 0.00182173 0.00310543 0.984027 0.000676463 0.00423999
10 0.963302 0.00493019 0.00442634 0.00289678 0.00515766 0.0119119 0.0027564 0.00461834
-1 0.0269031 0.0121604 0.00946649 0.024437 0.0118394 0.9002 0.00678849 0.00820514
-1 0.00442485 0.00370122 0.00237663 0.00571841 0.0197584 0.959806 0.00121031 0.00300437
-1 0.00159213 0.00626031 0.0190077 0.00131662 0.00281536 0.964331 0.000723751 0.00395362
10 0.963302 0.00493019 0.00442634 0.00289678 0.00515766 0.0119119 0.0027564 0.00461834
-1 0.0230822 0.00885954 0.0063481 0.00513029 0.0102935 0.929883 0.00829082 0.00811291
-1 0.00316562 0.00235644 0.00113833 0.00427795 0.00373472 0.979788 0.00260474 0.00293391
-1 0.00263236 0.00315684 0.00131027 0.00312684 0.0174577 0.96677 0.0025044 0.00304154
-1 0.00167784 0.0051733 0.000985883 0.00122402 0.00152244 0.983241 0.00337471 0.00280102
-1 0.000494664 0.00102017 0.000401017 0.000482149 0.00123388 0.991719 0.00241643 0.00223249
10 0.963302 0.00493019 0.00442634 0.00289678 0.00515766 0.0119119 0.0027564 0.00461834
-2 0.0153476 0.879654 0.00606197 0.0078914 0.0200983 0.0497067 0.00530787 0.0159322
-1 0.00803409 0.0895176 0.00375794 0.0232961 0.00406791 0.863065 0.00395507 0.00430618
-1 0.00163603 0.000564237 0.000650817 0.00235118 0.00198021 0.98963 0.000368025 0.00281983
10 0.963302 0.00493019 0.00442634 0.00289678 0.00515766 0.0119119 0.0027564 0.00461834
-2 0.0162409 0.888264 0.00739291 0.00736743 0.0083738 0.0589869 0.00503174 0.00834282
-1 0.0103235 0.00270529 0.00706353 0.0416656 0.00934133 0.918616 0.00484992 0.00543461
-1 0.00168139 0.00360805 0.000862558 0.00169692 0.00185056 0.985287 0.00074141 0.00427166
-1 0.00199694 0.00314713 0.000985437 0.00182173 0.00310543 0.984027 0.000676463 0.00423999
10 0.963302 0.00493019 0.00442634 0.00289678 0.00515766 0.0119119 0.0027564 0.00461834
-2 0.0162409 0.888264 0.00739291 0.00736743 0.0083738 0.0589869 0.00503174 0.00834282
-1 0.00639093 0.00224819 0.00659746 0.0409557 0.00667398 0.928475 0.00445069 0.00420804
-1 0.00168021 0.00360723 0.000861943 0.00169562 0.00184968 0.985299 0.000740939 0.00426514
-1 0.00199694 0.00314713 0.000985437 0.00182173 0.00310543 0.984027 0.000676463 0.00423999
10 0.963302 0.00493019 0.00442634 0.00289678 0.00515766 0.0119119 0.0027564 0.00461834
-2 0.0173221 0.89638 0.00727576 0.00721079 0.00746944 0.0511756 0.00497256 0.00819338
-1 0.0064385 0.00273499 0.00666202 0.115004 0.00708842 0.852572 0.00465323 0.00484717
-1 0.0043118 0.00292106 0.00231058 0.00344124 0.0164087 0.967016 0.00093742 0.00265294
-1 0.00159213 0.00626031 0.0190077 0.00131662 0.00281536 0.964331 0.000723751 0.00395362
10 0.963302 0.00493019 0.00442634 0.00289678 0.00515766 0.0119119 0.0027564 0.00461834
-2 0.015439 0.896594 0.00704314 0.00746377 0.00812273 0.05191 0.00502738 0.00839995
-1 0.0106027 0.00274172 0.00718313 0.0416724 0.00941138 0.917968 0.00490403 0.00551687
-1 0.00172795 0.00364096 0.000881511 0.00172745 0.00187918 0.985036 0.000756969 0.00434961
-1 0.00188686 0.00251195 0.000928212 0.00174085 0.00305896 0.985091 0.000654249 0.00412829
10 0.963302 0.00493019 0.00442634 0.00289678 0.00515766 0.0119119 0.0027564 0.00461834
10 0.963302 0.00493019 0.00442634 0.00289678 0.00515766 0.0119119 0.0027564 0.00461834
-4 0.0362011 0.0316179 0.0200587 0.0332594 0.0612509 0.0799626 0.0137482 0.723901
-2 0.00672899 0.905451 0.00565411 0.0140224 0.00691154 0.0463484 0.00580203 0.00908172
10 0.780298 0.00366651 0.00373736 0.0208255 0.00570783 0.177985 0.00281766 0.00496201
10 0.963302 0.00493019 0.00442634 0.00289678 0.00515766 0.0119119 0.0027564 0.00461834
10 0.963302 0.00493019 0.00442634 0.00289678 0.00515766 0.0119119 0.0027564 0.00461834
10 0.963302 0.00493019 0.00442634 0.00289678 0.00515766 0.0119119 0.0027564 0.00461834
10 0.963302 0.00493019 0.00442634 0.00289678 0.00515766 0.0119119 0.0027564 0.00461834
10 0.963302 0.00493019 0.00442634 0.00289678 0.00515766 0.0119119 0.0027564 0.00461834
10 0.963302 0.00493019 0.00442634 0.00289678 0.00515766 0.0119119 0.0027564 0.00461834
10 0.963302 0.00493019 0.00442634 0.00289678 0.00515766 0.0119119 0.0027564 0.00461834
-4 0.0298867 0.0247877 0.0205037 0.0250025 0.0215897 0.0765132 0.0142526 0.787464
-4 0.0232597 0.0300022 0.0129263 0.0402561 0.021167 0.0463467 0.015068 0.810974
-4 0.0220893 0.037203 0.0154401 0.0365714 0.0382753 0.0500779 0.0155385 0.784804
-2 0.0113215 0.900146 0.00490914 0.0116538 0.00695555 0.0495491 0.00583139 0.00963324
10 0.724776 0.00349959 0.00368008 0.018488 0.00524795 0.236378 0.00321119 0.00471932
10 0.963302 0.00493019 0.00442634 0.00289678 0.00515766 0.0119119 0.0027564 0.00461834
10 0.963302 0.00493019 0.00442634 0.00289678 0.00515766 0.0119119 0.0027564 0.00461834
-4 0.0537988 0.0237779 0.0239533 0.0297545 0.0219359 0.0498959 0.0143728 0.782511
-4 0.0386825 0.027865 0.0149873 0.0613473 0.0217585 0.0275007 0.0153068 0.792552
-4 0.033167 0.0347463 0.017827 0.0537209 0.0414258 0.0264161 0.016114 0.776583
-2 0.0112584 0.915306 0.00763405 0.0158461 0.00764137 0.0250648 0.00642282 0.0108261
10 0.936609 0.00276647 0.00466737 0.0262868 0.00466238 0.0159686 0.00380436 0.00523497
-4 0.0573682 0.0234583 0.0234279 0.0393827 0.0225085 0.0452474 0.0140432 0.774564
-4 0.045118 0.0307936 0.0214303 0.0541184 0.0429341 0.023734 0.0151227 0.766749
-2 0.00929438 0.923485 0.00686664 0.018703 0.0073844 0.0176305 0.00614107 0.0104955
10 0.937422 0.00267508 0.00441397 0.0295264 0.00467717 0.0142651 0.00307385 0.00394634
