labels 10 1 2 0 8 7 3
1 0.00265592 0.978272 0.00221825 0.0120173 0.00192628 0.00182326 0.001087
0 0.00453632 0.0136864 0.0089127 0.946508 0.00626407 0.0150077 0.00508471
1 0.000530048 0.977228 0.00189551 0.00326489 0.00260181 0.01408 0.000400155
2 0.00210129 0.00477156 0.953084 0.0147882 0.00295679 0.0196238 0.00267463
7 0.0179219 0.0847361 0.0997497 0.32935 0.0222031 0.430194 0.0158453
1 0.00115779 0.979991 0.00265468 0.0100904 0.001958 0.00322982 0.000918452
0 0.00773844 0.033053 0.0245813 0.758371 0.00802304 0.16091 0.00732316
7 0.0188957 0.21134 0.0470865 0.228015 0.046209 0.437888 0.0105653
7 0.00242285 0.00675988 0.00246441 0.0415242 0.00259303 0.943546 0.000689243
1 0.000791635 0.993417 0.00108317 0.000584074 0.00172516 0.00206101 0.000337865
2 0.00225164 0.00494475 0.946094 0.0248405 0.00293059 0.0160122 0.00292627
2 0.000508424 0.0008197 0.987419 0.0020877 0.000776702 0.00743224 0.000956386
1 0.00079121 0.98115 0.00253897 0.0124104 0.00141958 0.0010511 0.000638784
1 0.000542233 0.977301 0.00152198 0.0157987 0.000708656 0.00308798 0.00103992
2 0.00124878 0.00426619 0.975495 0.00953736 0.0013194 0.00607242 0.00206061
2 0.000580744 0.00213653 0.973453 0.00715144 0.00173534 0.0135833 0.00136001
2 0.00294581 0.00492336 0.963726 0.00987965 0.003632 0.0127995 0.00209334
1 0.00140124 0.987636 0.00137459 0.00160206 0.0023728 0.00523785 0.000375011
0 0.0106543 0.0389277 0.032008 0.787597 0.00958207 0.112188 0.00904258
7 0.00223623 0.0057679 0.00255213 0.0425982 0.00917488 0.936891 0.000780049
7 0.00242285 0.00675988 0.00246441 0.0415242 0.00259303 0.943546 0.000689243
1 0.0013665 0.97922 0.00127819 0.0121088 0.00204934 0.00357823 0.000399178
8 0.0141939 0.0434299 0.0476458 0.333134 0.460549 0.0835572 0.01749
7 0.00198372 0.00390172 0.00318416 0.0249443 0.00851384 0.953702 0.00376985
7 0.00171198 0.00122951 0.00169703 0.0114891 0.00397781 0.97948 0.000414276
7 0.00197527 0.00738592 0.00189314 0.023008 0.00228848 0.962835 0.000614599
1 0.000749758 0.982336 0.00151974 0.0122561 0.00154053 0.000965548 0.000632177
1 0.000434674 0.9661 0.0018971 0.024025 0.000576747 0.005892 0.00107452
2 0.00191799 0.00444533 0.939391 0.0435308 0.00124287 0.0073186 0.00215291
8 0.0136635 0.0264524 0.0855731 0.232004 0.462438 0.165145 0.0147236
7 0.00178797 0.00253355 0.00501742 0.0181602 0.00504894 0.964535 0.00291686
7 0.00153524 0.000889617 0.00141673 0.00493409 0.00389858 0.986949 0.000376877
7 0.00199079 0.00518725 0.0016173 0.0232912 0.00239227 0.964838 0.000682874
1 0.00142228 0.987573 0.00139635 0.00160611 0.00237722 0.00524395 0.000381416
0 0.00956422 0.0313693 0.0379917 0.658736 0.0129285 0.236225 0.0131849
7 0.00792204 0.048168 0.0447844 0.22403 0.0133774 0.655207 0.00651105
1 0.000556225 0.992088 0.00107002 0.000739639 0.00122886 0.00398837 0.000329079
2 0.00232096 0.00503264 0.936987 0.0437311 0.00169304 0.00790076 0.00233502
8 0.0140911 0.0384661 0.0875346 0.305129 0.372907 0.169093 0.012779
7 0.00225149 0.00509851 0.00543146 0.0362207 0.00544348 0.941175 0.00437912
7 0.00128371 0.000819777 0.00157162 0.00636292 0.00302907 0.986585 0.000348211
7 0.00213058 0.00596378 0.00206122 0.0309209 0.00260346 0.955567 0.000753359
1 0.000925963 0.995298 0.000682624 0.000466746 0.00152032 0.000874264 0.000232079
1 0.000468982 0.984553 0.00153272 0.00821021 0.000565255 0.00386554 0.000804407
2 0.00174221 0.00468156 0.952692 0.0176492 0.0042917 0.0164368 0.00250665
7 0.0177513 0.044675 0.106126 0.262792 0.0259189 0.526602 0.0161351
7 0.00250983 0.00866175 0.00460945 0.0497942 0.00385097 0.92967 0.000903358
1 0.00195109 0.979588 0.00271462 0.0124611 0.00144447 0.00108458 0.000756663
1 0.000574858 0.979899 0.00103991 0.0158025 0.000607698 0.00136554 0.000710098
1 0.000430212 0.981876 0.00173796 0.0124842 0.000479504 0.00232654 0.000665415
2 0.00178081 0.0042123 0.934327 0.0479674 0.00284254 0.00671094 0.00215916
8 0.0136635 0.0264524 0.0855731 0.232004 0.462438 0.165145 0.0147236
7 0.00200659 0.00429178 0.00383986 0.0382813 0.00575228 0.942832 0.002996
7 0.00134248 0.00112439 0.00160814 0.00777749 0.00382897 0.983913 0.000405083
7 0.00183888 0.00493052 0.0178599 0.0168602 0.00219293 0.955642 0.000675823
1 0.00265592 0.978272 0.00221825 0.0120173 0.00192628 0.00182326 0.001087
0 0.00453632 0.0136864 0.0089127 0.946508 0.00626407 0.0150077 0.00508471
1 0.000515779 0.994078 0.00112125 0.000573272 0.00102167 0.00242529 0.000264786
2 0.00219429 0.00703131 0.882741 0.0933905 0.00176721 0.0103582 0.00251773
8 0.0132832 0.0286387 0.0915941 0.270839 0.425217 0.155713 0.0147145
7 0.00200655 0.00574916 0.0697481 0.0184217 0.00582658 0.895246 0.00300153
7 0.00145924 0.000772761 0.00278312 0.00674978 0.00257058 0.985316 0.000348239
7 0.00216275 0.00569816 0.00337327 0.0300842 0.00291462 0.955001 0.000766312
1 0.000912358 0.970775 0.00246821 0.0156595 0.00273301 0.00671634 0.0007354
1 0.000500427 0.967931 0.00177301 0.0239295 0.000638882 0.00406956 0.00115791
2 0.00192038 0.00437258 0.939466 0.0435542 0.00124123 0.00728961 0.00215603
8 0.014574 0.0267383 0.0886251 0.216178 0.46482 0.173367 0.0156977
7 0.00213039 0.00334914 0.00523966 0.0237641 0.00532396 0.957218 0.00297478
7 0.00176584 0.00222959 0.00170469 0.0103687 0.00209561 0.981426 0.000409657
1 0.00106433 0.993276 0.00135427 0.00075473 0.0015566 0.00174605 0.000247712
1 0.000937191 0.98625 0.000891949 0.00806409 0.000917958 0.00212796 0.000810962
0 0.00506447 0.0267307 0.0243522 0.798551 0.013646 0.123615 0.00804026
2 0.00210249 0.00449722 0.59806 0.0145814 0.00893647 0.368762 0.00306103
7 0.0182507 0.0689215 0.0980512 0.314206 0.0172888 0.467613 0.015669
1 0.00195109 0.979588 0.00271462 0.0124611 0.00144447 0.00108458 0.000756663
1 0.000664609 0.976197 0.0025289 0.016206 0.000652228 0.0030009 0.000750137
1 0.000872287 0.987059 0.000959918 0.00827039 0.000785699 0.00138398 0.000669204
0 0.00531107 0.0252714 0.0386799 0.866587 0.012727 0.0448765 0.00654684
2 0.0017042 0.00365726 0.740066 0.0110281 0.00750039 0.233148 0.00289596
2 0.00439275 0.0121363 0.897833 0.0273654 0.00322652 0.0515297 0.00351596
1 0.00105438 0.980911 0.0013663 0.0118655 0.00211646 0.00175506 0.000931142
0 0.00540313 0.0186886 0.0343521 0.89755 0.00651446 0.0317833 0.00570847
2 0.00703956 0.0127523 0.819833 0.03539 0.00346923 0.117303 0.00421351
2 0.00506332 0.0119504 0.931771 0.0325556 0.00215154 0.0137774 0.00273063
1 0.000747126 0.963403 0.00527358 0.00673786 0.00177475 0.0212943 0.000768937
1 0.000992068 0.975957 0.00302044 0.0105112 0.00183435 0.00643412 0.0012508
1 0.00265592 0.978272 0.00221825 0.0120173 0.00192628 0.00182326 0.001087
0 0.00609414 0.0269339 0.0360732 0.850728 0.00661188 0.0670392 0.00652009
1 0.00117353 0.993627 0.000778217 0.000707643 0.00200853 0.00141283 0.000292717
0 0.00625304 0.0238002 0.0404106 0.863125 0.00910085 0.049908 0.00740191
2 0.0017042 0.00365726 0.740066 0.0110281 0.00750039 0.233148 0.00289596
2 0.00439275 0.0121363 0.897833 0.0273654 0.00322652 0.0515297 0.00351596
1 0.00228303 0.91915 0.00653753 0.0227746 0.00486574 0.0429327 0.00145612
0 0.00646702 0.0200973 0.0195841 0.870938 0.00575987 0.0703291 0.00682504
0 0.00704699 0.0157502 0.0035273 0.955306 0.00701685 0.00722748 0.00412476
8 0.00764324 0.0262141 0.0179801 0.0349419 0.87539 0.0316701 0.00616091
7 0.00174662 0.00375429 0.0316646 0.0123648 0.00384635 0.94369 0.00293311
7 0.00145924 0.000772761 0.00278312 0.00674978 0.00257058 0.985316 0.000348239
7 0.00216275 0.00569816 0.00337327 0.0300842 0.00291462 0.955001 0.000766312
1 0.00230606 0.968628 0.00398073 0.0157137 0.00238907 0.00612153 0.000860936
1 0.000805632 0.976752 0.00247356 0.0161243 0.000747442 0.00227528 0.000821779
1 0.00093412 0.986781 0.00098858 0.00808359 0.00079808 0.00161385 0.000800555
0 0.00506447 0.0267307 0.0243522 0.798551 0.013646 0.123615 0.00804026
2 0.00210249 0.00449722 0.59806 0.0145814 0.00893647 0.368762 0.00306103
7 0.0182507 0.0689215 0.0980512 0.314206 0.0172888 0.467613 0.015669
1 0.000776726 0.980818 0.00206382 0.0124854 0.00171585 0.0012223 0.000917852
2 0.00177768 0.00465539 0.97121 0.0103411 0.00170249 0.00817121 0.00214244
2 0.00128138 0.00316702 0.975155 0.0107444 0.000623812 0.00766368 0.00136518
2 0.00161627 0.00342572 0.977755 0.00661837 0.00280815 0.00625547 0.0015206
1 0.00102905 0.972768 0.00327187 0.00488186 0.00150448 0.0153612 0.0011838
1 0.00194034 0.977473 0.00372359 0.0127608 0.00161004 0.00140548 0.0010863
2 0.0061573 0.00473605 0.962655 0.0151378 0.00248473 0.00574591 0.00308307
1 0.0007954 0.971696 0.00414419 0.00715029 0.000786961 0.0148739 0.000553226
1 0.00101016 0.974727 0.00526992 0.0116745 0.00183541 0.00447516 0.00100745
