labels 10 1 0 -1 -2 -3 2 -4
10 0.949752 0.00201119 0.00297929 0.0367044 0.0024716 0.00270351 0.00111754 0.00226048
10 0.967804 0.00179063 0.00301451 0.0190832 0.00552132 0.00100745 0.000870286 0.000908402
10 0.897962 0.00256489 0.00590399 0.0868083 0.00146654 0.00293743 0.00106855 0.00128789
1 0.0056397 0.740368 0.00804067 0.23167 0.00400266 0.00576523 0.00235121 0.00216183
10 0.97147 0.00241044 0.00400827 0.0143843 0.00221134 0.00209489 0.000972332 0.0024488
10 0.969413 0.00280883 0.00292407 0.0184891 0.00147619 0.00255407 0.00106106 0.00127375
1 0.00403445 0.892296 0.00733906 0.0792185 0.00451089 0.00723084 0.00271674 0.0026539
10 0.961506 0.00358567 0.00665909 0.0148918 0.00542161 0.00178839 0.00187114 0.00427665
1 0.00500223 0.92548 0.0203771 0.0274658 0.00482045 0.00591637 0.00313003 0.00780809
10 0.971734 0.00299142 0.00441727 0.0133238 0.00123631 0.00336768 0.000903239 0.00202593
10 0.943903 0.00343273 0.00935371 0.0338711 0.0023719 0.00386577 0.00167758 0.00152437
10 0.95742 0.00222063 0.00481966 0.0236034 0.00540434 0.00253515 0.00134697 0.0026501
0 0.0183137 0.0245728 0.600715 0.314327 0.0115669 0.0157717 0.00603586 0.00869657
10 0.97303 0.00240048 0.00450213 0.0122671 0.00221218 0.00281169 0.00116343 0.00161267
1 0.00450348 0.896518 0.0123641 0.0708287 0.00472396 0.00526744 0.00343759 0.00235665
10 0.95588 0.00228429 0.00579352 0.0236708 0.00748211 0.00174652 0.00146318 0.00167984
-1 0.0176668 0.0451033 0.385793 0.509087 0.00903442 0.0148048 0.00549945 0.013011
1 0.00803444 0.620148 0.00964312 0.344772 0.00531367 0.0046744 0.00241464 0.00500002
10 0.944654 0.00339146 0.00942338 0.0331784 0.00218155 0.00373361 0.00161507 0.001822
10 0.973419 0.00238672 0.00372115 0.0128726 0.00256245 0.00230745 0.00108219 0.00164883
1 0.00458071 0.966028 0.00599107 0.0102983 0.00353388 0.00438549 0.00263399 0.00254848
1 0.00429539 0.884435 0.00897907 0.0871167 0.00308028 0.00704631 0.00219683 0.00285028
10 0.96943 0.00253497 0.00604978 0.0126969 0.00224317 0.00353787 0.0010549 0.00245203
10 0.975297 0.00304907 0.00418503 0.0108801 0.0017475 0.00251895 0.00106714 0.00125469
1 0.00402435 0.965844 0.00610117 0.0105868 0.00361254 0.00522456 0.00249699 0.00210994
1 0.00416353 0.893142 0.0148844 0.0722493 0.00388122 0.00671687 0.00249042 0.00247185
10 0.96337 0.00276558 0.0052092 0.0174928 0.00433721 0.00221924 0.00131901 0.00328665
10 0.955726 0.0029039 0.01236 0.0196874 0.00167764 0.00465783 0.0011657 0.00182169
10 0.975328 0.00305422 0.00591761 0.00844408 0.0017917 0.00305352 0.00116848 0.00124269
1 0.0041994 0.958286 0.0115402 0.0126777 0.0039804 0.00481124 0.00287833 0.00162702
1 0.00551384 0.905146 0.0273864 0.0420335 0.00585749 0.00750381 0.00428992 0.00226941
10 0.962375 0.00331801 0.0075324 0.0146683 0.00635362 0.00172672 0.00201465 0.00201135
1 0.00472147 0.945407 0.0167114 0.0139197 0.00398077 0.00539807 0.0031941 0.00666749
1 0.00554472 0.941028 0.0119167 0.0207565 0.00381431 0.00665266 0.00277029 0.00751726
10 0.958597 0.0043072 0.0105208 0.0187755 0.00166747 0.00308244 0.00117634 0.0018734
10 0.930679 0.00306022 0.0132917 0.0415014 0.00336867 0.0046034 0.00182853 0.00166719
10 0.971374 0.00251615 0.00544047 0.0115944 0.00250662 0.00376323 0.00115473 0.00165079
1 0.00519993 0.961068 0.00949409 0.00931042 0.00457718 0.00512399 0.0026825 0.00254412
1 0.00436815 0.966779 0.00685248 0.00986903 0.00242261 0.0054153 0.00204973 0.00224415
1 0.00541619 0.901447 0.0146944 0.0641717 0.00391097 0.00556922 0.00221075 0.00257952
10 0.967431 0.00194301 0.00473519 0.0168244 0.00514442 0.0019258 0.000990525 0.00100582
10 0.952739 0.00287053 0.0134576 0.0219369 0.00184651 0.00457707 0.00124481 0.00132738
1 0.0071722 0.943492 0.0119372 0.02312 0.00451631 0.00555226 0.00244249 0.00176741
1 0.00475987 0.955567 0.0163494 0.0114042 0.00271026 0.00517515 0.00237868 0.00165549
1 0.00731384 0.908342 0.0295156 0.0369425 0.00574939 0.00622731 0.00366268 0.00224638
10 0.960094 0.00299572 0.00545735 0.019378 0.00459906 0.00248553 0.00148889 0.00350135
10 0.954534 0.00301979 0.0124801 0.0200788 0.00175482 0.00498748 0.00125694 0.00188763
10 0.970798 0.00324806 0.00862371 0.00818725 0.00182726 0.00477468 0.00127531 0.00126617
1 0.00486382 0.954681 0.0176099 0.00737764 0.00502894 0.00581131 0.00296312 0.00166449
1 0.00507779 0.951446 0.0207384 0.00802823 0.00437967 0.00547311 0.00323711 0.00161996
1 0.00702829 0.863854 0.024106 0.0698257 0.0179439 0.00702476 0.00700484 0.00321219
10 0.962174 0.00260046 0.00783485 0.0156967 0.00599308 0.00243258 0.0021204 0.00114824
1 0.00636644 0.936024 0.0216666 0.0169261 0.00461536 0.00593648 0.0036525 0.00481217
1 0.00565516 0.955283 0.0121065 0.00846794 0.00313197 0.00629016 0.00281439 0.00625138
1 0.00581091 0.950397 0.0179425 0.00609424 0.00435311 0.00597781 0.00295562 0.00646922
10 0.956363 0.00400373 0.0111649 0.0192161 0.0023463 0.00356682 0.00132966 0.00200922
10 0.900984 0.00393031 0.0055653 0.0700939 0.00964822 0.00523865 0.00251256 0.00202682
10 0.937935 0.00361819 0.00797415 0.0311479 0.00710832 0.00287992 0.00269017 0.00664646
0 0.0302688 0.0437387 0.672882 0.154881 0.0171202 0.0409277 0.0128948 0.0272878
10 0.967044 0.00319437 0.00854938 0.010337 0.00246568 0.00476068 0.00130342 0.00234542
10 0.959523 0.00524197 0.0157666 0.00829791 0.00275832 0.00498046 0.00206347 0.00136836
1 0.00642106 0.943634 0.021654 0.00732445 0.00733947 0.00767574 0.00396552 0.00198581
1 0.00600067 0.945768 0.0117605 0.0144965 0.00945489 0.00584935 0.00401175 0.00265834
1 0.00909085 0.772219 0.0325756 0.153811 0.0078158 0.00986553 0.0109857 0.00363637
10 0.949651 0.00230552 0.00545506 0.032887 0.0025532 0.0029791 0.00122206 0.00294686
-1 0.0451105 0.0454673 0.118178 0.458833 0.0262963 0.262433 0.0131842 0.0304981
-1 0.0659931 0.0464705 0.0828552 0.379265 0.352177 0.0359864 0.0143111 0.0229417
-1 0.00492212 0.00225435 0.0283303 0.954835 0.00288833 0.00252145 0.00185345 0.00239518
10 0.949651 0.00230552 0.00545506 0.032887 0.0025532 0.0029791 0.00122206 0.00294686
-1 0.0451105 0.0454673 0.118178 0.458833 0.0262963 0.262433 0.0131842 0.0304981
-1 0.0659931 0.0464705 0.0828552 0.379265 0.352177 0.0359864 0.0143111 0.0229417
-1 0.00492212 0.00225435 0.0283303 0.954835 0.00288833 0.00252145 0.00185345 0.00239518
-1 0.00200584 0.00194185 0.01077 0.973393 0.00447511 0.00250231 0.00229271 0.00261896
-1 0.00419864 0.00372992 0.0112661 0.966951 0.0053799 0.00264478 0.00279816 0.00303189
10 0.970256 0.0024958 0.00311617 0.015787 0.00224927 0.00249994 0.00112324 0.00247302
1 0.00450525 0.907274 0.0152869 0.0556811 0.0043847 0.0058786 0.0029337 0.00405541
-1 0.0345103 0.0403538 0.148915 0.36914 0.0203124 0.356612 0.00913495 0.0210213
-2 0.0655754 0.0456386 0.110441 0.26658 0.453432 0.0264764 0.014695 0.0171623
-1 0.00179089 0.00184837 0.01669 0.967014 0.00386674 0.00431541 0.00200878 0.0024658
10 0.944754 0.00255309 0.00607396 0.0359528 0.00274583 0.00334304 0.00142635 0.00315121
-1 0.0463321 0.045614 0.12001 0.45994 0.0260635 0.258272 0.0136294 0.0301395
-1 0.0691543 0.0457812 0.0827324 0.400387 0.328109 0.0363203 0.0148827 0.0226338
-1 0.00613224 0.00269052 0.0320176 0.948378 0.00326494 0.00286607 0.00221662 0.00243401
-1 0.0023982 0.0023308 0.0120963 0.969385 0.00477725 0.00356383 0.00269118 0.00275768
-1 0.00395979 0.00398994 0.0118636 0.965919 0.00528932 0.0028236 0.00320184 0.00295323
10 0.969086 0.00341216 0.00583051 0.00946938 0.00535697 0.00245886 0.00199352 0.002393
1 0.00557245 0.9217 0.014059 0.0394386 0.00469463 0.00606922 0.00326215 0.00520384
10 0.96497 0.00304122 0.00730243 0.0152239 0.00180185 0.00429133 0.00141627 0.00195324
-3 0.0079308 0.00984156 0.0857667 0.0487682 0.01147 0.818997 0.00862886 0.0085973
-2 0.0153014 0.0137843 0.0506932 0.0461962 0.83679 0.0157586 0.0106895 0.0107871
-1 0.00783444 0.00766152 0.0446229 0.900634 0.0160666 0.00609148 0.0132638 0.00382494
-1 0.00582911 0.00422458 0.0192083 0.940608 0.00680037 0.00591701 0.0137609 0.00365228
10 0.958741 0.00527329 0.00785914 0.0128111 0.00640889 0.00323463 0.00281145 0.00286081
1 0.0201918 0.865004 0.024844 0.0540715 0.00747683 0.0143846 0.0065628 0.00746428
10 0.95101 0.00359222 0.00990372 0.0233279 0.00199701 0.00659435 0.00154212 0.00203256
-3 0.0166153 0.0148482 0.13014 0.0702493 0.0149745 0.729942 0.0138641 0.00936642
-2 0.0469066 0.0200684 0.0737362 0.0961411 0.696555 0.0331202 0.0209853 0.012487
-1 0.0180386 0.0143333 0.0490047 0.84185 0.018913 0.0132292 0.0384255 0.00620615
-1 0.0185964 0.0135508 0.0329134 0.848807 0.0123677 0.0132246 0.052821 0.00771965
-1 0.0317539 0.0252082 0.0454804 0.754703 0.015383 0.020788 0.0956778 0.0110054
-1 0.0386942 0.0114582 0.0303939 0.838544 0.00797384 0.0323189 0.0335327 0.00708402
-1 0.0394263 0.0160222 0.0318294 0.820975 0.0233693 0.0117919 0.0477388 0.00884684
10 0.967853 0.003291 0.00353067 0.0159303 0.00212622 0.00265725 0.0012305 0.00338116
10 0.950953 0.00355132 0.00524895 0.0321179 0.00183943 0.00308944 0.00131488 0.00188507
-3 0.00632858 0.00904197 0.0319022 0.0297442 0.0107367 0.896433 0.00755297 0.00826007
-2 0.0183924 0.0183373 0.0441583 0.0535793 0.829594 0.01558 0.0111282 0.00923031
-1 0.0030112 0.0039013 0.0457241 0.925729 0.00464439 0.0051232 0.00907487 0.00279175
-1 0.00435335 0.00392027 0.0180787 0.942417 0.0119802 0.00465347 0.0108844 0.00371274
10 0.973617 0.00312228 0.00556527 0.00771511 0.00263161 0.00334091 0.00136523 0.00264287
10 0.971568 0.00384941 0.00343439 0.0132244 0.00171299 0.00321007 0.00130422 0.00169617
1 0.00532572 0.918653 0.0140611 0.0439398 0.0047589 0.00708571 0.00325909 0.0029168
-3 0.00657403 0.0096522 0.0592406 0.0487652 0.0114726 0.849559 0.0075909 0.00714521
-2 0.0106097 0.0134498 0.0417151 0.0400725 0.864824 0.0122401 0.0105176 0.0065708
-1 0.00257141 0.00281539 0.01468 0.958547 0.00545764 0.00557587 0.00769276 0.00265999
-1 0.00355467 0.00228282 0.0110405 0.964626 0.00614883 0.00284966 0.0066991 0.00279837
-1 0.0150798 0.00522817 0.0230133 0.930011 0.0047682 0.00564378 0.0114248 0.00483061
10 0.92554 0.00767517 0.0143232 0.0262433 0.0083272 0.00568699 0.00553374 0.00666992
1 0.0308983 0.79154 0.0600791 0.0512067 0.0124597 0.0238146 0.0138233 0.0161787
10 0.940088 0.0100901 0.0110117 0.0202309 0.00306138 0.00772628 0.00391823 0.00387316
10 0.88745 0.0114414 0.0321946 0.0386595 0.00537386 0.0136055 0.00809792 0.00317717
-3 0.0276979 0.0182506 0.0764099 0.0398162 0.0203031 0.781669 0.0226165 0.0132363
-2 0.109814 0.0420313 0.0921152 0.121078 0.511984 0.0480323 0.0547463 0.0201989
-1 0.0703616 0.0485912 0.146741 0.505521 0.0336595 0.056795 0.115008 0.0233232
-1 0.064076 0.044684 0.0891578 0.449478 0.0393402 0.124751 0.159827 0.0286866
-1 0.0909534 0.0341415 0.04413 0.56588 0.0405818 0.0444596 0.156925 0.0229283
-1 0.0374552 0.0224927 0.0619542 0.441066 0.00920236 0.0224165 0.395563 0.0098505
-1 0.0229816 0.0188636 0.0389666 0.494448 0.0123572 0.0253751 0.377371 0.0096366
-1 0.0285042 0.0139648 0.0403328 0.753044 0.00681228 0.0121499 0.139051 0.00614043
-1 0.0153126 0.0134804 0.0277667 0.849938 0.00593781 0.00910738 0.0731448 0.00531203
-1 0.0194706 0.0118744 0.0266604 0.862438 0.00602123 0.00851027 0.0597475 0.00527729
10 0.950354 0.00280006 0.00764385 0.0247764 0.00747488 0.00257246 0.00227525 0.00210336
0 0.0268081 0.0370755 0.609288 0.274843 0.0114767 0.0193764 0.00796248 0.0131694
1 0.0107013 0.803771 0.0119829 0.150702 0.00599599 0.00618794 0.00360763 0.007051
10 0.947701 0.00412169 0.0151591 0.0231036 0.00230561 0.00375998 0.00185917 0.00199018
-3 0.0082356 0.00924401 0.116135 0.0360075 0.0109077 0.80203 0.00871289 0.00872704
-2 0.0120973 0.00793339 0.015916 0.0167211 0.920004 0.00972342 0.00943684 0.00816739
-1 0.00773129 0.00445756 0.021905 0.948644 0.00316671 0.00438076 0.00743423 0.0022807
-1 0.00544854 0.00440932 0.0226138 0.923114 0.00671045 0.0209971 0.0123549 0.00435171
-1 0.00908042 0.00555792 0.0246433 0.924557 0.0166879 0.00619001 0.008804 0.00447922
10 0.915057 0.00786114 0.0159098 0.038275 0.00286387 0.0063948 0.00452995 0.00910851
1 0.0188578 0.869539 0.0360844 0.0215817 0.0101513 0.0188243 0.00968802 0.0152733
10 0.967171 0.00569297 0.00637394 0.0104068 0.00171783 0.00424118 0.00180412 0.00259207
10 0.935333 0.00625176 0.0177115 0.0252578 0.00350928 0.00652913 0.00361253 0.00179524
-3 0.00592708 0.0067359 0.0358555 0.0204998 0.0122584 0.901782 0.0102005 0.00674069
-2 0.0638871 0.0277356 0.0550357 0.0806373 0.693277 0.0290313 0.0376581 0.012738
-1 0.0519161 0.0421594 0.0967468 0.545356 0.032607 0.0329951 0.180183 0.0180373
-1 0.0681264 0.0531546 0.0807946 0.461913 0.0445965 0.0440121 0.224078 0.0233243
-1 0.0412966 0.025746 0.0464285 0.667786 0.021035 0.0637809 0.118202 0.0157251
-1 0.0634884 0.0248001 0.050679 0.672165 0.0357555 0.0190343 0.120371 0.0137067
-1 0.0378388 0.0257997 0.0476248 0.686208 0.0194256 0.0214372 0.146918 0.0147475
10 0.960582 0.00231461 0.00343429 0.0250576 0.00447608 0.00124429 0.00108153 0.00181005
1 0.00655747 0.874164 0.0306869 0.0719584 0.00434448 0.00536265 0.00342339 0.00350281
10 0.914023 0.0032233 0.00477291 0.0692667 0.00155151 0.00395997 0.00135497 0.00184758
10 0.960093 0.00176379 0.00478888 0.0244347 0.00536673 0.00174818 0.000859541 0.000945641
10 0.969806 0.00269971 0.0103021 0.00968901 0.00189142 0.00263034 0.00163885 0.00134274
1 0.00666235 0.9664 0.00705872 0.00703047 0.00357366 0.00474326 0.00278059 0.00175055
1 0.00661901 0.879645 0.0266026 0.0692154 0.00381865 0.00845413 0.00324935 0.0023956
10 0.958859 0.00187131 0.00512423 0.0248492 0.00536868 0.00198137 0.00093777 0.00100874
10 0.970877 0.00277693 0.0100572 0.0076459 0.00183117 0.00378427 0.00169224 0.00133511
1 0.00752798 0.95956 0.0109799 0.00721176 0.00451232 0.00558469 0.00283386 0.00178957
1 0.00613231 0.952415 0.0155889 0.0124531 0.00284336 0.00608809 0.00272474 0.00175491
1 0.00894642 0.907199 0.0270923 0.0372201 0.0063455 0.0070376 0.0038076 0.00235164
10 0.962253 0.00220184 0.00558912 0.0203945 0.00532571 0.00201747 0.00127501 0.00094333
1 0.00729628 0.931811 0.020659 0.0234599 0.00453104 0.00558202 0.00358351 0.0030769
1 0.00666056 0.963662 0.00980515 0.00475091 0.00302809 0.00564355 0.00277095 0.00367891
1 0.00881302 0.938152 0.0180452 0.0184409 0.00385421 0.00657922 0.00283478 0.00328102
10 0.945447 0.00335357 0.0115402 0.0282857 0.00289739 0.00501223 0.00162087 0.00184296
10 0.95604 0.00248417 0.00782312 0.0224796 0.00579724 0.00238349 0.00189675 0.00109603
1 0.00784866 0.932556 0.0225578 0.0176803 0.00467134 0.00579361 0.00446277 0.00442923
1 0.00604334 0.959377 0.0118896 0.00408464 0.00318074 0.00630841 0.00322129 0.00589528
1 0.00788086 0.946392 0.0173403 0.00689347 0.00451755 0.00703703 0.00336795 0.00657109
10 0.958768 0.00427617 0.0102818 0.0167751 0.00235352 0.00406457 0.00144445 0.0020365
10 0.899622 0.00448287 0.00612121 0.0697963 0.00913945 0.00557558 0.00315397 0.00210889
10 0.924413 0.00336641 0.00826338 0.0457265 0.00683431 0.0027989 0.00249181 0.00610576
0 0.0331207 0.039111 0.792737 0.0439704 0.017286 0.0353405 0.015405 0.02303
10 0.94789 0.00386643 0.0107281 0.025676 0.00263853 0.00493167 0.00176873 0.00250092
10 0.96065 0.00504642 0.0134714 0.00890792 0.00271805 0.00543926 0.00235827 0.00140858
1 0.00786618 0.940462 0.0199896 0.00786964 0.00805396 0.00920828 0.00441463 0.00213588
1 0.0064689 0.946259 0.0121439 0.0148485 0.00727413 0.00587667 0.00432393 0.00280512
1 0.0111574 0.729305 0.0393135 0.186144 0.0086521 0.0111553 0.0103168 0.00395576
10 0.918531 0.00752232 0.0141778 0.0350383 0.00783353 0.0055327 0.00519312 0.00617113
1 0.0369456 0.792309 0.0606394 0.0439848 0.0126218 0.0224078 0.0160643 0.0150274
10 0.916196 0.0155545 0.0127872 0.0345631 0.00335597 0.00822141 0.00510138 0.00422069
10 0.88651 0.011638 0.0292659 0.0406952 0.00534581 0.0148435 0.00844673 0.00325478
-3 0.030131 0.0191671 0.0583345 0.039058 0.0209761 0.796151 0.022891 0.0132916
-2 0.122453 0.0493777 0.0966276 0.132723 0.471755 0.0502199 0.0561335 0.0207092
-1 0.056897 0.0388622 0.137073 0.581483 0.0260642 0.0476896 0.0940844 0.0178458
-1 0.0483776 0.0343453 0.0796435 0.5595 0.0301043 0.0948472 0.131862 0.0213207
-1 0.0929717 0.0348635 0.0455373 0.55976 0.0405923 0.0453444 0.157768 0.0231627
-1 0.041316 0.0242183 0.0654232 0.429975 0.00991589 0.0240826 0.394646 0.0104229
-1 0.0256223 0.0203652 0.0420609 0.484742 0.0130247 0.0270345 0.377011 0.0101389
-1 0.0285042 0.0139648 0.0403328 0.753044 0.00681228 0.0121499 0.139051 0.00614043
-1 0.0153126 0.0134804 0.0277667 0.849938 0.00593781 0.00910738 0.0731448 0.00531203
-1 0.0194706 0.0118744 0.0266604 0.862438 0.00602123 0.00851027 0.0597475 0.00527729
10 0.924953 0.0032718 0.00550447 0.0516574 0.00256344 0.00536138 0.00331518 0.00337342
-3 0.0116341 0.0210969 0.0258759 0.210734 0.0109053 0.691551 0.0162275 0.0119761
10 0.785145 0.00265767 0.0039122 0.189068 0.00430911 0.00656247 0.0063895 0.00195676
2 0.0150302 0.0182171 0.0472286 0.442857 0.00809017 0.0145132 0.446201 0.00786318
2 0.0116376 0.0139784 0.0300854 0.420741 0.0104198 0.0203355 0.484064 0.00873881
2 0.0123017 0.0126393 0.0296621 0.408362 0.0110967 0.0139207 0.503631 0.00838686
2 0.0121835 0.0124687 0.0248645 0.450269 0.0104483 0.0130855 0.468401 0.0082798
2 0.0137838 0.0132571 0.0278692 0.325983 0.0119226 0.013726 0.583387 0.0100718
10 0.917632 0.00374215 0.00629028 0.0610645 0.00140108 0.00409322 0.00308098 0.00269597
10 0.902751 0.00546239 0.0108561 0.0629762 0.00230331 0.00881878 0.0040561 0.00277579
-3 0.0129608 0.016388 0.0262511 0.0735626 0.0112712 0.834058 0.0158712 0.00963689
10 0.928147 0.00334803 0.00646978 0.0415605 0.00455276 0.00590896 0.00815171 0.00186169
2 0.0143907 0.0178798 0.061755 0.11136 0.0123555 0.0194155 0.753792 0.00905107
2 0.0144766 0.0168606 0.0296082 0.115843 0.0195599 0.0221062 0.771375 0.0101704
2 0.0147543 0.0139373 0.0304383 0.119481 0.0138825 0.0177413 0.779389 0.0103759
2 0.0143471 0.0139734 0.0288075 0.124566 0.013221 0.0174238 0.777018 0.0106437
2 0.0190169 0.0148436 0.0315145 0.142227 0.014151 0.017502 0.748403 0.0123424
10 0.922215 0.0061218 0.0103126 0.0385212 0.00659274 0.00668084 0.00363531 0.00592096
10 0.874015 0.00601109 0.0224964 0.0778032 0.00246383 0.00940114 0.00433098 0.00347839
10 0.95019 0.00478434 0.00744043 0.0209035 0.00223124 0.00835784 0.00357051 0.00252204
-3 0.0163373 0.0211363 0.0623622 0.0616188 0.0130452 0.792209 0.0241777 0.0091136
10 0.900842 0.00512998 0.0156943 0.0411124 0.00856985 0.00823781 0.0181523 0.00226097
2 0.0139596 0.0186739 0.0367401 0.0465111 0.0220724 0.0171734 0.836564 0.0083054
2 0.0139024 0.0137947 0.0258362 0.0507252 0.014033 0.0210999 0.851077 0.0095319
2 0.0137355 0.0127735 0.0280466 0.0459965 0.0127024 0.0173592 0.859569 0.00981771
2 0.0252884 0.0159793 0.0322715 0.0907307 0.0147765 0.0205942 0.788025 0.012334
2 0.0261507 0.0171748 0.035093 0.139177 0.0154044 0.0199099 0.733835 0.0132549
-4 0.0195096 0.0183402 0.0811185 0.0427113 0.0170831 0.0172275 0.0110278 0.792982
-4 0.0201279 0.0181002 0.0606626 0.0571425 0.0188833 0.0333267 0.00960467 0.782152
10 0.981757 0.00191706 0.00246842 0.00699053 0.00336941 0.00114789 0.00112144 0.00122871
10 0.946139 0.00252525 0.00553512 0.0368388 0.00190255 0.00366795 0.00148274 0.00190815
10 0.949752 0.00201119 0.00297929 0.0367044 0.0024716 0.00270351 0.00111754 0.00226048
10 0.95786 0.00162653 0.0030224 0.0269333 0.00741029 0.00134155 0.000992216 0.000814071
-1 0.00936108 0.022825 0.0563703 0.897057 0.00267887 0.0070644 0.00162948 0.00301349
-1 0.00631758 0.185404 0.00717078 0.790258 0.00390804 0.00287681 0.00138025 0.00268422
-1 0.0227542 0.0393642 0.198399 0.706846 0.00864346 0.0129271 0.00582626 0.00524035
-1 0.0230009 0.0143589 0.277461 0.64485 0.0172507 0.0100861 0.00679182 0.00619992
10 0.949752 0.00201119 0.00297929 0.0367044 0.0024716 0.00270351 0.00111754 0.00226048
-3 0.00888273 0.00836435 0.0345808 0.194838 0.015596 0.71197 0.00757893 0.0181894
-2 0.0176241 0.0156885 0.028886 0.0984835 0.800433 0.0134232 0.0093624 0.0160994
-1 0.00106625 0.000979846 0.00685298 0.985657 0.000857137 0.00180558 0.000636385 0.00214516
10 0.949752 0.00201119 0.00297929 0.0367044 0.0024716 0.00270351 0.00111754 0.00226048
-3 0.00888273 0.00836435 0.0345808 0.194838 0.015596 0.71197 0.00757893 0.0181894
-2 0.0176241 0.0156885 0.028886 0.0984835 0.800433 0.0134232 0.0093624 0.0160994
-1 0.00106625 0.000979846 0.00685298 0.985657 0.000857137 0.00180558 0.000636385 0.00214516
-1 0.0020988 0.000976959 0.00667702 0.982695 0.0026279 0.00160119 0.000758736 0.0025639
-1 0.00749429 0.00343843 0.013484 0.965227 0.00289818 0.00290237 0.00117696 0.00337841
10 0.949752 0.00201119 0.00297929 0.0367044 0.0024716 0.00270351 0.00111754 0.00226048
-3 0.00704418 0.00755975 0.0365521 0.0476137 0.0120525 0.868598 0.00794579 0.0126342
-2 0.0170129 0.0141927 0.0386118 0.0406257 0.852594 0.0135167 0.00967041 0.0137759
-1 0.00232554 0.00478579 0.00854273 0.978441 0.00106643 0.00196249 0.000704477 0.00217201
-1 0.00138342 0.0522022 0.00448027 0.934872 0.00232262 0.00139764 0.000894267 0.00244807
-1 0.0132936 0.0204713 0.0469679 0.900583 0.00415436 0.00790695 0.00215967 0.00446305
-1 0.0270894 0.00893206 0.0632863 0.878727 0.00803505 0.00644764 0.00241732 0.00506492
10 0.949752 0.00201119 0.00297929 0.0367044 0.0024716 0.00270351 0.00111754 0.00226048
10 0.973419 0.00238672 0.00372115 0.0128726 0.00256245 0.00230745 0.00108219 0.00164883
1 0.00458071 0.966028 0.00599107 0.0102983 0.00353388 0.00438549 0.00263399 0.00254848
1 0.00429539 0.884435 0.00897907 0.0871167 0.00308028 0.00704631 0.00219683 0.00285028
10 0.949752 0.00201119 0.00297929 0.0367044 0.0024716 0.00270351 0.00111754 0.00226048
10 0.963252 0.00208494 0.00330893 0.0271757 0.000783959 0.00154705 0.000955229 0.000892255
1 0.00506701 0.96144 0.00757146 0.0133607 0.00343068 0.00438599 0.00249067 0.00225318
1 0.00528254 0.877757 0.00876939 0.0940229 0.00303559 0.006432 0.00215803 0.00254282
10 0.949752 0.00201119 0.00297929 0.0367044 0.0024716 0.00270351 0.00111754 0.00226048
10 0.964142 0.00218329 0.00506642 0.0231125 0.000879346 0.00265659 0.00102164 0.000937949
1 0.00590052 0.95329 0.0145735 0.0117864 0.00445832 0.00514015 0.00257051 0.00228058
1 0.00546843 0.965491 0.00706448 0.010404 0.00242108 0.00512568 0.0020185 0.002007
1 0.00616341 0.903646 0.0187881 0.0570398 0.00375842 0.00581774 0.00237638 0.00241037
10 0.949752 0.00201119 0.00297929 0.0367044 0.0024716 0.00270351 0.00111754 0.00226048
10 0.955006 0.00220964 0.00619227 0.0306615 0.000950534 0.00257137 0.000956289 0.00145213
10 0.96495 0.00307083 0.00736905 0.017798 0.00178863 0.00266774 0.00109453 0.00126088
1 0.00496022 0.965747 0.00633361 0.0101557 0.00355433 0.00490192 0.00244464 0.00190259
1 0.0042588 0.897868 0.0198976 0.062543 0.00365423 0.00680244 0.00266297 0.0023131
10 0.949752 0.00201119 0.00297929 0.0367044 0.0024716 0.00270351 0.00111754 0.00226048
10 0.953498 0.00232399 0.00663139 0.03107 0.00102823 0.00287956 0.00103572 0.001533
10 0.965396 0.00314303 0.00982142 0.0130608 0.00179546 0.00431775 0.00118489 0.00128104
1 0.00585727 0.959272 0.0106782 0.00933112 0.00458067 0.00584193 0.00250793 0.00193131
1 0.00430747 0.961538 0.0122192 0.00991881 0.00282716 0.0051108 0.00228592 0.00179217
1 0.00579443 0.899008 0.027895 0.0497533 0.00552088 0.00624967 0.0034522 0.0023263
10 0.949752 0.00201119 0.00297929 0.0367044 0.0024716 0.00270351 0.00111754 0.00226048
10 0.977413 0.00303244 0.00468003 0.00578094 0.0027974 0.00328562 0.00129837 0.0017118
1 0.0067706 0.967416 0.00638056 0.00517431 0.00365891 0.00450696 0.00277075 0.00332146
1 0.0051026 0.917632 0.0174613 0.0450199 0.0030846 0.00642009 0.00231854 0.00296054
-3 0.0094843 0.0112247 0.107234 0.0766191 0.0129252 0.765987 0.00693785 0.00958807
-2 0.0106585 0.00803931 0.0209785 0.0390115 0.894139 0.0121863 0.00717657 0.00781076
-1 0.00137727 0.00144547 0.00796126 0.980179 0.00241075 0.00288568 0.00177012 0.00197078
10 0.949752 0.00201119 0.00297929 0.0367044 0.0024716 0.00270351 0.00111754 0.00226048
-1 0.00826667 0.00430035 0.00905259 0.964715 0.00321859 0.00332261 0.00103341 0.00609116
-1 0.00916013 0.00520654 0.010291 0.953392 0.00535116 0.00321263 0.00129698 0.0120899
-1 0.0047841 0.00323179 0.00518238 0.980193 0.00143381 0.00192423 0.000746202 0.00250421
10 0.949752 0.00201119 0.00297929 0.0367044 0.0024716 0.00270351 0.00111754 0.00226048
-1 0.00806925 0.00402103 0.00866234 0.968489 0.00340013 0.00271856 0.000956365 0.00368304
-1 0.00806925 0.00402103 0.00866234 0.968489 0.00340013 0.00271856 0.000956365 0.00368304
10 0.949752 0.00201119 0.00297929 0.0367044 0.0024716 0.00270351 0.00111754 0.00226048
-1 0.00806187 0.00401569 0.00848544 0.968697 0.00340288 0.0027096 0.000952003 0.00367551
-1 0.00736404 0.00393734 0.00857977 0.969502 0.00334529 0.00266852 0.000944842 0.0036583
-1 0.00752803 0.00392568 0.00772136 0.970399 0.00329655 0.00263062 0.000928174 0.00357087
10 0.949752 0.00201119 0.00297929 0.0367044 0.0024716 0.00270351 0.00111754 0.00226048
-1 0.00736404 0.00393734 0.00857977 0.969502 0.00334529 0.00266852 0.000944842 0.0036583
-1 0.00752803 0.00392568 0.00772136 0.970399 0.00329655 0.00263062 0.000928174 0.00357087
10 0.949752 0.00201119 0.00297929 0.0367044 0.0024716 0.00270351 0.00111754 0.00226048
-1 0.0192616 0.0114094 0.0591392 0.885635 0.0116995 0.0059347 0.0019531 0.00496704
-1 0.0144004 0.0217039 0.0132818 0.893462 0.00571744 0.0449272 0.0019099 0.0045975
-1 0.00540958 0.390778 0.00817187 0.55157 0.032063 0.00451551 0.002522 0.00497017
10 0.949752 0.00201119 0.00297929 0.0367044 0.0024716 0.00270351 0.00111754 0.00226048
-1 0.009375 0.00463569 0.00928865 0.965043 0.00365915 0.00301623 0.00115096 0.00383088
-1 0.00781006 0.00442006 0.0102162 0.966934 0.00354356 0.00218395 0.00111984 0.00377189
-1 0.00775346 0.00431068 0.00809616 0.97022 0.00220647 0.00283432 0.00105276 0.00352655
10 0.949752 0.00201119 0.00297929 0.0367044 0.0024716 0.00270351 0.00111754 0.00226048
-1 0.0143685 0.00578945 0.0106373 0.951918 0.00307901 0.00371631 0.00684818 0.00364364
-1 0.00901252 0.0075115 0.00928008 0.957071 0.00376878 0.00418292 0.00583813 0.00333517
-1 0.00623164 0.00458678 0.0061437 0.958406 0.00242284 0.0146251 0.00437203 0.00321192
-1 0.00855768 0.00473911 0.00607854 0.960414 0.00827614 0.00271056 0.00586399 0.00336034
-1 0.0044659 0.00472143 0.00787505 0.967973 0.00204034 0.00302295 0.00665191 0.00324903
10 0.949752 0.00201119 0.00297929 0.0367044 0.0024716 0.00270351 0.00111754 0.00226048
10 0.946087 0.00166453 0.00221204 0.0400805 0.00607555 0.00141134 0.00112392 0.00134525
-1 0.00492626 0.00689577 0.0571635 0.914037 0.00228184 0.00851962 0.00167946 0.00449627
-1 0.0160079 0.00470738 0.014778 0.942645 0.00689184 0.00434259 0.00173571 0.00889173
-1 0.0099579 0.00756569 0.0410704 0.927147 0.00331542 0.00385048 0.00427797 0.00281541
10 0.949752 0.00201119 0.00297929 0.0367044 0.0024716 0.00270351 0.00111754 0.00226048
10 0.946986 0.00164494 0.00243115 0.0400681 0.00543488 0.00141703 0.00112963 0.000887861
-1 0.00466984 0.00666075 0.0571156 0.917433 0.00217456 0.0073553 0.00160966 0.00298158
-1 0.0153282 0.0039851 0.0140796 0.952506 0.0050818 0.00418539 0.00148662 0.00334752
10 0.949752 0.00201119 0.00297929 0.0367044 0.0024716 0.00270351 0.00111754 0.00226048
10 0.946998 0.00164499 0.00241793 0.0400686 0.00543879 0.00141654 0.00112802 0.000887431
-1 0.00448221 0.00664243 0.0571187 0.917655 0.00216799 0.00734595 0.00160838 0.00297939
-1 0.0143598 0.00379405 0.0126401 0.955583 0.00493365 0.00401864 0.00143634 0.00323416
10 0.949752 0.00201119 0.00297929 0.0367044 0.0024716 0.00270351 0.00111754 0.00226048
10 0.962325 0.00162593 0.00262332 0.0249239 0.00450381 0.00221417 0.00103549 0.000747962
-1 0.0173338 0.0185766 0.398967 0.533386 0.0085646 0.0140786 0.00451437 0.00457908
-1 0.025117 0.0160594 0.0163962 0.873966 0.00674034 0.055621 0.00230351 0.0037967
-1 0.00700877 0.451253 0.024199 0.465849 0.037802 0.00540167 0.0044545 0.00403189
10 0.949752 0.00201119 0.00297929 0.0367044 0.0024716 0.00270351 0.00111754 0.00226048
10 0.920368 0.00296603 0.00558841 0.0548654 0.00539848 0.00534655 0.00350835 0.00195883
-1 0.0409134 0.0394533 0.187195 0.630414 0.011952 0.054638 0.0238415 0.0115928
-1 0.0399609 0.0158821 0.0403882 0.80393 0.00861687 0.0665564 0.017939 0.00672617
-1 0.132072 0.0184177 0.0300119 0.698851 0.0200626 0.0187062 0.0734827 0.00839624
-1 0.0254069 0.0283669 0.104215 0.495463 0.0118457 0.0243685 0.30088 0.00945377
-1 0.0111685 0.0155735 0.0236206 0.632943 0.0177941 0.0159839 0.276655 0.00626148
-1 0.019962 0.0103387 0.0263121 0.661064 0.00621674 0.0104151 0.260289 0.0054022
-1 0.0128344 0.0114087 0.0255607 0.652897 0.00723975 0.0103463 0.273533 0.00617977
-1 0.0211159 0.00990276 0.0270187 0.780597 0.00658557 0.0093978 0.139575 0.00580674
10 0.949752 0.00201119 0.00297929 0.0367044 0.0024716 0.00270351 0.00111754 0.00226048
10 0.957372 0.00156859 0.0022291 0.030634 0.00485387 0.00141144 0.00112991 0.00080101
-1 0.00618958 0.0106041 0.0471922 0.922142 0.00223012 0.00727087 0.00159486 0.0027761
-1 0.0120005 0.00432295 0.0105272 0.937662 0.0049358 0.0258629 0.00161766 0.00307149
-1 0.011788 0.00901499 0.0511545 0.889185 0.0251748 0.005307 0.00457021 0.00380544
10 0.949752 0.00201119 0.00297929 0.0367044 0.0024716 0.00270351 0.00111754 0.00226048
-4 0.0200816 0.018095 0.0604328 0.0582979 0.0190976 0.033519 0.00941251 0.781064
10 0.960678 0.00186768 0.00238338 0.0277736 0.00407205 0.0010819 0.000991484 0.00115156
10 0.947248 0.00238393 0.00518166 0.0367843 0.00177748 0.00348937 0.00128799 0.00184766
10 0.949752 0.00201119 0.00297929 0.0367044 0.0024716 0.00270351 0.00111754 0.00226048
10 0.949752 0.00201119 0.00297929 0.0367044 0.0024716 0.00270351 0.00111754 0.00226048
10 0.949752 0.00201119 0.00297929 0.0367044 0.0024716 0.00270351 0.00111754 0.00226048
10 0.949752 0.00201119 0.00297929 0.0367044 0.0024716 0.00270351 0.00111754 0.00226048
10 0.949752 0.00201119 0.00297929 0.0367044 0.0024716 0.00270351 0.00111754 0.00226048
10 0.949752 0.00201119 0.00297929 0.0367044 0.0024716 0.00270351 0.00111754 0.00226048
10 0.949752 0.00201119 0.00297929 0.0367044 0.0024716 0.00270351 0.00111754 0.00226048
10 0.949752 0.00201119 0.00297929 0.0367044 0.0024716 0.00270351 0.00111754 0.00226048
-4 0.0224178 0.0203309 0.046021 0.0561169 0.0185146 0.0171605 0.0119731 0.807465
-4 0.0200234 0.0186152 0.0810063 0.0421448 0.0171051 0.0176195 0.0114112 0.792075
-4 0.0253347 0.0186831 0.0619817 0.0575556 0.0191157 0.0339195 0.0100187 0.773391
10 0.980257 0.00207613 0.0026628 0.00751512 0.0035866 0.00127722 0.00130726 0.00131821
10 0.945053 0.00266963 0.00590797 0.0368174 0.00203308 0.00384862 0.00170117 0.00196868
10 0.949752 0.00201119 0.00297929 0.0367044 0.0024716 0.00270351 0.00111754 0.00226048
10 0.949752 0.00201119 0.00297929 0.0367044 0.0024716 0.00270351 0.00111754 0.00226048
-4 0.0195096 0.0183402 0.0811185 0.0427113 0.0170831 0.0172275 0.0110278 0.792982
-4 0.0201279 0.0181002 0.0606626 0.0571425 0.0188833 0.0333267 0.00960467 0.782152
10 0.981757 0.00191706 0.00246842 0.00699053 0.00336941 0.00114789 0.00112144 0.00122871
10 0.946139 0.00252525 0.00553512 0.0368388 0.00190255 0.00366795 0.00148274 0.00190815
-4 0.0224178 0.0203309 0.046021 0.0561169 0.0185146 0.0171605 0.0119731 0.807465
-4 0.0200234 0.0186152 0.0810063 0.0421448 0.0171051 0.0176195 0.0114112 0.792075
-4 0.0253347 0.0186831 0.0619817 0.0575556 0.0191157 0.0339195 0.0100187 0.773391
10 0.980257 0.00207613 0.0026628 0.00751512 0.0035866 0.00127722 0.00130726 0.00131821
10 0.945053 0.00266963 0.00590797 0.0368174 0.00203308 0.00384862 0.00170117 0.00196868
-4 0.0200816 0.018095 0.0604328 0.0582979 0.0190976 0.033519 0.00941251 0.781064
10 0.960678 0.00186768 0.00238338 0.0277736 0.00407205 0.0010819 0.000991484 0.00115156
10 0.947248 0.00238393 0.00518166 0.0367843 0.00177748 0.00348937 0.00128799 0.00184766
-4 0.0195096 0.0183402 0.0811185 0.0427113 0.0170831 0.0172275 0.0110278 0.792982
-4 0.0201279 0.0181002 0.0606626 0.0571425 0.0188833 0.0333267 0.00960467 0.782152
10 0.981757 0.00191706 0.00246842 0.00699053 0.00336941 0.00114789 0.00112144 0.00122871
10 0.946139 0.00252525 0.00553512 0.0368388 0.00190255 0.00366795 0.00148274 0.00190815
-4 0.0200816 0.018095 0.0604328 0.0582979 0.0190976 0.033519 0.00941251 0.781064
10 0.960678 0.00186768 0.00238338 0.0277736 0.00407205 0.0010819 0.000991484 0.00115156
10 0.947248 0.00238393 0.00518166 0.0367843 0.00177748 0.00348937 0.00128799 0.00184766
-4 0.0195096 0.0183402 0.0811185 0.0427113 0.0170831 0.0172275 0.0110278 0.792982
-4 0.0201279 0.0181002 0.0606626 0.0571425 0.0188833 0.0333267 0.00960467 0.782152
10 0.981757 0.00191706 0.00246842 0.00699053 0.00336941 0.00114789 0.00112144 0.00122871
10 0.946139 0.00252525 0.00553512 0.0368388 0.00190255 0.00366795 0.00148274 0.00190815
