labels 10 1 0 -1 -2 -3 2 -4
10 0.968184 0.00213072 0.00297002 0.0194646 0.00218458 0.00229009 0.00107801 0.00169818
1 0.00439264 0.896327 0.00651089 0.0767207 0.00435108 0.00566059 0.00284198 0.00319553
10 0.968806 0.00246536 0.0037185 0.0156514 0.00478778 0.00131809 0.00124599 0.00200645
1 0.00519662 0.888862 0.0139032 0.0765491 0.00401647 0.00541438 0.00252561 0.00353308
10 0.960841 0.00244566 0.00426164 0.0241056 0.00148542 0.0040832 0.00100083 0.001777
10 0.966078 0.00229175 0.00301917 0.0211126 0.00185887 0.00207142 0.000967732 0.0026
10 0.950531 0.00231265 0.00292839 0.0367754 0.00163546 0.00307 0.00109645 0.00165036
10 0.964791 0.00263426 0.00491065 0.0170108 0.0042556 0.0019729 0.00122525 0.00319919
10 0.945585 0.00274228 0.0137789 0.0305212 0.00163808 0.00284757 0.0010728 0.0018138
10 0.973038 0.00279465 0.00440802 0.0127408 0.00154816 0.00306983 0.00115091 0.00124977
1 0.00421568 0.891122 0.0188257 0.0686803 0.00491194 0.00676747 0.00341174 0.00206469
10 0.968768 0.00184313 0.00442986 0.0162774 0.00510961 0.00170847 0.000919595 0.000944021
10 0.943969 0.00269376 0.012827 0.0334423 0.00181241 0.00284895 0.00112848 0.00127859
1 0.00598023 0.944072 0.00675137 0.0310131 0.0034643 0.00463465 0.00235551 0.0017289
1 0.00479429 0.886706 0.0271177 0.0655907 0.00358531 0.00705738 0.00290501 0.00224337
10 0.968016 0.00266729 0.00567296 0.0134522 0.00596401 0.00152098 0.00141087 0.00129591
1 0.0049501 0.935793 0.0176091 0.0260271 0.00385466 0.00486435 0.00272379 0.00417749
1 0.00605292 0.91211 0.00900046 0.058419 0.00314937 0.00572935 0.00220429 0.00333462
10 0.945581 0.00309699 0.0110253 0.0316018 0.00196896 0.00374371 0.00131502 0.00166746
10 0.966078 0.00229175 0.00301917 0.0211126 0.00185887 0.00207142 0.000967732 0.0026
10 0.950531 0.00231265 0.00292839 0.0367754 0.00163546 0.00307 0.00109645 0.00165036
10 0.956145 0.0023312 0.00510562 0.0239787 0.00544219 0.00282485 0.00143837 0.00273372
0 0.0192536 0.0210635 0.801384 0.104406 0.0126127 0.0245502 0.00770419 0.00902536
10 0.974903 0.00263575 0.00544431 0.00888578 0.00253327 0.00283824 0.00117731 0.00158228
1 0.00459425 0.960907 0.00922417 0.0123385 0.00390752 0.0041164 0.00301204 0.00189958
1 0.00592948 0.883246 0.0270995 0.0645931 0.00494202 0.00806706 0.00366402 0.00245933
10 0.956038 0.00198701 0.00575337 0.0241034 0.00692818 0.00245057 0.00148345 0.00125629
0 0.0184603 0.023644 0.804259 0.104233 0.012481 0.0191746 0.00818467 0.00956294
1 0.00657067 0.885149 0.0121918 0.0761479 0.00546198 0.00529687 0.00305038 0.00613139
1 0.00488571 0.948155 0.0146515 0.0175321 0.00335559 0.0050475 0.00280375 0.00356876
10 0.945986 0.00313752 0.012745 0.0287148 0.00219893 0.00380593 0.00163225 0.00177934
10 0.96826 0.00232115 0.00552299 0.0139255 0.00549684 0.00205776 0.00142552 0.000989874
1 0.00581391 0.93463 0.0203831 0.0229539 0.00442311 0.0056987 0.00287832 0.00321916
1 0.00606043 0.956793 0.0100235 0.0123754 0.00296237 0.00557907 0.00238448 0.00382145
1 0.00638848 0.943665 0.0183673 0.016786 0.00366773 0.00552088 0.00247301 0.00313219
10 0.940549 0.00295414 0.0126675 0.0331985 0.00291298 0.004398 0.00150633 0.00181371
10 0.966078 0.00229175 0.00301917 0.0211126 0.00185887 0.00207142 0.000967732 0.0026
10 0.950531 0.00231265 0.00292839 0.0367754 0.00163546 0.00307 0.00109645 0.00165036
10 0.967865 0.00263498 0.00642774 0.0132515 0.00232711 0.00384263 0.0011348 0.00251594
10 0.972178 0.00317768 0.00655039 0.00970861 0.0017675 0.00418559 0.00115306 0.00127876
1 0.00476715 0.959033 0.0110151 0.0095257 0.00469896 0.00626205 0.00256371 0.00213423
1 0.00388721 0.965086 0.00919345 0.00974389 0.00293672 0.00503508 0.00218326 0.00193401
1 0.00480249 0.893675 0.0208812 0.0636934 0.00520352 0.00618946 0.00316538 0.00238977
10 0.958974 0.00215176 0.00648521 0.0196846 0.00655424 0.0031206 0.00196081 0.00106862
0 0.0197051 0.0228826 0.802345 0.104027 0.0119192 0.0228288 0.00915335 0.00713904
1 0.00820194 0.876612 0.0267458 0.0634228 0.00691716 0.00697501 0.00418603 0.00693885
1 0.00475613 0.957601 0.0160439 0.00315953 0.00335816 0.00537973 0.00349895 0.00620253
1 0.00618486 0.948511 0.0190972 0.00546383 0.00514791 0.00588035 0.0034458 0.00626911
10 0.9423 0.00424527 0.00452124 0.0366561 0.00470526 0.00376954 0.00158469 0.00221795
10 0.945146 0.00281602 0.00404483 0.0367407 0.00267304 0.00461785 0.002038 0.00192375
10 0.968184 0.00213072 0.00297002 0.0194646 0.00218458 0.00229009 0.00107801 0.00169818
1 0.00439264 0.896327 0.00651089 0.0767207 0.00435108 0.00566059 0.00284198 0.00319553
-1 0.0172228 0.0270209 0.0532101 0.874266 0.00653903 0.0148773 0.00213103 0.00473243
-1 0.0144437 0.00772353 0.0545614 0.901801 0.00986911 0.00521616 0.00276849 0.00361684
-1 0.00325988 0.0042692 0.012918 0.95957 0.00920445 0.00499959 0.00245265 0.00332577
10 0.965807 0.00194068 0.00338103 0.0201465 0.00561869 0.00112219 0.000996752 0.00098766
10 0.947966 0.00258662 0.00585056 0.0368631 0.00154297 0.0028299 0.00114252 0.0012186
1 0.00624237 0.894106 0.00752428 0.0766847 0.00422653 0.00587331 0.00261145 0.00273155
0 0.0197182 0.0253739 0.798883 0.104065 0.012711 0.0229261 0.00847525 0.00784677
0 0.0173055 0.0158889 0.776968 0.0944605 0.0193386 0.0571573 0.0094427 0.00943803
-2 0.0175004 0.0154212 0.0353537 0.0387685 0.851343 0.0149388 0.0132565 0.0134183
-1 0.00517254 0.00238541 0.0114404 0.964857 0.00345269 0.00315467 0.00722967 0.00230718
10 0.97265 0.00324942 0.00473516 0.00842376 0.00255393 0.00368268 0.00188902 0.00281583
1 0.00687721 0.940516 0.0134959 0.0151988 0.00543126 0.00626798 0.00383552 0.00837724
-3 0.00762179 0.0111913 0.0623955 0.0270452 0.0105147 0.849885 0.00803102 0.0233155
-2 0.0182715 0.0137137 0.0534239 0.044033 0.815057 0.0237959 0.00906502 0.0226402
-1 0.0251884 0.000883526 0.00451991 0.953144 0.00786848 0.00388836 0.00287412 0.00163346
-1 0.00296982 0.00266398 0.0494255 0.931427 0.00283411 0.00517632 0.00338105 0.00212229
10 0.974727 0.00227681 0.00410713 0.0101329 0.00488995 0.00162062 0.0012023 0.00104299
10 0.946173 0.0030195 0.00580875 0.036836 0.00170354 0.00351556 0.00125639 0.00168767
1 0.00641517 0.886514 0.0145018 0.0761305 0.00457522 0.00619229 0.00316268 0.00250806
-3 0.00611289 0.00876082 0.0657439 0.035393 0.00983213 0.859841 0.00784308 0.00647364
-2 0.0139265 0.0130217 0.0645656 0.0367914 0.843164 0.0106582 0.00988809 0.00798406
-1 0.00458115 0.00514306 0.021348 0.927942 0.0168033 0.00805778 0.0115529 0.00457193
-1 0.00585777 0.00338047 0.0115151 0.952659 0.00814012 0.00357026 0.00951148 0.00536533
-1 0.0152367 0.0059661 0.0244381 0.925501 0.00397793 0.00577894 0.0143945 0.00470642
10 0.967572 0.0031241 0.00427492 0.0150032 0.00225086 0.00289593 0.00180662 0.00307199
10 0.945094 0.00351616 0.00672697 0.0341781 0.00198985 0.00412162 0.00183782 0.00253579
-3 0.00662798 0.00961752 0.0480515 0.0352836 0.0112481 0.867583 0.00856591 0.013023
-2 0.0178696 0.0162612 0.053197 0.0445524 0.828135 0.0143506 0.0103475 0.0152863
-1 0.00460272 0.00985704 0.0563346 0.900561 0.00640404 0.00599339 0.0114497 0.00479743
-1 0.0259834 0.00193976 0.00766298 0.942391 0.00504796 0.0033771 0.0108508 0.00274681
-1 0.011621 0.0170889 0.0335033 0.902304 0.00703141 0.0105324 0.0134472 0.00447184
10 0.974007 0.00286772 0.00554423 0.00770152 0.00261181 0.00332116 0.00135775 0.00258921
10 0.971291 0.00403621 0.00344673 0.0132558 0.00172083 0.00322018 0.00130797 0.00172133
1 0.0052633 0.919103 0.014022 0.0439191 0.00473659 0.00680591 0.00324735 0.00290244
-3 0.00648761 0.00892059 0.0574762 0.0469611 0.0110199 0.854504 0.00756176 0.00706897
-2 0.0104785 0.0133625 0.0405195 0.0397515 0.867266 0.0117516 0.0103613 0.00650927
-1 0.0025845 0.00282618 0.0149908 0.958163 0.00546687 0.00559221 0.00770886 0.00266714
-1 0.00349877 0.00222802 0.0101282 0.965907 0.00606632 0.00278679 0.00665397 0.00273129
10 0.956544 0.00321109 0.00669854 0.0199747 0.00488255 0.00293606 0.00201916 0.00373378
10 0.963555 0.00291797 0.0110264 0.0131307 0.00198136 0.00381029 0.00156119 0.0020174
10 0.969699 0.00401594 0.00523723 0.0116586 0.00192502 0.00404277 0.00164307 0.00177862
1 0.00727613 0.917882 0.0233972 0.032662 0.00515528 0.00687634 0.00417453 0.0025764
-3 0.00710713 0.00968001 0.0655706 0.0251351 0.0113493 0.865669 0.00916069 0.00632773
-2 0.00807269 0.010555 0.0341547 0.0175863 0.902457 0.0102025 0.0122914 0.00468035
-1 0.00835904 0.00752189 0.0519871 0.888744 0.0139639 0.00984142 0.0159704 0.00361233
-1 0.00995273 0.00697015 0.0167215 0.918035 0.00768175 0.0206685 0.0159601 0.00401026
-1 0.0108373 0.0539857 0.0199499 0.877565 0.0133187 0.00586121 0.0136186 0.00486334
10 0.951427 0.0028132 0.00648326 0.024922 0.00558333 0.003596 0.00205441 0.00312065
0 0.0247297 0.0221651 0.797558 0.103905 0.0129906 0.0206087 0.00856578 0.00947674
10 0.970477 0.00306434 0.00504532 0.011343 0.00252986 0.00383295 0.00154945 0.0021583
1 0.0056686 0.912613 0.0229892 0.0413769 0.00499272 0.00558944 0.00392608 0.00284452
-3 0.00627241 0.00872787 0.0576162 0.0325207 0.00906699 0.870499 0.00851198 0.0067852
-2 0.0118953 0.0096249 0.0228182 0.0163199 0.917266 0.00701054 0.00965918 0.00540621
-1 0.0036153 0.00329012 0.0150834 0.95352 0.00429893 0.0073061 0.00999794 0.00288782
-1 0.0071665 0.00469054 0.0220824 0.935084 0.00838995 0.0044521 0.0135048 0.00463008
-1 0.0176716 0.00520654 0.0301801 0.923606 0.00403686 0.00701358 0.00769519 0.00458982
10 0.956852 0.00172948 0.00311584 0.0295988 0.00597498 0.00101818 0.000800723 0.000910114
10 0.943535 0.00259477 0.0112356 0.0352574 0.00163622 0.00272387 0.00165632 0.00136046
1 0.0055293 0.920552 0.0075104 0.0508942 0.004309 0.00599196 0.00306539 0.00214789
10 0.956162 0.00246953 0.00498049 0.0261221 0.00419388 0.00196259 0.0011242 0.0029855
10 0.970307 0.00267747 0.00983764 0.00978326 0.00163065 0.00248846 0.00148218 0.00179329
10 0.946596 0.00531265 0.00460496 0.0358038 0.00163474 0.00313838 0.00156582 0.00134347
1 0.0056472 0.883646 0.0189194 0.0729212 0.00501956 0.00797262 0.00368966 0.00218447
10 0.955853 0.0032887 0.00635871 0.0224471 0.00495423 0.00167742 0.00163545 0.00378568
1 0.00574652 0.932628 0.0202254 0.0205746 0.00480133 0.00556522 0.00382038 0.00663865
10 0.945113 0.00548183 0.00498081 0.0362245 0.00134627 0.00343629 0.00125099 0.0021659
10 0.941466 0.00322344 0.008723 0.0365558 0.00233647 0.00428835 0.00184815 0.00155846
10 0.945159 0.00200472 0.00486621 0.0366188 0.00523396 0.00247119 0.00120944 0.00243678
0 0.0200102 0.0196658 0.851343 0.0615767 0.0131902 0.016809 0.00866638 0.00873875
10 0.947797 0.00288126 0.00444286 0.0367236 0.00221158 0.00271992 0.00155007 0.00167363
1 0.00588993 0.888782 0.0124879 0.075808 0.00476555 0.00609151 0.00371133 0.00246381
10 0.944002 0.00207887 0.00615358 0.0354971 0.0076176 0.00171384 0.00132168 0.00161489
0 0.0188773 0.0251287 0.802588 0.103683 0.0119196 0.017966 0.00880915 0.0110283
1 0.00573157 0.889425 0.00926478 0.0764411 0.00565649 0.00546196 0.00329899 0.00472005
10 0.942485 0.00316496 0.00850371 0.0360487 0.0021452 0.00401115 0.00180298 0.00183812
10 0.962375 0.00244277 0.00568725 0.0198741 0.00570436 0.00146217 0.00124519 0.00120914
1 0.00575044 0.939921 0.0197979 0.0186556 0.00394642 0.00474519 0.00341189 0.00377201
1 0.00620311 0.959098 0.00825402 0.011734 0.00314079 0.00580723 0.00260208 0.0031603
10 0.943504 0.00289078 0.0103829 0.0340314 0.00195856 0.00407244 0.00146339 0.00169682
10 0.954895 0.00261315 0.00531223 0.0263884 0.00426485 0.00222071 0.00122626 0.00307968
10 0.971377 0.00274477 0.00938785 0.00796411 0.00159842 0.00363596 0.00153259 0.00175929
10 0.958179 0.00519307 0.00711964 0.021523 0.00191978 0.00314331 0.00159058 0.00133204
1 0.00548241 0.954778 0.0111441 0.014078 0.00403568 0.00554369 0.00321974 0.00171817
1 0.00665062 0.90469 0.0247836 0.0419461 0.0064426 0.00875471 0.00435977 0.00237218
10 0.956965 0.00308588 0.00746226 0.021129 0.00604774 0.00166232 0.00178012 0.00186741
1 0.00539061 0.945956 0.0167959 0.0130647 0.0039713 0.00515824 0.0038534 0.00580998
1 0.00574684 0.956548 0.0106527 0.00665319 0.00379748 0.00660411 0.00317359 0.00682435
10 0.957808 0.00409752 0.00959327 0.0202609 0.00166313 0.00336437 0.00131458 0.00189815
10 0.937795 0.0032126 0.0121557 0.0347834 0.00323806 0.00519344 0.00192606 0.00169532
10 0.944264 0.00212105 0.0051909 0.0365535 0.00526227 0.00277177 0.00131013 0.00252621
0 0.0202978 0.01893 0.88826 0.0234016 0.0118973 0.0205124 0.00885647 0.00784463
10 0.956695 0.00320486 0.00611731 0.0253738 0.00259129 0.00279249 0.00157344 0.00165136
1 0.00609217 0.956898 0.00895328 0.013979 0.00397339 0.00473183 0.00337467 0.00199715
1 0.00722322 0.883373 0.0247237 0.0632698 0.00549962 0.0094272 0.00389828 0.00258503
10 0.944148 0.00186668 0.00615813 0.0356594 0.00711044 0.00246546 0.00135893 0.00123274
0 0.018721 0.0200612 0.891787 0.0213619 0.0118115 0.0186867 0.00939564 0.00817477
1 0.00632999 0.946202 0.0102467 0.0173188 0.00539538 0.00540076 0.00357222 0.00553427
1 0.00653294 0.943497 0.0143592 0.0193348 0.00349314 0.00591447 0.00318311 0.00368554
10 0.950094 0.00331637 0.0117226 0.0247178 0.00218445 0.00438162 0.0017742 0.0018093
10 0.95084 0.00286789 0.00568255 0.0288617 0.00453752 0.0025037 0.00140186 0.00330502
10 0.970375 0.00283064 0.00948123 0.00838615 0.0016626 0.00382609 0.00162555 0.00181316
10 0.956106 0.00515314 0.0104398 0.0182882 0.00196773 0.00495269 0.0017287 0.00136342
1 0.00633034 0.952151 0.0164611 0.00823667 0.00507048 0.0066484 0.00333824 0.0017638
1 0.00622429 0.950588 0.0184952 0.00829245 0.00484543 0.00634517 0.0034939 0.00171587
1 0.00722384 0.869183 0.0241585 0.0691286 0.0137776 0.00684833 0.0063887 0.00329169
10 0.95125 0.00199147 0.00664455 0.0278137 0.00641993 0.00305878 0.00179263 0.0010292
0 0.0206014 0.0194232 0.888175 0.0236334 0.0113777 0.0201049 0.0103715 0.00631321
1 0.0068728 0.933596 0.0187539 0.0176255 0.0061607 0.00652352 0.00442979 0.00603743
1 0.00633643 0.954715 0.0153721 0.00357061 0.00349549 0.0062644 0.00399842 0.00624732
1 0.00727973 0.947029 0.0176738 0.00587059 0.00558349 0.00654172 0.00377123 0.00625048
10 0.940687 0.00481696 0.00503863 0.0366269 0.00449441 0.00404307 0.00200317 0.00228973
10 0.944536 0.00295337 0.00436123 0.0367096 0.00277775 0.0047613 0.00193272 0.00196801
10 0.970373 0.00210437 0.00408018 0.0150852 0.004715 0.00156403 0.00108706 0.000990759
10 0.962085 0.00294668 0.00950574 0.0166653 0.00185197 0.0033797 0.00182276 0.00174297
1 0.00639923 0.945286 0.0121218 0.0191292 0.00467544 0.0062135 0.00374765 0.00242755
-3 0.00681369 0.00897661 0.0512817 0.0341749 0.00952782 0.87429 0.00843556 0.00649957
-2 0.0177385 0.0145056 0.0638867 0.0360728 0.83669 0.0121379 0.0104732 0.00849527
-1 0.00451599 0.00545433 0.0229855 0.930952 0.0152453 0.00807313 0.00855516 0.0042186
-1 0.00622712 0.00304164 0.012112 0.956379 0.00767773 0.00342943 0.00618667 0.00494672
-1 0.0168182 0.00558694 0.0259172 0.92995 0.00339807 0.00535913 0.00873532 0.00423486
10 0.966389 0.0031071 0.00538935 0.0141291 0.00478734 0.00230087 0.0017601 0.00213676
1 0.00690411 0.913456 0.0235626 0.0366112 0.00480056 0.00584519 0.00404179 0.00477881
10 0.939897 0.00431294 0.00915151 0.0363794 0.00190947 0.00434778 0.00190665 0.00209496
-3 0.00822629 0.0096158 0.0620773 0.0440095 0.0107431 0.847921 0.00897924 0.00842794
-2 0.0188316 0.0155024 0.0484005 0.0440974 0.832403 0.0180805 0.011413 0.0112719
-1 0.00837048 0.00824105 0.0491604 0.899629 0.0147738 0.00612177 0.0101342 0.00356948
-1 0.005351 0.00342846 0.0198637 0.94836 0.00600196 0.00542049 0.00848561 0.00308872
10 0.952101 0.00267632 0.0061437 0.0271313 0.00445406 0.0025447 0.00161935 0.00332985
10 0.973947 0.00280571 0.00943819 0.0046566 0.0018908 0.00354179 0.00179591 0.0019241
10 0.957357 0.00668526 0.00497341 0.0218166 0.0018422 0.00381635 0.00178598 0.00172333
1 0.00728235 0.922968 0.0216618 0.027331 0.0049549 0.00928506 0.00411339 0.00240396
-3 0.00745717 0.0104256 0.064928 0.0225538 0.0125197 0.867343 0.00871962 0.00605278
-2 0.00836383 0.0154755 0.0281217 0.0165689 0.907833 0.0070088 0.011947 0.0046817
-1 0.00316954 0.0529254 0.00940217 0.908207 0.0056476 0.00564351 0.0123703 0.00263459
-1 0.012512 0.0087794 0.0417039 0.900504 0.00819142 0.0080729 0.0154154 0.00482065
10 0.940637 0.00260882 0.00665732 0.0363655 0.00538577 0.00352979 0.00190744 0.00290807
0 0.0241962 0.0194391 0.879453 0.0270788 0.0123751 0.0194186 0.009684 0.00835524
10 0.949651 0.00466139 0.00521769 0.0298439 0.00256465 0.00377691 0.00201531 0.00226939
1 0.00722103 0.907413 0.0224448 0.0443437 0.0050251 0.00632146 0.0042534 0.00297787
-3 0.00663069 0.00916321 0.0354098 0.0306972 0.00931961 0.89334 0.00870112 0.00673851
-2 0.0156047 0.0146415 0.0266486 0.0211236 0.89568 0.00833469 0.0117525 0.00621408
-1 0.00337053 0.00286824 0.0162732 0.957408 0.00382547 0.00735542 0.00629427 0.00260445
-1 0.0070871 0.0041987 0.0234606 0.940984 0.00779606 0.0039856 0.00824227 0.00424567
-1 0.0194052 0.00606397 0.0349469 0.913013 0.00457434 0.00808524 0.00892749 0.00498351
10 0.94014 0.00260399 0.00806906 0.0351196 0.00741574 0.00252819 0.00210247 0.00202055
0 0.0243241 0.0239371 0.842934 0.05559 0.0124691 0.0197057 0.0100555 0.0109845
1 0.00727035 0.923423 0.0107986 0.0358184 0.00590715 0.00631592 0.00420865 0.00625836
10 0.947627 0.00391463 0.0133126 0.0247791 0.00227109 0.00403308 0.00205662 0.00200607
-3 0.00830273 0.00946737 0.0665102 0.0322821 0.0112848 0.854477 0.00896507 0.00871054
-2 0.0156969 0.0115309 0.0185992 0.0215505 0.900556 0.0113268 0.0116847 0.00905447
-1 0.00930077 0.00459707 0.0252307 0.94558 0.00319922 0.00466531 0.0051969 0.00222983
-1 0.00561882 0.00421457 0.0247643 0.925764 0.00643935 0.0209076 0.00812953 0.00416149
-1 0.0105389 0.00642678 0.0286098 0.914834 0.0174655 0.00713447 0.0101234 0.00486685
10 0.939363 0.0036615 0.00645257 0.0367499 0.00228865 0.00498744 0.00295126 0.00354542
10 0.937606 0.00439649 0.00618417 0.0367625 0.00204928 0.00692475 0.00342799 0.00264839
-3 0.00879225 0.0123912 0.0251265 0.0454225 0.0107205 0.873853 0.0143917 0.00930247
10 0.938055 0.00276788 0.00482453 0.0366072 0.00428151 0.00532423 0.00637468 0.00176497
2 0.0125488 0.0161706 0.0437425 0.123631 0.0115382 0.0179982 0.765098 0.0092727
2 0.0128703 0.0149714 0.028976 0.123463 0.0148142 0.0216966 0.772858 0.0103504
2 0.0142104 0.014131 0.0309308 0.123988 0.0140178 0.0175148 0.774345 0.0108621
2 0.0142367 0.0142049 0.0292016 0.123883 0.0135517 0.0174567 0.77627 0.0111953
2 0.0151943 0.0142327 0.0302069 0.124043 0.0138623 0.0166404 0.77365 0.0121701
10 0.939561 0.00318317 0.0048795 0.0367305 0.00512135 0.00496806 0.00355769 0.00199884
-3 0.00858682 0.00948242 0.0357974 0.0480777 0.00990024 0.864773 0.0144515 0.00893097
10 0.941711 0.00266311 0.00322467 0.0366608 0.00322388 0.00551764 0.00508374 0.00191482
2 0.0151462 0.0171748 0.0529166 0.120088 0.0102267 0.0180678 0.757034 0.00934599
2 0.0130215 0.0164413 0.0532831 0.118728 0.0125453 0.0212302 0.754005 0.0107457
2 0.0160654 0.0176613 0.041411 0.121636 0.0176449 0.0174366 0.754123 0.0140213
2 0.0159366 0.0178747 0.0448736 0.119443 0.0138699 0.0183789 0.751325 0.0182978
2 0.0182605 0.0219588 0.043178 0.119253 0.0142291 0.0163575 0.747999 0.0187639
10 0.937473 0.00330113 0.00567239 0.0366176 0.00271376 0.00426022 0.007126 0.00283634
10 0.93779 0.00389241 0.00652012 0.0367972 0.00260288 0.00514107 0.00489941 0.00235733
-4 0.0200816 0.018095 0.0604328 0.0582979 0.0190976 0.033519 0.00941251 0.781064
10 0.960678 0.00186768 0.00238338 0.0277736 0.00407205 0.0010819 0.000991484 0.00115156
10 0.947248 0.00238393 0.00518166 0.0367843 0.00177748 0.00348937 0.00128799 0.00184766
-4 0.0224178 0.0203309 0.046021 0.0561169 0.0185146 0.0171605 0.0119731 0.807465
-4 0.0200234 0.0186152 0.0810063 0.0421448 0.0171051 0.0176195 0.0114112 0.792075
-4 0.0253347 0.0186831 0.0619817 0.0575556 0.0191157 0.0339195 0.0100187 0.773391
10 0.980257 0.00207613 0.0026628 0.00751512 0.0035866 0.00127722 0.00130726 0.00131821
10 0.945053 0.00266963 0.00590797 0.0368174 0.00203308 0.00384862 0.00170117 0.00196868
10 0.949752 0.00201119 0.00297929 0.0367044 0.0024716 0.00270351 0.00111754 0.00226048
-1 0.00685451 0.00341961 0.00703837 0.973226 0.00306458 0.00229112 0.000764187 0.00334198
10 0.949752 0.00201119 0.00297929 0.0367044 0.0024716 0.00270351 0.00111754 0.00226048
-1 0.0160206 0.0231678 0.0113879 0.935351 0.00476393 0.00385078 0.0013051 0.00415273
-1 0.00409045 0.481704 0.00600975 0.494431 0.00410901 0.00357457 0.00196309 0.00411899
10 0.949752 0.00201119 0.00297929 0.0367044 0.0024716 0.00270351 0.00111754 0.00226048
-1 0.00685451 0.00341961 0.00703837 0.973226 0.00306458 0.00229112 0.000764187 0.00334198
-1 0.00685451 0.00341961 0.00703837 0.973226 0.00306458 0.00229112 0.000764187 0.00334198
-1 0.00685451 0.00341961 0.00703837 0.973226 0.00306458 0.00229112 0.000764187 0.00334198
10 0.949752 0.00201119 0.00297929 0.0367044 0.0024716 0.00270351 0.00111754 0.00226048
-1 0.0160206 0.0231678 0.0113879 0.935351 0.00476393 0.00385078 0.0013051 0.00415273
-1 0.00409045 0.481704 0.00600975 0.494431 0.00410901 0.00357457 0.00196309 0.00411899
-1 0.0122224 0.0246195 0.0243611 0.922194 0.00421531 0.00650537 0.00149044 0.00439189
-1 0.00927196 0.00454183 0.0179787 0.955236 0.00468382 0.00380339 0.000992772 0.00349156
10 0.949752 0.00201119 0.00297929 0.0367044 0.0024716 0.00270351 0.00111754 0.00226048
10 0.951466 0.0014604 0.00216138 0.036808 0.00513291 0.00122072 0.000960277 0.000790225
-1 0.00382541 0.00572268 0.0490414 0.929171 0.00184123 0.00643377 0.00128574 0.00267899
10 0.949752 0.00201119 0.00297929 0.0367044 0.0024716 0.00270351 0.00111754 0.00226048
10 0.95786 0.00162653 0.0030224 0.0269333 0.00741029 0.00134155 0.000992216 0.000814071
-1 0.00936108 0.022825 0.0563703 0.897057 0.00267887 0.0070644 0.00162948 0.00301349
-1 0.00631758 0.185404 0.00717078 0.790258 0.00390804 0.00287681 0.00138025 0.00268422
10 0.949752 0.00201119 0.00297929 0.0367044 0.0024716 0.00270351 0.00111754 0.00226048
10 0.951466 0.0014604 0.00216138 0.036808 0.00513291 0.00122072 0.000960277 0.000790225
-1 0.00382541 0.00572268 0.0490414 0.929171 0.00184123 0.00643377 0.00128574 0.00267899
-1 0.0133244 0.00337612 0.0116338 0.959225 0.00466766 0.00355461 0.00120422 0.00301413
-1 0.0130006 0.00788434 0.0554861 0.905412 0.00615484 0.00445371 0.00405159 0.00355637
10 0.949752 0.00201119 0.00297929 0.0367044 0.0024716 0.00270351 0.00111754 0.00226048
-3 0.00704418 0.00755975 0.0365521 0.0476137 0.0120525 0.868598 0.00794579 0.0126342
-2 0.0170129 0.0141927 0.0386118 0.0406257 0.852594 0.0135167 0.00967041 0.0137759
-1 0.00232554 0.00478579 0.00854273 0.978441 0.00106643 0.00196249 0.000704477 0.00217201
-1 0.00138342 0.0522022 0.00448027 0.934872 0.00232262 0.00139764 0.000894267 0.00244807
10 0.949752 0.00201119 0.00297929 0.0367044 0.0024716 0.00270351 0.00111754 0.00226048
-1 0.00409045 0.481704 0.00600975 0.494431 0.00410901 0.00357457 0.00196309 0.00411899
10 0.949752 0.00201119 0.00297929 0.0367044 0.0024716 0.00270351 0.00111754 0.00226048
1 0.00512323 0.894976 0.00740421 0.076689 0.00460577 0.00427831 0.00278703 0.00413641
1 0.00480397 0.897117 0.0071609 0.0766622 0.00291086 0.00556165 0.00229926 0.00348446
10 0.949752 0.00201119 0.00297929 0.0367044 0.0024716 0.00270351 0.00111754 0.00226048
1 0.00562677 0.908556 0.0120478 0.0556516 0.00611105 0.00510553 0.0028671 0.00403363
1 0.00510371 0.968105 0.00643308 0.00862739 0.00236133 0.00445401 0.00215973 0.00275606
1 0.00614746 0.893962 0.00940872 0.0764165 0.00314761 0.00590955 0.00198607 0.00302198
10 0.949752 0.00201119 0.00297929 0.0367044 0.0024716 0.00270351 0.00111754 0.00226048
10 0.968184 0.00213072 0.00297002 0.0194646 0.00218458 0.00229009 0.00107801 0.00169818
1 0.00439264 0.896327 0.00651089 0.0767207 0.00435108 0.00566059 0.00284198 0.00319553
10 0.949752 0.00201119 0.00297929 0.0367044 0.0024716 0.00270351 0.00111754 0.00226048
10 0.971374 0.00251615 0.00544047 0.0115944 0.00250662 0.00376323 0.00115473 0.00165079
1 0.00519993 0.961068 0.00949409 0.00931042 0.00457718 0.00512399 0.0026825 0.00254412
1 0.00436815 0.966779 0.00685248 0.00986903 0.00242261 0.0054153 0.00204973 0.00224415
1 0.00541619 0.901447 0.0146944 0.0641717 0.00391097 0.00556922 0.00221075 0.00257952
10 0.949752 0.00201119 0.00297929 0.0367044 0.0024716 0.00270351 0.00111754 0.00226048
10 0.954736 0.00185757 0.00251112 0.0368347 0.000676667 0.0015122 0.00095808 0.000913428
1 0.00475631 0.894664 0.00858165 0.0767518 0.00415992 0.00560898 0.00268599 0.0027912
10 0.949752 0.00201119 0.00297929 0.0367044 0.0024716 0.00270351 0.00111754 0.00226048
10 0.952893 0.00211826 0.00375374 0.0367779 0.000808348 0.00141607 0.000871664 0.00136079
10 0.949745 0.00297913 0.00394012 0.0367815 0.00148765 0.00271656 0.00107266 0.00127756
1 0.00479177 0.893947 0.00723256 0.0781688 0.00438242 0.00643214 0.00266088 0.00238441
10 0.949752 0.00201119 0.00297929 0.0367044 0.0024716 0.00270351 0.00111754 0.00226048
10 0.973861 0.00247895 0.00306441 0.0125922 0.00223926 0.00256283 0.0011292 0.00207213
1 0.00485671 0.930776 0.00932235 0.0402642 0.00407623 0.00488593 0.00279522 0.00302365
-3 0.00472314 0.00705384 0.0237817 0.0456155 0.00770515 0.898754 0.00560002 0.006767
-2 0.0147093 0.0134197 0.0338548 0.0382172 0.874809 0.0100369 0.00810127 0.00685147
-1 0.00138357 0.00161993 0.0120734 0.973792 0.00246252 0.00442272 0.00210981 0.00213641
10 0.949752 0.00201119 0.00297929 0.0367044 0.0024716 0.00270351 0.00111754 0.00226048
10 0.970072 0.00255042 0.00589912 0.0117672 0.00256951 0.00399231 0.00138549 0.00176343
1 0.00748434 0.94582 0.0154097 0.0129242 0.00535786 0.00637832 0.00350197 0.00312336
1 0.00635434 0.967546 0.00724386 0.00544649 0.00260368 0.00557602 0.00222324 0.00300677
1 0.00664225 0.926563 0.021876 0.0310252 0.0038447 0.00511216 0.00228648 0.00265054
-3 0.00774241 0.00875797 0.0497021 0.0496488 0.0135433 0.853065 0.00782952 0.00971135
-2 0.0165593 0.00906406 0.0194976 0.0360016 0.889774 0.0109357 0.0091997 0.00896758
-1 0.00211348 0.00135788 0.00984531 0.977718 0.00173407 0.00338108 0.0016715 0.00217893
10 0.949752 0.00201119 0.00297929 0.0367044 0.0024716 0.00270351 0.00111754 0.00226048
-1 0.00847277 0.00394555 0.0082498 0.969219 0.00334709 0.00257012 0.000925487 0.00327053
-1 0.00720303 0.00386323 0.00797728 0.97001 0.00328733 0.0033143 0.000919106 0.00342618
-1 0.00555594 0.00346885 0.00735886 0.974413 0.00292033 0.00231415 0.000855098 0.00311359
10 0.949752 0.00201119 0.00297929 0.0367044 0.0024716 0.00270351 0.00111754 0.00226048
10 0.952893 0.00211826 0.00375374 0.0367779 0.000808348 0.00141607 0.000871664 0.00136079
10 0.949745 0.00297913 0.00394012 0.0367815 0.00148765 0.00271656 0.00107266 0.00127756
1 0.00479177 0.893947 0.00723256 0.0781688 0.00438242 0.00643214 0.00266088 0.00238441
10 0.949752 0.00201119 0.00297929 0.0367044 0.0024716 0.00270351 0.00111754 0.00226048
-1 0.0147601 0.00600123 0.0111562 0.952078 0.00390494 0.00508455 0.00332204 0.00369264
-1 0.00572666 0.00523925 0.00970124 0.966037 0.00321606 0.00301034 0.00366832 0.00340144
-1 0.00892457 0.00761967 0.00941198 0.958432 0.00291266 0.00466127 0.00453063 0.00350709
-1 0.00725182 0.00492864 0.00570534 0.958252 0.00307723 0.0136873 0.00381361 0.00328446
-1 0.00885727 0.00466013 0.00819164 0.960803 0.00601713 0.00304919 0.00502773 0.003394
10 0.949752 0.00201119 0.00297929 0.0367044 0.0024716 0.00270351 0.00111754 0.00226048
-1 0.0283391 0.0238093 0.0419956 0.858217 0.00869301 0.0166307 0.013601 0.00871397
-1 0.0147508 0.0171715 0.0289218 0.888913 0.0060402 0.0239393 0.0143895 0.00587399
-1 0.0250238 0.00635756 0.00572297 0.927002 0.00760533 0.0063169 0.0186797 0.00329196
-1 0.00936017 0.0167145 0.0276337 0.879628 0.00312018 0.0078462 0.0518224 0.00387496
-1 0.00546114 0.00964721 0.0176254 0.89843 0.0044398 0.0105913 0.0500444 0.00376119
-1 0.0129974 0.00936648 0.0244316 0.889274 0.00382409 0.0059549 0.0503855 0.00376645
-1 0.00742227 0.00843989 0.015842 0.905889 0.00374255 0.00550304 0.0495742 0.00358668
-1 0.01261 0.00944573 0.0175542 0.896021 0.0045605 0.00581452 0.0499409 0.00405294
10 0.949752 0.00201119 0.00297929 0.0367044 0.0024716 0.00270351 0.00111754 0.00226048
-1 0.0111198 0.00641881 0.00859381 0.962938 0.00366846 0.00286876 0.000998453 0.00339423
-1 0.0061649 0.00392353 0.00724319 0.956872 0.00332754 0.0180637 0.00105952 0.00334554
-1 0.00548997 0.00383942 0.00759325 0.962904 0.0129544 0.00272569 0.00102408 0.00346905
10 0.949752 0.00201119 0.00297929 0.0367044 0.0024716 0.00270351 0.00111754 0.00226048
10 0.95064 0.00157866 0.00236025 0.0367786 0.00529558 0.00137028 0.00111893 0.00085734
-1 0.00471247 0.00650179 0.0544015 0.921015 0.00209038 0.00702989 0.00155799 0.00269088
-1 0.0136766 0.0038006 0.0129955 0.954815 0.00493 0.00521586 0.00142938 0.00313655
-1 0.0123071 0.00822274 0.0554984 0.905344 0.00599114 0.00462327 0.00454956 0.00346339
10 0.949752 0.00201119 0.00297929 0.0367044 0.0024716 0.00270351 0.00111754 0.00226048
10 0.943006 0.00218735 0.00470278 0.0301114 0.00670681 0.00641388 0.00131631 0.00555592
-1 0.267695 0.00220101 0.0127249 0.703911 0.00606136 0.00438575 0.00142626 0.00159513
-1 0.00598114 0.00476597 0.055336 0.919656 0.00226139 0.00783717 0.00177797 0.00238436
10 0.949752 0.00201119 0.00297929 0.0367044 0.0024716 0.00270351 0.00111754 0.00226048
10 0.949299 0.00171743 0.00253607 0.0366916 0.00483107 0.00243177 0.0015409 0.000952488
-1 0.00885578 0.00943735 0.0542293 0.904747 0.00269796 0.0119798 0.00490736 0.00314559
-1 0.0128163 0.00471283 0.0152704 0.949743 0.00465189 0.00461355 0.00497266 0.00321894
-1 0.0198928 0.0181568 0.0551151 0.863866 0.00703705 0.0098431 0.0213332 0.00475626
-1 0.0142928 0.0114827 0.0446604 0.868775 0.00825602 0.0276866 0.0199695 0.00487745
-1 0.0116387 0.0088714 0.0130813 0.911891 0.0205784 0.0051703 0.0241086 0.00466028
10 0.949752 0.00201119 0.00297929 0.0367044 0.0024716 0.00270351 0.00111754 0.00226048
10 0.950428 0.00163608 0.00241908 0.0367648 0.00531013 0.00143435 0.0011278 0.000879766
-1 0.00463555 0.00664145 0.0555985 0.919073 0.00216698 0.00731898 0.00159428 0.00297104
-1 0.0137835 0.00377493 0.0138583 0.9548 0.00497212 0.00405971 0.00145464 0.00329713
-1 0.0139598 0.00883671 0.0555754 0.901667 0.00648556 0.00500555 0.0046696 0.00380034
10 0.949752 0.00201119 0.00297929 0.0367044 0.0024716 0.00270351 0.00111754 0.00226048
10 0.949599 0.0017849 0.00268545 0.036712 0.00534215 0.00161337 0.00129669 0.000966096
-1 0.00533756 0.00750626 0.0555414 0.916724 0.00231732 0.00763473 0.00186021 0.00307873
-1 0.0141669 0.00411257 0.0161806 0.95182 0.00518298 0.00342514 0.00169988 0.00341201
-1 0.0143627 0.00965568 0.0554886 0.900999 0.00495635 0.00541843 0.00527506 0.00384413
10 0.949752 0.00201119 0.00297929 0.0367044 0.0024716 0.00270351 0.00111754 0.00226048
10 0.950962 0.0017602 0.00237434 0.036693 0.00318084 0.00233264 0.001764 0.000932744
-1 0.00923752 0.00930694 0.0521784 0.904413 0.00267109 0.00898268 0.00993939 0.00327123
-1 0.0171262 0.00686927 0.0141882 0.939383 0.00529002 0.00637809 0.00755403 0.00321076
-1 0.0149833 0.0110255 0.038478 0.879223 0.00578545 0.0267546 0.0194082 0.00434167
-1 0.0158991 0.0118106 0.0475157 0.860905 0.0223975 0.00716527 0.0291904 0.00511624
-1 0.00953642 0.0105854 0.0149284 0.909042 0.0124968 0.00584468 0.0326806 0.00488568
10 0.949752 0.00201119 0.00297929 0.0367044 0.0024716 0.00270351 0.00111754 0.00226048
10 0.949752 0.00201119 0.00297929 0.0367044 0.0024716 0.00270351 0.00111754 0.00226048
10 0.949752 0.00201119 0.00297929 0.0367044 0.0024716 0.00270351 0.00111754 0.00226048
10 0.949752 0.00201119 0.00297929 0.0367044 0.0024716 0.00270351 0.00111754 0.00226048
-4 0.0195096 0.0183402 0.0811185 0.0427113 0.0170831 0.0172275 0.0110278 0.792982
-4 0.0201279 0.0181002 0.0606626 0.0571425 0.0188833 0.0333267 0.00960467 0.782152
10 0.981757 0.00191706 0.00246842 0.00699053 0.00336941 0.00114789 0.00112144 0.00122871
10 0.946139 0.00252525 0.00553512 0.0368388 0.00190255 0.00366795 0.00148274 0.00190815
10 0.949752 0.00201119 0.00297929 0.0367044 0.0024716 0.00270351 0.00111754 0.00226048
10 0.949752 0.00201119 0.00297929 0.0367044 0.0024716 0.00270351 0.00111754 0.00226048
10 0.949752 0.00201119 0.00297929 0.0367044 0.0024716 0.00270351 0.00111754 0.00226048
10 0.949752 0.00201119 0.00297929 0.0367044 0.0024716 0.00270351 0.00111754 0.00226048
10 0.949752 0.00201119 0.00297929 0.0367044 0.0024716 0.00270351 0.00111754 0.00226048
10 0.949752 0.00201119 0.00297929 0.0367044 0.0024716 0.00270351 0.00111754 0.00226048
-4 0.0200816 0.018095 0.0604328 0.0582979 0.0190976 0.033519 0.00941251 0.781064
10 0.960678 0.00186768 0.00238338 0.0277736 0.00407205 0.0010819 0.000991484 0.00115156
10 0.947248 0.00238393 0.00518166 0.0367843 0.00177748 0.00348937 0.00128799 0.00184766
-4 0.0195096 0.0183402 0.0811185 0.0427113 0.0170831 0.0172275 0.0110278 0.792982
-4 0.0201279 0.0181002 0.0606626 0.0571425 0.0188833 0.0333267 0.00960467 0.782152
10 0.981757 0.00191706 0.00246842 0.00699053 0.00336941 0.00114789 0.00112144 0.00122871
10 0.946139 0.00252525 0.00553512 0.0368388 0.00190255 0.00366795 0.00148274 0.00190815
-4 0.0224178 0.0203309 0.046021 0.0561169 0.0185146 0.0171605 0.0119731 0.807465
-4 0.0200234 0.0186152 0.0810063 0.0421448 0.0171051 0.0176195 0.0114112 0.792075
-4 0.0253347 0.0186831 0.0619817 0.0575556 0.0191157 0.0339195 0.0100187 0.773391
10 0.980257 0.00207613 0.0026628 0.00751512 0.0035866 0.00127722 0.00130726 0.00131821
10 0.945053 0.00266963 0.00590797 0.0368174 0.00203308 0.00384862 0.00170117 0.00196868
-4 0.0200816 0.018095 0.0604328 0.0582979 0.0190976 0.033519 0.00941251 0.781064
10 0.960678 0.00186768 0.00238338 0.0277736 0.00407205 0.0010819 0.000991484 0.00115156
10 0.947248 0.00238393 0.00518166 0.0367843 0.00177748 0.00348937 0.00128799 0.00184766
-4 0.0224178 0.0203309 0.046021 0.0561169 0.0185146 0.0171605 0.0119731 0.807465
-4 0.0200234 0.0186152 0.0810063 0.0421448 0.0171051 0.0176195 0.0114112 0.792075
-4 0.0253347 0.0186831 0.0619817 0.0575556 0.0191157 0.0339195 0.0100187 0.773391
10 0.980257 0.00207613 0.0026628 0.00751512 0.0035866 0.00127722 0.00130726 0.00131821
10 0.945053 0.00266963 0.00590797 0.0368174 0.00203308 0.00384862 0.00170117 0.00196868
-4 0.0224178 0.0203309 0.046021 0.0561169 0.0185146 0.0171605 0.0119731 0.807465
-4 0.0200234 0.0186152 0.0810063 0.0421448 0.0171051 0.0176195 0.0114112 0.792075
-4 0.0253347 0.0186831 0.0619817 0.0575556 0.0191157 0.0339195 0.0100187 0.773391
10 0.980257 0.00207613 0.0026628 0.00751512 0.0035866 0.00127722 0.00130726 0.00131821
10 0.945053 0.00266963 0.00590797 0.0368174 0.00203308 0.00384862 0.00170117 0.00196868
