<<<<<<< HEAD
labels 10 -2 1 0 -1 -3 2 -4
10 0.987761 0.00247194 0.00242118 0.00158975 0.00202245 0.00118085 0.00136635 0.0011867
1 0.00911086 0.00390727 0.956054 0.00838934 0.0113727 0.00517046 0.0031769 0.00281859
-2 0.0306304 0.912252 0.0062764 0.0186036 0.0193143 0.00402389 0.00545563 0.00344384
10 0.868843 0.00286338 0.00647556 0.0446509 0.0695115 0.00214941 0.00374428 0.00176214
1 0.00778346 0.00341326 0.950322 0.0073197 0.0211867 0.00399723 0.00319674 0.00278097
-2 0.030519 0.909829 0.00697282 0.0182749 0.0185874 0.0043531 0.00551088 0.00595269
1 0.00497087 0.00441431 0.923637 0.0164804 0.0401787 0.00369091 0.00354108 0.00308625
10 0.965933 0.00252364 0.00532304 0.00478172 0.0152275 0.0024857 0.00191549 0.00181025
10 0.984453 0.00313137 0.00261347 0.00213019 0.00242621 0.00146418 0.00148036 0.00230152
10 0.974572 0.00299886 0.00363673 0.00575234 0.00484267 0.00386352 0.00178893 0.00254538
10 0.983063 0.0035642 0.00255952 0.00294433 0.00230216 0.00155341 0.00168652 0.00232662
10 0.954234 0.00348436 0.00537209 0.00841723 0.0202759 0.00358222 0.00286141 0.00177295
1 0.00747623 0.00533035 0.944715 0.00860082 0.0221426 0.00537016 0.00334332 0.00302166
-2 0.0221683 0.924867 0.00784142 0.0133743 0.016771 0.00484388 0.00478445 0.00534919
10 0.964973 0.00228041 0.00378746 0.0205858 0.00371157 0.00150555 0.00142498 0.00173094
10 0.96476 0.00344908 0.00653659 0.00784643 0.00988244 0.00377191 0.00203318 0.00172002
1 0.00747623 0.00533035 0.944715 0.00860082 0.0221426 0.00537016 0.00334332 0.00302166
-2 0.0221457 0.927305 0.0052903 0.00997404 0.0197465 0.00464676 0.00486624 0.00602552
0 0.0491532 0.0127006 0.0277928 0.809299 0.06355 0.012981 0.0105412 0.0139818
10 0.964964 0.00368372 0.0045986 0.00333297 0.0173414 0.00199403 0.00244303 0.00164205
1 0.00673481 0.00418546 0.942672 0.00787581 0.0277766 0.00404863 0.0038747 0.00283169
10 0.986768 0.00266128 0.00247886 0.00224302 0.00183963 0.00123607 0.00155661 0.00121641
1 0.0066448 0.00366429 0.958436 0.00768703 0.0137882 0.00387179 0.00336569 0.00254187
1 0.0073921 0.00472742 0.949893 0.00956524 0.0178055 0.00436049 0.00299615 0.00326039
-2 0.0219684 0.927446 0.00740893 0.0132434 0.0170057 0.00443396 0.00476442 0.00372938
1 0.00806406 0.00437058 0.950709 0.0159449 0.0110642 0.00283619 0.00267718 0.00433409
1 0.00748554 0.00286658 0.959838 0.00857464 0.011784 0.0039858 0.00264639 0.00281957
10 0.974491 0.00288745 0.00412292 0.00578749 0.00637665 0.00290915 0.00162387 0.00180175
-2 0.0221683 0.924867 0.00784142 0.0133743 0.016771 0.00484388 0.00478445 0.00534919
10 0.964973 0.00228041 0.00378746 0.0205858 0.00371157 0.00150555 0.00142498 0.00173094
10 0.954442 0.00366201 0.00668223 0.0115552 0.0157058 0.00381882 0.00232671 0.00180701
1 0.00589681 0.00491007 0.942979 0.00834223 0.0275122 0.00397418 0.00356423 0.0028211
1 0.00664196 0.00536484 0.939702 0.00880869 0.0277154 0.00444178 0.00368825 0.0036367
-2 0.0221457 0.927305 0.0052903 0.00997404 0.0197465 0.00464676 0.00486624 0.00602552
0 0.0491532 0.0127006 0.0277928 0.809299 0.06355 0.012981 0.0105412 0.0139818
10 0.952398 0.00394192 0.00457817 0.00671082 0.0258064 0.00208305 0.00273624 0.00174564
1 0.00547193 0.00412113 0.942494 0.00747724 0.0306176 0.00312763 0.00407198 0.00261882
1 0.00664196 0.00536484 0.939702 0.00880869 0.0277154 0.00444178 0.00368825 0.0036367
-2 0.0221457 0.927305 0.0052903 0.00997404 0.0197465 0.00464676 0.00486624 0.00602552
0 0.055254 0.016877 0.0435266 0.773487 0.0643666 0.0141898 0.0121202 0.0201788
10 0.98169 0.00358988 0.0036253 0.00316639 0.00246763 0.00175535 0.0014064 0.0022989
10 0.938167 0.00405837 0.005615 0.0155389 0.0278946 0.00368437 0.00315513 0.00188689
1 0.00666225 0.00573855 0.907851 0.0194406 0.0487143 0.00415408 0.00438207 0.0030576
1 0.00593648 0.00531496 0.928354 0.00865718 0.0407223 0.00367885 0.00395226 0.00338355
1 0.0125931 0.0055526 0.665443 0.0138233 0.289792 0.00444692 0.00500422 0.0033441
-2 0.0226172 0.930566 0.00482394 0.00983998 0.0195283 0.0042063 0.0047753 0.00364302
0 0.0553276 0.0156789 0.035399 0.795063 0.0608896 0.0133726 0.01161 0.0126589
1 0.0156528 0.00497573 0.948353 0.0120516 0.00986101 0.00291179 0.00308009 0.00311455
1 0.0070125 0.00398144 0.93665 0.0172121 0.0238269 0.00341815 0.00354996 0.00434912
1 0.00710601 0.00564229 0.920009 0.019814 0.035313 0.00375973 0.00400091 0.00435503
10 0.855474 0.0053489 0.00868113 0.0117122 0.109762 0.0033686 0.0033475 0.00230536
10 0.922081 0.0052182 0.00470887 0.00854125 0.0485781 0.00433977 0.00409573 0.00243743
10 0.975285 0.00326807 0.00289011 0.00659334 0.00461623 0.00214086 0.00213629 0.00307051
0 0.035686 0.0136932 0.0261759 0.805829 0.0417277 0.0481904 0.0117032 0.0169947
-2 0.00758079 0.925462 0.00656837 0.0117162 0.0326158 0.00732666 0.00422173 0.00450861
-1 0.0173979 0.00428307 0.0131171 0.0370875 0.906005 0.00624081 0.0114463 0.00442229
-2 0.0221523 0.927624 0.00724966 0.0135064 0.0168991 0.00445295 0.0047344 0.00338088
10 0.97401 0.00153132 0.00420605 0.0128605 0.0040371 0.00113172 0.0012041 0.0010188
1 0.0104133 0.00299673 0.952283 0.0145229 0.00892466 0.00455582 0.00275416 0.00354911
-3 0.0242663 0.0153132 0.016778 0.057528 0.0182563 0.848786 0.00897324 0.010099
-2 0.00827316 0.952447 0.00482357 0.00873057 0.0162588 0.00297399 0.00388147 0.00261094
-1 0.000885617 0.000793158 0.00185205 0.0147677 0.975821 0.0012132 0.00316226 0.0015052
-1 0.00157693 0.00521412 0.00302273 0.004573 0.978027 0.00100755 0.00460955 0.0019691
-1 0.00805057 0.00523489 0.00233405 0.0178584 0.958564 0.00271081 0.00237157 0.00287542
-2 0.0221558 0.924101 0.00787386 0.0134644 0.0167668 0.00485979 0.00483 0.0059483
1 0.00932292 0.0045123 0.94623 0.0167176 0.0131758 0.0037744 0.00282317 0.00344333
10 0.954045 0.00280614 0.00579107 0.017431 0.0110604 0.00369723 0.00210979 0.00305987
-3 0.0167946 0.0135988 0.0155361 0.0572471 0.0400274 0.83505 0.0104098 0.0113364
-2 0.0088292 0.924125 0.0048821 0.0122818 0.0382359 0.00409242 0.00440657 0.00314732
-1 0.000619504 0.000667544 0.00189914 0.00417029 0.987536 0.00125113 0.00254115 0.00131499
-1 0.00753686 0.00432441 0.00202886 0.00912133 0.971265 0.00138445 0.00176954 0.00256994
10 0.98558 0.00257322 0.00272005 0.0017665 0.00218835 0.00135856 0.00142192 0.00239163
10 0.958767 0.00339893 0.00575184 0.0174475 0.00619315 0.00334779 0.00207702 0.00301691
-3 0.0157972 0.0129757 0.0147061 0.0458796 0.0119705 0.880664 0.00824113 0.00976612
-2 0.00875362 0.937048 0.00556001 0.0143575 0.0210309 0.0042674 0.00400336 0.00497891
-1 0.00363213 0.00205732 0.00610983 0.0531523 0.926359 0.00188706 0.00454867 0.00225417
-1 0.095204 0.00520263 0.0028669 0.00310112 0.885412 0.00118973 0.0049178 0.0021063
-1 0.0130966 0.00586195 0.00530398 0.0267438 0.933498 0.00894471 0.00320013 0.00335049
10 0.984784 0.0038489 0.00268227 0.00256469 0.00152545 0.00131357 0.00128297 0.00199786
10 0.984434 0.00204067 0.00396513 0.00281572 0.00202632 0.00223714 0.00116532 0.00131581
1 0.00938978 0.004468 0.949537 0.0163697 0.0079093 0.00577407 0.00280878 0.00374324
-3 0.0242663 0.0153132 0.016778 0.057528 0.0182563 0.848786 0.00897324 0.010099
-2 0.00827316 0.952447 0.00482357 0.00873057 0.0162588 0.00297399 0.00388147 0.00261094
-1 0.000883624 0.000789066 0.00184934 0.0147617 0.975881 0.00120549 0.00315035 0.00147937
-1 0.00156323 0.00514029 0.0030065 0.00454059 0.978316 0.000967401 0.00459858 0.00186732
-1 0.00792899 0.00520164 0.00230203 0.0178013 0.959195 0.00251122 0.0023401 0.00271941
10 0.961607 0.0101411 0.00248289 0.00956042 0.00976818 0.00239316 0.00215737 0.00188994
10 0.843739 0.00327324 0.00923086 0.047378 0.0863417 0.0024047 0.00560804 0.00202428
1 0.00817274 0.00358181 0.947411 0.00761396 0.0222567 0.00439372 0.00364577 0.00292386
10 0.954844 0.0109647 0.00292644 0.00781019 0.0145213 0.00303865 0.00266016 0.00323435
0 0.0489354 0.0129634 0.0313489 0.800014 0.0670524 0.0130283 0.012764 0.0138938
10 0.932896 0.00440279 0.00561307 0.00857381 0.0411399 0.00218311 0.00328866 0.00190253
1 0.00547193 0.00412113 0.942494 0.00747724 0.0306176 0.00312763 0.00407198 0.00261882
1 0.00664196 0.00536484 0.939702 0.00880869 0.0277154 0.00444178 0.00368825 0.0036367
10 0.970528 0.0101167 0.00244139 0.00724532 0.0044712 0.00199139 0.00164402 0.00156185
10 0.963801 0.00205259 0.00456765 0.0202512 0.00432029 0.0014788 0.00233172 0.00119698
1 0.00944683 0.00339745 0.948211 0.01138 0.0169063 0.00434344 0.00355492 0.00275978
1 0.00600443 0.00450323 0.944384 0.00932828 0.0259915 0.00352634 0.00323626 0.00302621
1 0.00755497 0.00531749 0.939333 0.00883499 0.0278667 0.00409413 0.00369537 0.0033031
10 0.975535 0.00993752 0.00220719 0.00498716 0.00336691 0.00161619 0.00149524 0.00085519
1 0.00819696 0.00399356 0.957731 0.0155899 0.00508822 0.00322887 0.00307066 0.00310041
1 0.0148718 0.00282514 0.954562 0.0123785 0.00547652 0.00341939 0.00238103 0.00408571
1 0.00940498 0.00521286 0.934261 0.0180822 0.0207037 0.0046623 0.00331813 0.00435507
10 0.942694 0.00402631 0.00609466 0.0115533 0.0276179 0.00336036 0.0024587 0.0021945
10 0.946468 0.00467931 0.00518111 0.00784569 0.0272706 0.00386465 0.00250185 0.00218916
10 0.954844 0.0109647 0.00292644 0.00781019 0.0145213 0.00303865 0.00266016 0.00323435
0 0.0566014 0.0169947 0.0487745 0.764471 0.0650959 0.0140693 0.0141569 0.019836
10 0.97957 0.00364867 0.00379809 0.00357744 0.00362475 0.00179768 0.0016332 0.00235047
10 0.938167 0.00405837 0.005615 0.0155389 0.0278946 0.00368437 0.00315513 0.00188689
1 0.00666225 0.00573855 0.907851 0.0194406 0.0487143 0.00415408 0.00438207 0.0030576
1 0.00593648 0.00531496 0.928354 0.00865718 0.0407223 0.00367885 0.00395226 0.00338355
1 0.0125931 0.0055526 0.665443 0.0138233 0.289792 0.00444692 0.00500422 0.0033441
10 0.956065 0.0108959 0.00247297 0.00901228 0.0145739 0.00264982 0.00249189 0.00183773
0 0.0560435 0.0158636 0.0395991 0.786534 0.0622945 0.0133382 0.013653 0.0126738
1 0.0181934 0.00512679 0.942787 0.0123607 0.011619 0.00323082 0.00345592 0.00322649
1 0.0070125 0.00398144 0.93665 0.0172121 0.0238269 0.00341815 0.00354996 0.00434912
1 0.00710601 0.00564229 0.920009 0.019814 0.035313 0.00375973 0.00400091 0.00435503
10 0.855474 0.0053489 0.00868113 0.0117122 0.109762 0.0033686 0.0033475 0.00230536
10 0.922081 0.0052182 0.00470887 0.00854125 0.0485781 0.00433977 0.00409573 0.00243743
10 0.970528 0.0101167 0.00244139 0.00724532 0.0044712 0.00199139 0.00164402 0.00156185
10 0.969721 0.00175635 0.00534901 0.0136345 0.00501574 0.00132018 0.0020275 0.00117563
1 0.0118495 0.00320532 0.947353 0.0151236 0.0105227 0.005039 0.00316887 0.0037384
-3 0.0242663 0.0153132 0.016778 0.057528 0.0182563 0.848786 0.00897324 0.010099
-2 0.00827316 0.952447 0.00482357 0.00873057 0.0162588 0.00297399 0.00388147 0.00261094
-1 0.000885617 0.000793158 0.00185205 0.0147677 0.975821 0.0012132 0.00316226 0.0015052
-1 0.00157693 0.00521412 0.00302273 0.004573 0.978027 0.00100755 0.00460955 0.0019691
-1 0.00805057 0.00523489 0.00233405 0.0178584 0.958564 0.00271081 0.00237157 0.00287542
10 0.969227 0.0101641 0.00300233 0.00620219 0.00447843 0.00231385 0.00179879 0.00281316
10 0.964443 0.00263776 0.00499572 0.0201144 0.00278749 0.00148617 0.00185673 0.00167867
10 0.981453 0.00222212 0.00592431 0.00314059 0.00211597 0.00259106 0.00112782 0.00142464
1 0.00837897 0.00514289 0.941014 0.017059 0.015688 0.00560485 0.00337416 0.00373781
-3 0.0220659 0.0161023 0.0174725 0.0622255 0.043182 0.817754 0.0107923 0.0104057
-2 0.0106059 0.925077 0.00650614 0.0161833 0.032148 0.00270269 0.00420186 0.00257564
-1 0.00351453 0.00562198 0.426521 0.00625107 0.545867 0.00275051 0.00677396 0.00270022
-1 0.0100499 0.0026227 0.00409206 0.0115807 0.966782 0.00147781 0.00144214 0.00195305
10 0.956065 0.0108959 0.00247297 0.00901228 0.0145739 0.00264982 0.00249189 0.00183773
0 0.0544878 0.0161182 0.0414064 0.785664 0.0585458 0.013387 0.0137015 0.0166895
1 0.0178212 0.00571156 0.94607 0.00852177 0.0105535 0.00405567 0.00355787 0.00370877
10 0.951821 0.00277977 0.00467329 0.0164481 0.0151331 0.00342694 0.00256462 0.00315277
-3 0.0165504 0.013398 0.0154073 0.0566774 0.0369483 0.839568 0.0102734 0.0111774
-2 0.00867023 0.928706 0.00417982 0.0108011 0.0380976 0.0029971 0.00380133 0.0027472
-1 0.000414145 0.00041858 0.00103087 0.00487817 0.990517 0.000650159 0.0012145 0.000876594
-1 0.00192281 0.00403813 0.00152548 0.00298749 0.978862 0.00767641 0.00131567 0.00167214
-1 0.0095648 0.00626928 0.00178141 0.0141665 0.960804 0.00265266 0.0020607 0.00270098
10 0.952483 0.00383864 0.00328911 0.00300505 0.0294121 0.00209989 0.00314807 0.00272392
-3 0.0601342 0.0159651 0.0221843 0.0404098 0.0957872 0.734469 0.0188856 0.0121643
10 0.961044 0.00209643 0.00396563 0.00916616 0.0131642 0.00370471 0.00430077 0.00255797
2 0.086319 0.0170713 0.0205219 0.0407644 0.200983 0.0145325 0.60645 0.0133579
2 0.0472377 0.0226448 0.0223293 0.0411724 0.0894951 0.0248514 0.73539 0.0168793
2 0.0421476 0.0203843 0.0195172 0.0371572 0.102531 0.0192951 0.744211 0.0147574
2 0.0458775 0.0312837 0.0242475 0.0366289 0.0324975 0.0140744 0.800331 0.0150599
2 0.0253209 0.0168813 0.0151688 0.0260702 0.252859 0.0106017 0.642377 0.010721
-2 0.0398407 0.869743 0.00676097 0.00838397 0.0576251 0.00575678 0.00701851 0.00487052
-3 0.0810671 0.0221546 0.0258119 0.0926082 0.340201 0.397894 0.025687 0.0145762
10 0.948534 0.002564 0.00620871 0.0102283 0.0197009 0.00341679 0.00611006 0.00323757
2 0.137483 0.0243157 0.0297303 0.0415082 0.114596 0.0194301 0.615768 0.0171698
2 0.120515 0.0243929 0.0278564 0.0486204 0.0941819 0.0280486 0.636674 0.0197115
2 0.0708709 0.0264241 0.025942 0.0484692 0.0545685 0.0305469 0.722262 0.0209159
2 0.0574481 0.028901 0.0282387 0.0638085 0.0470298 0.0165335 0.736151 0.0218897
2 0.0379158 0.0318821 0.0310184 0.0703557 0.15308 0.0145984 0.643532 0.0176178
-1 0.186253 0.0125686 0.00806162 0.0171013 0.710267 0.00436121 0.0566281 0.00475883
10 0.700601 0.00665717 0.00589531 0.0108439 0.252107 0.00593408 0.0143833 0.00357802
-4 0.0522264 0.0247933 0.0244882 0.137332 0.0395936 0.0305038 0.0129916 0.678071
-2 0.0186976 0.932554 0.00620604 0.00729199 0.0210839 0.00429168 0.00371099 0.00616346
10 0.970284 0.00157289 0.00368339 0.011644 0.00766504 0.0010119 0.00164142 0.00249694
10 0.9786 0.00312097 0.00236453 0.00232115 0.00710768 0.00187127 0.00211694 0.00249785
-1 0.00604463 0.0100714 0.00250282 0.00353816 0.952797 0.0124597 0.0036915 0.00889442
10 0.9786 0.00312097 0.00236453 0.00232115 0.00710768 0.00187127 0.00211694 0.00249785
-1 0.00599471 0.00960777 0.00330192 0.00517428 0.953827 0.0100447 0.00385324 0.00819597
-1 0.0074788 0.0103369 0.0130028 0.0036519 0.93866 0.0131827 0.00396382 0.00972314
10 0.9786 0.00312097 0.00236453 0.00232115 0.00710768 0.00187127 0.00211694 0.00249785
-1 0.00599471 0.00960777 0.00330192 0.00517428 0.953827 0.0100447 0.00385324 0.00819597
-1 0.0057222 0.00888569 0.0101905 0.00368981 0.950174 0.00941482 0.00320823 0.00871495
-1 0.00347531 0.00858151 0.00216942 0.00304063 0.967038 0.00636142 0.00297943 0.00635458
-1 0.00941165 0.00720039 0.00193075 0.00367791 0.961233 0.00803818 0.00247597 0.00603245
10 0.9786 0.00312097 0.00236453 0.00232115 0.00710768 0.00187127 0.00211694 0.00249785
-2 0.00970017 0.918847 0.0047185 0.00569368 0.0428462 0.00699042 0.00383637 0.00736811
-1 0.00307593 0.0040054 0.00257225 0.00604393 0.973619 0.00333041 0.00302571 0.004327
-1 0.00814409 0.00543154 0.00753993 0.00276532 0.963499 0.00446933 0.00266082 0.00549015
10 0.9786 0.00312097 0.00236453 0.00232115 0.00710768 0.00187127 0.00211694 0.00249785
-2 0.00945007 0.925344 0.00465384 0.00510224 0.0379727 0.00737201 0.00355947 0.00654546
-1 0.00755151 0.00460436 0.0031125 0.00897154 0.962003 0.00532933 0.00302463 0.00540305
-1 0.00330956 0.00741338 0.00739902 0.00262123 0.966976 0.00353033 0.00273221 0.00601842
-1 0.00314711 0.00525647 0.00147947 0.00258708 0.977527 0.00376835 0.00198944 0.00424503
-1 0.00899579 0.00708752 0.00166229 0.0030037 0.965308 0.00683689 0.00186538 0.00524049
10 0.9786 0.00312097 0.00236453 0.00232115 0.00710768 0.00187127 0.00211694 0.00249785
-3 0.0239047 0.0283436 0.0121222 0.0142934 0.100369 0.770313 0.0104066 0.0402471
-2 0.0103092 0.901283 0.00537182 0.00529525 0.0464931 0.0136685 0.00389424 0.0136854
-1 0.0143191 0.00282852 0.00151866 0.00283462 0.966039 0.00583065 0.0021286 0.00450054
10 0.9786 0.00312097 0.00236453 0.00232115 0.00710768 0.00187127 0.00211694 0.00249785
-3 0.0223285 0.0239076 0.0115792 0.0133235 0.0705268 0.82272 0.00959443 0.0260194
-2 0.0125617 0.897175 0.00584638 0.0055095 0.0459383 0.0128008 0.00409881 0.0160694
-1 0.00210014 0.00252075 0.00116558 0.00223504 0.982699 0.00295319 0.00214695 0.00417903
-1 0.00261835 0.00521683 0.00108098 0.00174549 0.98117 0.00216723 0.00197449 0.00402636
-1 0.00699069 0.00586903 0.00139043 0.00237214 0.970426 0.00614058 0.00182568 0.00498527
10 0.9786 0.00312097 0.00236453 0.00232115 0.00710768 0.00187127 0.00211694 0.00249785
1 0.0153817 0.00467505 0.952516 0.00723644 0.00927415 0.00304935 0.00295976 0.00490753
1 0.0108659 0.00318108 0.953835 0.00904758 0.0104662 0.00471574 0.00269308 0.00519559
10 0.9786 0.00312097 0.00236453 0.00232115 0.00710768 0.00187127 0.00211694 0.00249785
10 0.985838 0.00216857 0.00305663 0.00146181 0.00215776 0.0012727 0.00110455 0.0029396
1 0.0103207 0.00350086 0.954114 0.00818204 0.0105991 0.00566854 0.00290369 0.00471096
10 0.9786 0.00312097 0.00236453 0.00232115 0.00710768 0.00187127 0.00211694 0.00249785
10 0.984706 0.00230909 0.00313034 0.00218498 0.00213848 0.00130497 0.00127072 0.00295506
1 0.00712786 0.00333461 0.958127 0.0075002 0.0124911 0.00432649 0.00308762 0.00400518
1 0.00889794 0.00428567 0.948488 0.00917367 0.0162816 0.00483777 0.00286416 0.00517122
10 0.9786 0.00312097 0.00236453 0.00232115 0.00710768 0.00187127 0.00211694 0.00249785
10 0.986395 0.00255114 0.00320398 0.00176614 0.001543 0.00111603 0.000963151 0.00246114
1 0.0128942 0.0032239 0.955934 0.0116948 0.00567781 0.00374414 0.00265213 0.0041789
1 0.00799141 0.00394016 0.950612 0.00983374 0.0151457 0.00517837 0.00263862 0.00466022
1 0.0113665 0.00422846 0.948629 0.00920706 0.0146145 0.00436438 0.00284691 0.00474311
10 0.9786 0.00312097 0.00236453 0.00232115 0.00710768 0.00187127 0.00211694 0.00249785
10 0.954548 0.0067972 0.00589123 0.0132372 0.011278 0.00281984 0.00207071 0.00335809
1 0.0121243 0.00469197 0.947113 0.0153949 0.00927843 0.00318239 0.003085 0.00513027
1 0.00828583 0.00289429 0.95836 0.00841982 0.0102366 0.00481726 0.00264823 0.00433794
1 0.0113665 0.00422846 0.948629 0.00920706 0.0146145 0.00436438 0.00284691 0.00474311
10 0.9786 0.00312097 0.00236453 0.00232115 0.00710768 0.00187127 0.00211694 0.00249785
10 0.907758 0.00995351 0.00704083 0.0277818 0.0318891 0.0043573 0.0032358 0.00798361
10 0.937975 0.00292659 0.00556399 0.0109742 0.034791 0.00178358 0.00270938 0.00327664
1 0.00944894 0.00359927 0.946028 0.00791586 0.0195955 0.00562093 0.00329472 0.00449688
10 0.9786 0.00312097 0.00236453 0.00232115 0.00710768 0.00187127 0.00211694 0.00249785
10 0.934536 0.0104901 0.00709396 0.0196571 0.0153313 0.00376909 0.00251585 0.00660655
10 0.984487 0.00171781 0.0037385 0.00404519 0.00155209 0.00113007 0.00111726 0.00221223
1 0.00814196 0.00311292 0.958962 0.00768249 0.00976048 0.00555642 0.00282406 0.00395936
1 0.00889794 0.00428567 0.948488 0.00917367 0.0162816 0.00483777 0.00286416 0.00517122
10 0.9786 0.00312097 0.00236453 0.00232115 0.00710768 0.00187127 0.00211694 0.00249785
10 0.934536 0.0104901 0.00709396 0.0196571 0.0153313 0.00376909 0.00251585 0.00660655
10 0.984487 0.00171781 0.0037385 0.00404519 0.00155209 0.00113007 0.00111726 0.00221223
1 0.00907238 0.00353419 0.945617 0.0124369 0.0162961 0.00538921 0.00337046 0.0042835
1 0.00682475 0.00416019 0.945182 0.00892028 0.023213 0.00396944 0.00311275 0.00461743
1 0.00926238 0.0048466 0.938901 0.00858283 0.0251255 0.00451778 0.00355779 0.00520638
10 0.9786 0.00312097 0.00236453 0.00232115 0.00710768 0.00187127 0.00211694 0.00249785
10 0.986395 0.00255114 0.00320398 0.00176614 0.001543 0.00111603 0.000963151 0.00246114
1 0.015592 0.00334361 0.956817 0.00799144 0.0048483 0.00442203 0.00252732 0.00445792
1 0.0106273 0.00465455 0.926357 0.0230749 0.0184891 0.00629469 0.00317455 0.00732822
-3 0.0211284 0.0144329 0.0186234 0.0604185 0.0625139 0.793433 0.0103451 0.0191049
-2 0.00819016 0.952993 0.0058062 0.00532828 0.0183297 0.00254561 0.00266165 0.00414516
-1 0.00423768 0.00154943 0.00635537 0.00753709 0.971239 0.0028152 0.00288015 0.00338597
10 0.9786 0.00312097 0.00236453 0.00232115 0.00710768 0.00187127 0.00211694 0.00249785
10 0.986395 0.00255114 0.00320398 0.00176614 0.001543 0.00111603 0.000963151 0.00246114
1 0.0136025 0.00299745 0.958988 0.0107048 0.00350779 0.00389314 0.0022366 0.00406986
1 0.0177881 0.00481091 0.938025 0.0124502 0.0132257 0.00553863 0.00270597 0.00545507
1 0.00792969 0.00555974 0.881482 0.0323099 0.0530418 0.00724293 0.00468699 0.00774711
-3 0.031976 0.0203248 0.0274132 0.0906534 0.112428 0.679758 0.0157905 0.0216556
-2 0.00895303 0.959304 0.00576814 0.00454397 0.0121395 0.00248198 0.00283515 0.00397402
-1 0.00291013 0.000881408 0.00129275 0.00637812 0.982741 0.00195908 0.00103737 0.00280016
10 0.9786 0.00312097 0.00236453 0.00232115 0.00710768 0.00187127 0.00211694 0.00249785
-1 0.00510563 0.00940501 0.00217588 0.00404419 0.95851 0.0091129 0.003135 0.00851187
-1 0.00366247 0.00991683 0.00181938 0.00277417 0.96564 0.00597461 0.00327049 0.0069418
-1 0.00824672 0.0064436 0.00178046 0.00330125 0.963882 0.00760168 0.00263135 0.00611266
10 0.9786 0.00312097 0.00236453 0.00232115 0.00710768 0.00187127 0.00211694 0.00249785
-1 0.00547598 0.00992093 0.00251315 0.00407953 0.955895 0.00974462 0.0041115 0.00825949
-1 0.00620526 0.0104861 0.00236793 0.00480752 0.956589 0.00761725 0.00373846 0.00818809
-1 0.00315651 0.00800994 0.00189272 0.00362512 0.968678 0.00392342 0.00475405 0.00595987
-1 0.00504666 0.00549091 0.00163955 0.00297155 0.962967 0.0132365 0.00430137 0.00434686
-1 0.00958385 0.00952226 0.00163053 0.00353267 0.958862 0.00673912 0.00458048 0.00554951
10 0.9786 0.00312097 0.00236453 0.00232115 0.00710768 0.00187127 0.00211694 0.00249785
-1 0.00531309 0.010917 0.00246349 0.00448057 0.958923 0.0076724 0.00322785 0.00700259
-1 0.00643879 0.0112918 0.00317658 0.00404915 0.918678 0.0458411 0.00367872 0.00684587
-1 0.0085735 0.00976675 0.00473541 0.00313837 0.958791 0.00687555 0.00259172 0.00552814
10 0.9786 0.00312097 0.00236453 0.00232115 0.00710768 0.00187127 0.00211694 0.00249785
-1 0.00558752 0.0099514 0.00235141 0.00452692 0.955792 0.00946647 0.00331627 0.00900774
-1 0.0038014 0.010218 0.00192661 0.00308575 0.964797 0.00543911 0.00342418 0.00730747
-1 0.00857684 0.00581493 0.00189101 0.00365044 0.963131 0.00778953 0.00278647 0.00635966
10 0.9786 0.00312097 0.00236453 0.00232115 0.00710768 0.00187127 0.00211694 0.00249785
-1 0.00507235 0.00945468 0.0023263 0.00381857 0.959672 0.00837633 0.00323898 0.0080411
-1 0.00556213 0.0114517 0.00251984 0.00313832 0.920216 0.0462209 0.00366531 0.00722567
-1 0.00917329 0.00975317 0.00146339 0.00347988 0.960739 0.00709121 0.00260999 0.00569049
10 0.9786 0.00312097 0.00236453 0.00232115 0.00710768 0.00187127 0.00211694 0.00249785
-1 0.00738516 0.0126194 0.00299438 0.00440164 0.944504 0.0128839 0.00564157 0.00957038
-1 0.0044692 0.0080137 0.00223107 0.00412555 0.964817 0.00502721 0.00462521 0.00669082
-1 0.00345643 0.00683857 0.00190953 0.00389386 0.957742 0.0159384 0.00452931 0.00569201
-1 0.00466133 0.00943716 0.00145825 0.00321722 0.966746 0.00360365 0.00606644 0.00481033
-1 0.00743089 0.00454686 0.00182373 0.00326422 0.966688 0.00574652 0.00502917 0.00547055
10 0.9786 0.00312097 0.00236453 0.00232115 0.00710768 0.00187127 0.00211694 0.00249785
-2 0.0173891 0.796304 0.00719865 0.0102613 0.064561 0.0537553 0.00568292 0.0448474
-2 0.0448979 0.780808 0.00692513 0.0106844 0.129112 0.0120584 0.00508626 0.0104277
-1 0.0367494 0.00335125 0.00195975 0.00480389 0.943025 0.00354508 0.00238268 0.00418288
10 0.9786 0.00312097 0.00236453 0.00232115 0.00710768 0.00187127 0.00211694 0.00249785
-2 0.0126931 0.90012 0.00547151 0.00586503 0.0499188 0.0102588 0.00425506 0.0114177
-1 0.00304129 0.00378009 0.00177792 0.0041569 0.977587 0.00303788 0.00292449 0.00369403
-1 0.00810969 0.00550816 0.00159099 0.00294609 0.971192 0.00353543 0.00258113 0.00453631
10 0.9786 0.00312097 0.00236453 0.00232115 0.00710768 0.00187127 0.00211694 0.00249785
-2 0.0106224 0.91904 0.00488233 0.00472497 0.0379845 0.00985602 0.0035476 0.00934194
-1 0.00828972 0.00466825 0.00224519 0.00622384 0.964506 0.00591036 0.00287919 0.00527742
-1 0.00291341 0.00817987 0.00176345 0.00254558 0.973101 0.00317339 0.00322751 0.00509609
-1 0.00737877 0.00597494 0.00162411 0.00318449 0.96831 0.00595054 0.00256996 0.00500741
10 0.9786 0.00312097 0.00236453 0.00232115 0.00710768 0.00187127 0.00211694 0.00249785
-2 0.0123063 0.907407 0.0053345 0.00520065 0.0448964 0.0108605 0.00389224 0.0101027
-1 0.00935864 0.00487644 0.00246977 0.0069492 0.960767 0.00641965 0.00308095 0.00607813
-1 0.00349135 0.00914395 0.00199738 0.00294702 0.968839 0.00364483 0.00342353 0.00651285
-1 0.00857684 0.00581493 0.00189101 0.00365044 0.963131 0.00778953 0.00278647 0.00635966
10 0.9786 0.00312097 0.00236453 0.00232115 0.00710768 0.00187127 0.00211694 0.00249785
-2 0.0125785 0.89652 0.00538044 0.00523345 0.0556894 0.0105536 0.00409447 0.00994975
-1 0.0120493 0.00580226 0.00301723 0.00673857 0.952732 0.00828728 0.00503061 0.00634228
-1 0.00471266 0.00747582 0.00234963 0.00398462 0.966828 0.0039003 0.00457268 0.0061763
-1 0.00345643 0.00683857 0.00190953 0.00389386 0.957742 0.0159384 0.00452931 0.00569201
-1 0.00466133 0.00943716 0.00145825 0.00321722 0.966746 0.00360365 0.00606644 0.00481033
-1 0.00743089 0.00454686 0.00182373 0.00326422 0.966688 0.00574652 0.00502917 0.00547055
10 0.9786 0.00312097 0.00236453 0.00232115 0.00710768 0.00187127 0.00211694 0.00249785
10 0.9786 0.00312097 0.00236453 0.00232115 0.00710768 0.00187127 0.00211694 0.00249785
10 0.9786 0.00312097 0.00236453 0.00232115 0.00710768 0.00187127 0.00211694 0.00249785
10 0.9786 0.00312097 0.00236453 0.00232115 0.00710768 0.00187127 0.00211694 0.00249785
10 0.9786 0.00312097 0.00236453 0.00232115 0.00710768 0.00187127 0.00211694 0.00249785
10 0.9786 0.00312097 0.00236453 0.00232115 0.00710768 0.00187127 0.00211694 0.00249785
10 0.9786 0.00312097 0.00236453 0.00232115 0.00710768 0.00187127 0.00211694 0.00249785
10 0.9786 0.00312097 0.00236453 0.00232115 0.00710768 0.00187127 0.00211694 0.00249785
10 0.9786 0.00312097 0.00236453 0.00232115 0.00710768 0.00187127 0.00211694 0.00249785
-4 0.020397 0.0243677 0.0111376 0.0137502 0.0523286 0.0460871 0.0108483 0.821083
-2 0.0054962 0.925672 0.00437564 0.00526685 0.0380054 0.00890864 0.00377964 0.00849534
10 0.948062 0.00568583 0.00312269 0.00389991 0.0268166 0.00543173 0.00208442 0.00489701
-4 0.0233074 0.0254037 0.0112571 0.0108715 0.049698 0.0253732 0.0109091 0.84318
-4 0.01581 0.0231754 0.00913807 0.0117236 0.0423689 0.0396962 0.0103114 0.847776
-2 0.00852136 0.935036 0.00447468 0.0053481 0.0255057 0.00848545 0.00392852 0.00869996
10 0.948062 0.00568583 0.00312269 0.00389991 0.0268166 0.00543173 0.00208442 0.00489701
-4 0.0232785 0.0254431 0.0108004 0.00952729 0.0492277 0.0246325 0.0104879 0.846603
-4 0.0163791 0.0256992 0.00939 0.0100551 0.0491929 0.0172475 0.0109516 0.861084
-4 0.0221224 0.026837 0.00967519 0.0127522 0.0510137 0.0344477 0.0110396 0.832112
-2 0.0134385 0.91759 0.00453031 0.00549588 0.0386455 0.00790891 0.00407861 0.00831225
10 0.947906 0.00570628 0.00315537 0.00390934 0.0267829 0.00540382 0.00227034 0.0048661
-4 0.0233074 0.0254037 0.0112571 0.0108715 0.049698 0.0253732 0.0109091 0.84318
-4 0.01581 0.0231754 0.00913807 0.0117236 0.0423689 0.0396962 0.0103114 0.847776
-2 0.00852136 0.935036 0.00447468 0.0053481 0.0255057 0.00848545 0.00392852 0.00869996
10 0.948062 0.00568583 0.00312269 0.00389991 0.0268166 0.00543173 0.00208442 0.00489701
-4 0.0232785 0.0254431 0.0108004 0.00952729 0.0492277 0.0246325 0.0104879 0.846603
-4 0.0163791 0.0256992 0.00939 0.0100551 0.0491929 0.0172475 0.0109516 0.861084
-4 0.0221224 0.026837 0.00967519 0.0127522 0.0510137 0.0344477 0.0110396 0.832112
-2 0.0134385 0.91759 0.00453031 0.00549588 0.0386455 0.00790891 0.00407861 0.00831225
10 0.947906 0.00570628 0.00315537 0.00390934 0.0267829 0.00540382 0.00227034 0.0048661
-4 0.00818121 0.00818483 0.0076093 0.00524143 0.0131484 0.00830116 0.00501158 0.944322
-4 0.00550615 0.00787752 0.00577704 0.00633956 0.0133517 0.00613386 0.00525117 0.949763
-4 0.00930278 0.00953149 0.00650395 0.00998725 0.0154622 0.0134536 0.00543218 0.930327
-2 0.0180829 0.934053 0.00577822 0.00491699 0.0202744 0.00467552 0.00295949 0.00925928
10 0.975475 0.0024437 0.00377845 0.00377967 0.00624151 0.0019586 0.00158626 0.00473632
-4 0.0133717 0.0141688 0.00955055 0.0113363 0.0266547 0.0288344 0.00733056 0.888753
-2 0.00550565 0.944245 0.00494532 0.00464777 0.0223746 0.00656136 0.00301004 0.00871051
10 0.97194 0.00333687 0.00330309 0.00355675 0.00848818 0.00306843 0.00155503 0.00475207
-4 0.012589 0.0132103 0.00877193 0.0074652 0.0223807 0.014061 0.00697027 0.914552
-4 0.00966361 0.0126178 0.00704009 0.00882436 0.020441 0.0233952 0.00667227 0.911346
-2 0.00915928 0.946985 0.0049791 0.0047218 0.0155304 0.00637728 0.00313629 0.00911083
10 0.97194 0.00333687 0.00330309 0.00355675 0.00848818 0.00306843 0.00155503 0.00475207
-4 0.0125258 0.013076 0.00840285 0.00618676 0.0216293 0.013412 0.00667488 0.918092
-4 0.00862396 0.0131154 0.00683031 0.00675311 0.0220249 0.00946368 0.00701689 0.926172
-4 0.0130523 0.014728 0.00731812 0.00953859 0.0243911 0.0202507 0.00717152 0.90355
-2 0.0143166 0.93278 0.00501145 0.0049668 0.025149 0.00593063 0.00330177 0.0085439
10 0.969113 0.0034288 0.00335874 0.00356097 0.0109243 0.00309401 0.00179183 0.00472873
-2 0.0255624 0.912084 0.0072833 0.0110493 0.0300303 0.00486802 0.00535824 0.00376402
10 0.943158 0.00228128 0.00399353 0.0274781 0.0170593 0.00192055 0.00210803 0.00200158
1 0.0126157 0.00712757 0.924621 0.0103889 0.0326583 0.0039928 0.00490785 0.00368758
-2 0.0255624 0.912084 0.0072833 0.0110493 0.0300303 0.00486802 0.00535824 0.00376402
10 0.943158 0.00228128 0.00399353 0.0274781 0.0170593 0.00192055 0.00210803 0.00200158
-1 0.104318 0.0191539 0.0193592 0.146492 0.668059 0.00980975 0.0211752 0.0116328
-1 0.0318369 0.0233335 0.0227862 0.0586464 0.797901 0.0139916 0.0370647 0.0144395
-1 0.0436622 0.0109861 0.017236 0.0555709 0.838634 0.00805926 0.0184916 0.00735959
10 0.935586 0.00660299 0.00574499 0.0172547 0.0261427 0.00325253 0.00350793 0.00190807
1 0.00934676 0.00582245 0.928761 0.0166295 0.0277688 0.00389734 0.00421817 0.00355608
-2 0.0255624 0.912084 0.0072833 0.0110493 0.0300303 0.00486802 0.00535824 0.00376402
10 0.943158 0.00228128 0.00399353 0.0274781 0.0170593 0.00192055 0.00210803 0.00200158
1 0.0126157 0.00712757 0.924621 0.0103889 0.0326583 0.0039928 0.00490785 0.00368758
-1 0.104318 0.0191539 0.0193592 0.146492 0.668059 0.00980975 0.0211752 0.0116328
-1 0.0318369 0.0233335 0.0227862 0.0586464 0.797901 0.0139916 0.0370647 0.0144395
-1 0.0436622 0.0109861 0.017236 0.0555709 0.838634 0.00805926 0.0184916 0.00735959
-2 0.0306304 0.912252 0.0062764 0.0186036 0.0193143 0.00402389 0.00545563 0.00344384
10 0.868843 0.00286338 0.00647556 0.0446509 0.0695115 0.00214941 0.00374428 0.00176214
1 0.00778346 0.00341326 0.950322 0.0073197 0.0211867 0.00399723 0.00319674 0.00278097
=======
labels 10 1 -2 0 -1 -3 2 -4
10 0.984781 0.00142202 0.00160775 0.00121375 0.00759218 0.00153301 0.000496995 0.00135336
10 0.994939 0.00100158 0.00109806 0.00039133 0.000850523 0.000793007 0.000332242 0.000594286
1 0.00434722 0.972802 0.00165034 0.00918759 0.00283536 0.00470955 0.00269064 0.00177772
-2 0.0131814 0.00461157 0.952222 0.00898641 0.0119673 0.0043272 0.00272634 0.00197793
10 0.968786 0.00387292 0.00180849 0.0102414 0.0111102 0.00308901 0.000224766 0.000867264
1 0.00534028 0.971281 0.00190121 0.00947841 0.00319861 0.00400711 0.00274736 0.0020457
-2 0.013275 0.00516771 0.950483 0.009017 0.0116197 0.00417526 0.00278419 0.00347844
1 0.00497177 0.963012 0.00239146 0.00921044 0.0150308 0.00311137 0.000812531 0.00145969
10 0.976265 0.00456558 0.00134772 0.00282649 0.00966691 0.00294347 0.00129761 0.00108766
10 0.993538 0.00122536 0.00143973 0.000715606 0.001107 0.000888344 0.000290413 0.000795276
10 0.974335 0.003216 0.0010369 0.0111798 0.00240749 0.00472805 0.00198277 0.00111366
10 0.992919 0.00122645 0.00167069 0.00100017 0.00107372 0.00101846 0.000426353 0.000665272
10 0.974588 0.00325589 0.00111226 0.0107591 0.0025707 0.00481836 0.00175525 0.00114084
1 0.00516509 0.969225 0.00188239 0.00969899 0.003168 0.00607451 0.00277711 0.00200913
-2 0.0130863 0.00527863 0.954936 0.00601253 0.0106508 0.00412548 0.00277617 0.0031345
10 0.978419 0.00313263 0.00168886 0.010828 0.00203499 0.00280052 0.00025437 0.000841478
10 0.972794 0.00387955 0.00120859 0.0112115 0.00270696 0.0050596 0.00190501 0.00123514
1 0.00516509 0.969225 0.00188239 0.00969899 0.003168 0.00607451 0.00277711 0.00200913
-2 0.0129712 0.00515132 0.95666 0.00581485 0.00943677 0.0041017 0.00250211 0.0033621
1 0.00473488 0.970977 0.00244041 0.00908151 0.00615658 0.00310915 0.000939744 0.00256073
10 0.98413 0.00371434 0.00122354 0.00241561 0.00387772 0.00302809 0.000687336 0.000922953
10 0.971327 0.00402376 0.00118644 0.0115693 0.00238829 0.00622693 0.00204794 0.00123039
-2 0.0127414 0.00390603 0.954415 0.0049637 0.0141594 0.00385129 0.00244228 0.00352137
0 0.0382581 0.0226122 0.00774661 0.875951 0.034104 0.00903954 0.00452084 0.00776724
10 0.981473 0.00310244 0.00172197 0.00130559 0.00991891 0.00130935 0.00039086 0.00077815
1 0.00482096 0.973104 0.00174266 0.0092141 0.00280344 0.0037237 0.00270669 0.00188477
-2 0.0124857 0.00349148 0.958975 0.00458904 0.0123001 0.00393879 0.00215683 0.00206281
0 0.0368564 0.022732 0.00789505 0.875511 0.0340478 0.00884157 0.00481124 0.0093054
1 0.00815377 0.967679 0.00290257 0.00439863 0.0122708 0.00191915 0.00128731 0.00138911
10 0.975911 0.00359181 0.00137884 0.00327272 0.0104272 0.00298488 0.00135405 0.00107981
10 0.993265 0.00134944 0.00145232 0.000937535 0.000942811 0.000996255 0.000498066 0.000558474
1 0.00469346 0.972498 0.00177217 0.00913993 0.0031098 0.00425091 0.00267083 0.00186469
1 0.0044468 0.965411 0.00270619 0.00605735 0.0151618 0.00338623 0.00162025 0.00120987
-2 0.0128717 0.00507677 0.9581 0.0057027 0.00965255 0.00422673 0.00244286 0.00192704
10 0.979847 0.0029707 0.00142473 0.0107772 0.00147901 0.00251589 0.00025571 0.00072958
1 0.00531944 0.970516 0.00192284 0.00942748 0.00346587 0.00459942 0.00272672 0.00202263
1 0.0044468 0.965411 0.00270619 0.00605735 0.0151618 0.00338623 0.00162025 0.00120987
-2 0.0127995 0.00497863 0.959686 0.0055887 0.00845368 0.00419226 0.0022365 0.00206474
1 0.00478833 0.970281 0.00244809 0.00917039 0.00673869 0.00310655 0.000872549 0.00259488
1 0.00750545 0.978143 0.00101319 0.00437669 0.00411434 0.00236955 0.00141587 0.00106221
10 0.9785 0.0040089 0.00177147 0.00587539 0.00415345 0.00330201 0.00127257 0.00111635
10 0.993538 0.00122536 0.00143973 0.000715606 0.001107 0.000888344 0.000290413 0.000795276
10 0.974335 0.003216 0.0010369 0.0111798 0.00240749 0.00472805 0.00198277 0.00111366
10 0.99531 0.000971347 0.00137965 0.000531296 0.000330401 0.00069454 0.000261793 0.000520981
10 0.976354 0.00305983 0.0010975 0.0105221 0.00254207 0.00361459 0.0016713 0.00113839
1 0.00509769 0.96808 0.00191517 0.00945746 0.00355703 0.00713702 0.00276541 0.00199009
1 0.0044468 0.965411 0.00270619 0.00605735 0.0151618 0.00338623 0.00162025 0.00120987
-2 0.0130863 0.00527863 0.954936 0.00601253 0.0106508 0.00412548 0.00277617 0.0031345
10 0.978419 0.00313263 0.00168886 0.010828 0.00203499 0.00280052 0.00025437 0.000841478
10 0.972268 0.00393214 0.00126147 0.0111766 0.0029784 0.0050974 0.00199632 0.00128968
1 0.00549254 0.969182 0.0020027 0.00920348 0.00348657 0.00575059 0.00278751 0.00209451
1 0.00438413 0.964223 0.002962 0.00527564 0.016562 0.00332991 0.00193645 0.00132643
-2 0.0127995 0.00497863 0.959686 0.0055887 0.00845368 0.00419226 0.0022365 0.00206474
1 0.00478833 0.970281 0.00244809 0.00917039 0.00673869 0.00310655 0.000872549 0.00259488
1 0.0081921 0.964734 0.0011884 0.00882227 0.00992288 0.00308777 0.00191727 0.00213543
10 0.973476 0.0046062 0.00198702 0.00898009 0.00610918 0.00314473 0.000857673 0.000839028
10 0.970768 0.00411369 0.00125377 0.0116053 0.00247348 0.00639887 0.00210608 0.00128127
-2 0.0127414 0.00390603 0.954415 0.0049637 0.0141594 0.00385129 0.00244228 0.00352137
0 0.0382581 0.0226122 0.00774661 0.875951 0.034104 0.00903954 0.00452084 0.00776724
10 0.978838 0.00288278 0.00189305 0.00321272 0.0102642 0.00160015 0.000566574 0.000742079
1 0.00522372 0.972407 0.00186935 0.00918853 0.00308409 0.00354297 0.0027108 0.00197373
1 0.00438413 0.964223 0.002962 0.00527564 0.016562 0.00332991 0.00193645 0.00132643
-2 0.0124857 0.00349148 0.958975 0.00458904 0.0123001 0.00393879 0.00215683 0.00206281
0 0.0372398 0.0218756 0.00776048 0.88003 0.0320442 0.00888811 0.00440498 0.00775706
1 0.00839003 0.959104 0.00279944 0.00820875 0.0151065 0.00225852 0.00146173 0.00267126
1 0.00638622 0.9704 0.0017908 0.00577038 0.0105322 0.00212137 0.0019262 0.00107261
10 0.973985 0.00474535 0.0020617 0.00532986 0.00790067 0.00329842 0.00151367 0.0011654
10 0.995522 0.00109127 0.00117818 0.00049584 0.000296014 0.00067246 0.00032297 0.000421046
1 0.00431281 0.974369 0.00176375 0.00894197 0.00305496 0.00336216 0.00233068 0.00186481
1 0.00557493 0.968568 0.00199828 0.00702826 0.0117407 0.00290329 0.00130227 0.000884646
1 0.00574545 0.976707 0.00235071 0.00529498 0.00406842 0.00303468 0.00155426 0.00124452
-2 0.0128717 0.00507677 0.9581 0.0057027 0.00965255 0.00422673 0.00244286 0.00192704
10 0.979847 0.0029707 0.00142473 0.0107772 0.00147901 0.00251589 0.00025571 0.00072958
1 0.00530673 0.969818 0.00201622 0.00964205 0.00383732 0.00453412 0.00274804 0.00209755
1 0.00377774 0.966875 0.00237608 0.00642475 0.0155549 0.00261087 0.00143799 0.000943122
1 0.00636461 0.974133 0.00268062 0.00473011 0.00581583 0.0030305 0.00186958 0.00137535
-2 0.0127995 0.00497863 0.959686 0.0055887 0.00845368 0.00419226 0.0022365 0.00206474
1 0.00464186 0.971747 0.00240808 0.00910701 0.00644691 0.00308896 0.00086979 0.00169017
1 0.00733901 0.970632 0.0010697 0.00753321 0.00677347 0.00303486 0.0016693 0.00194852
1 0.0062064 0.974993 0.00227456 0.00616228 0.00534896 0.00241451 0.00155792 0.00104236
10 0.973985 0.00474535 0.0020617 0.00532986 0.00790067 0.00329842 0.00151367 0.0011654
10 0.993538 0.00122536 0.00143973 0.000715606 0.001107 0.000888344 0.000290413 0.000795276
10 0.974335 0.003216 0.0010369 0.0111798 0.00240749 0.00472805 0.00198277 0.00111366
10 0.99531 0.000971347 0.00137965 0.000531296 0.000330401 0.00069454 0.000261793 0.000520981
10 0.976354 0.00305983 0.0010975 0.0105221 0.00254207 0.00361459 0.0016713 0.00113839
1 0.0050666 0.967346 0.00200647 0.00967878 0.00401496 0.00704475 0.00278422 0.00205847
1 0.00377774 0.966875 0.00237608 0.00642475 0.0155549 0.00261087 0.00143799 0.000943122
1 0.00636461 0.974133 0.00268062 0.00473011 0.00581583 0.0030305 0.00186958 0.00137535
-2 0.0130863 0.00527863 0.954936 0.00601253 0.0106508 0.00412548 0.00277617 0.0031345
10 0.979999 0.00306522 0.00153888 0.0107615 0.00110301 0.00264692 0.000217072 0.000668602
10 0.974752 0.00360431 0.0011908 0.0109623 0.00266272 0.00378698 0.00180943 0.0012312
1 0.0050666 0.967346 0.00200647 0.00967878 0.00401496 0.00704475 0.00278422 0.00205847
1 0.00377774 0.966875 0.00237608 0.00642475 0.0155549 0.00261087 0.00143799 0.000943122
1 0.00636461 0.974133 0.00268062 0.00473011 0.00581583 0.0030305 0.00186958 0.00137535
-2 0.0127995 0.00497863 0.959686 0.0055887 0.00845368 0.00419226 0.0022365 0.00206474
1 0.00433772 0.976424 0.00214359 0.00876846 0.00311428 0.00300205 0.000772438 0.00143768
1 0.00775098 0.978896 0.00098672 0.00462966 0.00148797 0.0026082 0.00153929 0.00210152
1 0.00678974 0.968647 0.00202387 0.00966897 0.00570491 0.0033121 0.00189122 0.00196217
10 0.973476 0.0046062 0.00198702 0.00898009 0.00610918 0.00314473 0.000857673 0.000839028
