labels 1 0 9
1 0.781709 0.113468 0.104824
1 0.781709 0.113468 0.104824
0 0.160142 0.600511 0.239347
1 0.783456 0.112907 0.103637
1 0.783456 0.112907 0.103637
0 0.160144 0.600511 0.239346
0 0.16006 0.600659 0.239281
0 0.11922 0.880707 7.31864e-05
0 0.1602 0.600399 0.239401
1 0.782574 0.113308 0.104118
1 0.784111 0.112959 0.10293
1 0.784111 0.112959 0.10293
1 0.785171 0.1127 0.10213
